	0	1	2	3	4	5	6	7	8	9	10	11	12	13	14	15	16	17	18	19	20	21	22	23	24	25	26	27	28	29	30	31	32	33	34	35	36	37	38	39	40	41	42	43	44	45	46	47	48	49	50	51	52	53	54	55	56	57	58	59	60	61	62	63	64	65	66	67	68	69	70	71	72	73	74	75	76	77	78	79	80	81	82	83	84	85	86	87	88	89	90	91	92	93	94	95	96	97	98	99	100	101	102	103	104	105	106	107	108	109	110	111	112	113	114	115	116	117	118	119	120	121	122	123	124	125	126	127	128	129	130	131	132	133	134	135	136	137	138	139	140	141	142	143	144	145	146	147	148	149	150	151	152	153	154	155	156	157	158	159	160	161	162	163	164	165	166	167	168	169	170	171	172	173	174	175	176	177	178	179	180	181	182	183	184	185	186	187	188	189	190	191	192	193	194	195	196	197	198	199	200	201	202	203	204	205	206	207	208	209	210	211	212	213	214	215	216	217	218	219	220	221	222	223	224	225	226	227	228	229	230	231	232	233	234	235	236	237	238	239	240	241	242	243	244	245	246	247	248	249	250	251	252	253	254	255	256	257	258	259	260	261	262	263	264	265	266	267	268	269	270	271	272	273	274	275	276	277	278	279	280	281	282	283	284	285	286	287	288	289	290	291	292	293	294	295	296	297	298	299	300	301	302	303	304	305	306	307	308	309	310	311	312	313	314	315	316	317	318	319	320	321	322	323	324	325	326	327	328	329	330	331	332	333	334	335	336	337	338	339	340	341	342	343	344	345	346	347	348	349	350	351	352	353	354	355	356	357	358	359	360	361	362	363	364	365	366	367	368	369	370	371	372	373	374	375	376	377	378	379	380	381	382	383	384	385	386	387	388	389	390	391	392	393	394	395	396	397	398	399	400	401	402	403	404	405	406	407	408	409	410	411	412	413	414	415	416	417	418	419	420	421	422	423	424	425	426	427	428	429	430	431	432	433	434	435	436	437	438	439	440	441	442	443	444	445	446	447	448	449	450	451	452	453	454	455	456	457	458	459	460	461	462	463	464	465	466	467	468	469	470	471	472	473	474	475	476	477	478	479	480	481	482	483	484	485	486	487	488	489	490	491	492	493	494	495	496	497	498	499	500	501	502	503	504	505	506	507	508	509	510	511	512	513	514	515	516	517	518	519	520	521	522	523	524	525	526	527	528	529	530	531	532	533	534	535	536	537	538	539	540	541	542	543	544	545	546	547	548	549	550	551	552	553	554	555	556	557	558	559	560	561	562	563	564	565	566	567	568	569	570	571	572	573	574	575	576	577	578	579	580	581	582	583	584	585	586	587	588	589	590	591	592	593	594	595	596	597	598	599	600	601	602	603	604	605	606	607	608	609	610	611	612	613	614	615	616	617	618	619	620	621	622	623	624	625	626	627	628	629	630	631	632	633	634	635	636	637	638	639	640	641	642	643	644	645	646	647	648	649	650	651	652	653	654	655	656	657	658	659	660	661	662	663	664	665	666	667	668	669	670	671
0	141	141	140	140	140	140	141	141	140	139	139	138	138	138	138	139	139	137	138	142	132	121	115	99	104	103	105	107	106	102	101	102	121	117	116	117	103	93	82	88	88	90	94	98	102	105	107	108	106	97	96	111	151	148	143	151	157	105	108	108	118	113	115	116	116	118	119	120	120	119	119	119	122	121	121	122	124	125	125	125	125	128	125	128	128	127	130	128	127	129	128	124	124	128	129	126	123	124	125	123	120	117	116	115	111	110	108	108	108	108	108	107	107	108	104	111	108	115	116	122	122	126	125	130	133	133	139	139	137	137	136	136	136	138	139	140	140	139	139	141	142	142	143	144	141	143	147	140	145	144	146	142	146	145	144	142	142	143	145	147	147	146	145	145	146	148	148	148	150	150	149	149	149	149	149	150	155	148	154	148	158	147	153	153	140	174	211	221	222	183	119	152	160	160	159	156	157	160	161	159	160	156	161	164	159	161	164	159	160	160	161	162	163	162	161	162	161	161	161	161	161	161	160	159	160	160	159	158	158	158	158	159	158	159	159	157	153	151	151	152	149	147	146	147	145	142	137	135	130	128	125	123	122	120	119	117	116	115	116	118	118	119	120	123	123	134	135	145	144	148	150	149	151	148	148	151	152	149	149	151	152	150	154	152	152	153	148	150	154	153	152	151	150	150	149	148	149	145	143	143	143	139	139	141	138	145	139	129	129	131	134	127	129	129	129	123	122	123	117	113	109	106	107	100	127	110	106	88	78	80	82	84	84	85	85	84	85	84	84	83	83	81	80	80	81	79	78	78	77	73	72	73	75	73	76	73	73	74	70	71	76	66	73	55	73	89	138	153	156	150	173	192	199	205	201	203	205	207	207	204	203	205	206	204	209	208	209	204	207	203	189	196	190	196	199	199	195	202	210	201	208	186	177	176	175	192	209	205	208	210	214	212	201	185	175	173	153	134	22	5	178	215	254	196	122	118	125	115	96	86	78	75	73	73	74	78	82	90	105	122	126	131	140	149	159	166	171	172	184	188	189	177	181	184	173	180	181	168	181	170	178	184	175	180	178	178	177	177	177	177	177	177	176	177	179	179	176	174	174	175	176	178	173	175	170	177	173	172	175	176	177	179	179	179	176	175	176	175	174	175	176	176	176	176	174	176	177	175	174	176	177	176	176	169	166	178	181	171	177	181	190	187	189	184	184	174	174	172	177	177	176	175	174	174	173	173	174	174	174	175	175	174	172	171	172	172	171	170	169	168	166	166	166	166	166	166	165	165	165	164	166	163	163	165	166	164	164	165	164	164	163	162	162	161	161	161	163	162	160	158	157	157	158	158	159	158	158	159	159	159	158	157	157	159	159	158	157	158	156	154	158	157	157	157	157	157	157	156	153	153	154	155	154	153	152	152	154	153	152	151	151	151	151	151	147	146	146	145	145	144	144	144	145	146	145	141	139	141	142	141	140	139	139	140	141	140	137	135	141	136	135	138	136	130	128	131	132	130	132	134	134	130	127	126	131	126	121	118	115	112	111	114
1	144	144	144	143	143	143	143	143	140	140	140	139	139	139	139	139	138	137	138	142	134	123	116	101	105	104	105	107	106	103	102	103	120	120	116	114	101	95	85	87	89	91	95	99	102	105	107	107	101	113	98	109	160	159	139	144	158	108	109	108	117	113	116	117	119	119	119	118	118	119	121	123	122	122	123	124	124	124	124	124	125	127	124	127	127	125	128	126	127	127	128	129	129	128	127	127	124	124	124	123	121	119	116	115	112	111	109	108	108	109	109	109	112	112	110	113	112	115	116	121	119	125	127	134	137	135	137	134	137	137	137	137	138	139	141	141	140	142	142	140	140	142	142	139	143	141	145	142	146	142	145	144	145	146	148	149	149	147	146	145	148	147	146	147	148	149	149	149	151	150	150	150	149	149	150	150	150	148	156	149	158	149	153	149	120	178	229	238	236	188	117	153	160	161	160	157	157	159	160	159	161	157	161	163	160	161	164	160	163	162	162	163	163	162	162	163	164	164	164	165	165	165	164	163	163	162	162	161	160	160	160	160	161	158	155	155	156	156	153	150	150	146	144	145	144	143	141	141	134	130	125	121	120	119	119	118	115	112	117	114	120	115	121	121	124	135	136	146	145	149	151	150	152	153	153	153	152	153	152	151	153	151	156	155	155	158	154	156	157	156	156	157	157	158	157	157	152	151	152	153	152	148	142	141	148	141	141	137	127	125	135	144	135	131	130	127	126	122	117	116	108	107	103	104	122	115	105	90	80	82	84	86	87	88	88	87	90	89	87	86	83	82	80	79	80	78	78	80	80	78	78	80	81	78	81	79	78	80	76	78	74	77	69	64	80	121	142	140	153	159	187	200	197	198	199	206	203	205	206	204	204	206	207	206	207	206	208	204	207	203	191	197	191	198	194	198	199	198	203	199	181	170	167	172	182	197	204	201	205	207	211	210	199	183	174	172	152	128	27	3	186	201	252	193	124	130	143	138	133	135	132	132	143	145	149	149	148	148	147	148	149	143	138	137	135	132	133	136	134	132	136	137	137	140	141	144	148	144	158	151	157	162	166	176	180	182	186	190	194	196	198	199	196	191	185	182	181	181	181	180	173	177	178	178	174	178	179	182	178	177	174	174	175	176	178	179	177	178	178	176	174	175	178	181	172	172	176	177	176	177	178	173	178	178	175	171	170	178	191	192	188	184	184	178	179	173	176	177	177	177	176	176	176	176	176	176	176	176	176	176	176	175	174	173	173	172	172	171	170	170	169	169	169	170	170	169	169	169	168	168	166	164	164	166	166	165	164	165	165	164	163	162	162	161	162	162	162	162	161	161	160	160	160	160	163	161	159	158	158	158	159	159	158	159	160	159	158	158	157	155	157	157	156	157	157	157	157	156	158	156	155	153	152	152	152	153	151	151	150	150	151	152	152	152	149	149	148	148	147	147	147	147	143	145	144	141	140	141	142	141	140	139	139	139	140	139	138	136	136	134	134	137	137	134	132	133	136	133	130	130	129	126	125	126	120	118	117	118	116	114	113	114
2	142	142	141	141	140	140	140	140	141	141	141	141	141	140	140	140	138	138	138	142	136	125	118	103	105	105	106	107	106	104	103	104	118	124	116	110	99	97	88	87	91	93	96	99	102	105	106	107	102	109	93	113	148	158	149	144	155	112	111	109	117	114	117	118	119	119	119	119	119	121	123	124	122	124	125	125	125	124	124	125	130	132	129	131	131	129	132	130	130	127	127	131	131	127	127	130	126	125	123	123	123	121	118	115	114	113	111	109	109	110	111	111	111	110	112	112	116	115	120	122	123	128	127	132	134	134	139	137	137	137	138	139	140	141	142	142	137	141	142	138	139	144	144	140	146	141	144	143	148	141	144	146	145	144	145	144	144	144	145	145	148	147	147	148	149	150	150	150	151	151	151	150	150	150	150	150	150	151	157	148	156	152	155	148	116	173	218	227	234	190	114	147	159	161	160	158	157	158	159	160	162	159	162	163	161	162	164	162	165	164	164	165	164	163	163	165	164	164	164	165	166	166	166	165	164	164	163	163	162	161	160	160	160	157	155	155	157	157	154	151	153	150	147	146	145	144	141	140	136	132	126	122	120	118	118	117	115	110	118	111	121	113	122	121	125	135	137	147	146	150	152	152	152	157	158	155	154	157	157	155	158	156	159	157	156	159	155	157	160	160	160	160	160	159	158	156	155	153	152	152	152	151	151	152	151	145	147	144	142	138	129	143	141	136	133	134	130	123	119	119	107	108	98	109	119	120	106	92	83	85	88	90	90	92	91	91	90	89	88	87	87	86	85	84	84	83	82	83	83	81	81	82	83	81	83	80	80	82	78	81	78	88	70	65	91	150	161	146	152	161	184	196	199	202	198	197	201	203	204	203	204	206	207	207	206	206	207	205	207	203	194	197	192	200	191	199	203	195	201	196	175	169	167	177	192	203	206	205	202	205	208	207	196	182	173	172	146	121	26	3	184	184	243	188	141	154	166	161	164	172	169	170	168	171	171	167	164	164	157	151	142	137	136	135	126	108	96	92	87	77	77	84	81	87	104	106	119	123	133	132	137	139	149	155	165	169	173	177	179	177	174	172	178	176	174	172	173	175	176	176	182	178	176	175	181	180	177	170	182	182	182	183	183	182	180	179	179	180	180	180	179	178	177	177	181	177	179	182	180	184	187	181	173	173	177	173	170	185	191	187	189	184	183	176	178	172	177	177	178	178	178	177	177	176	176	176	176	176	175	175	175	174	172	171	173	173	173	172	172	172	173	173	173	173	173	173	173	172	171	171	168	166	166	167	168	166	165	165	165	164	163	162	162	162	162	162	161	162	163	164	164	164	163	162	165	163	160	159	158	159	159	159	159	160	160	159	159	159	158	156	156	156	156	156	157	157	156	156	156	155	153	152	152	153	155	156	153	152	151	151	151	150	149	148	146	146	145	144	144	143	144	144	142	143	143	142	141	142	142	142	140	140	140	139	139	138	138	137	139	138	137	136	136	135	134	132	135	133	132	132	129	124	120	118	113	113	114	115	115	114	114	114
3	145	144	144	143	143	142	142	142	141	141	142	142	142	141	140	140	138	140	138	142	138	127	119	106	104	104	106	106	106	105	104	105	118	126	115	109	100	96	88	88	91	93	96	100	103	105	107	107	108	107	91	123	143	154	151	148	146	113	111	112	118	116	118	119	117	119	121	122	122	122	122	123	123	125	126	126	124	124	126	128	128	130	127	130	130	128	131	129	133	130	128	129	128	127	129	132	126	125	124	124	123	121	119	117	117	115	112	111	111	112	113	113	111	109	114	112	119	115	122	123	127	130	128	132	133	134	140	139	137	138	139	140	141	142	142	142	137	140	141	140	141	144	145	143	147	143	145	143	148	143	146	147	149	148	147	146	146	147	149	151	148	148	148	149	150	151	150	150	151	151	151	151	151	151	151	152	154	153	156	149	155	152	156	153	133	168	204	216	226	191	123	150	157	159	160	159	158	158	160	162	162	162	162	163	162	163	164	164	167	165	165	165	165	165	165	167	164	164	164	165	166	166	165	164	164	164	164	163	162	161	159	159	157	158	159	157	155	154	154	155	152	151	150	150	148	146	141	137	134	132	128	125	123	120	117	115	116	112	118	113	121	115	122	122	125	135	137	148	147	151	154	153	153	157	159	158	157	159	161	161	163	160	162	159	159	161	157	160	160	160	159	159	159	158	156	154	155	153	151	151	151	153	154	155	151	154	154	157	179	182	137	130	142	142	139	138	134	125	121	117	109	108	98	111	119	122	108	92	86	88	90	92	92	94	93	93	92	92	91	90	90	90	89	88	87	86	86	85	85	83	83	83	83	80	83	80	79	82	79	81	77	82	74	61	103	147	164	149	144	167	193	199	193	191	194	198	198	199	200	201	202	203	205	205	207	207	207	206	206	203	197	196	194	199	192	203	203	197	206	193	171	160	167	185	194	197	200	201	202	204	207	205	195	181	173	172	145	124	30	11	177	182	239	190	150	162	170	164	167	170	162	165	165	165	162	157	155	153	148	144	148	143	140	139	136	132	130	131	134	138	142	157	157	155	164	158	153	155	152	149	150	139	142	132	124	123	122	120	117	114	112	111	111	121	134	143	148	154	159	163	175	181	194	193	198	195	203	206	195	195	196	196	194	190	186	183	183	181	179	180	183	183	180	177	183	177	179	182	180	183	184	177	178	169	177	187	186	194	187	183	183	181	183	177	179	174	177	176	177	177	177	177	178	178	178	178	178	177	175	175	174	173	172	171	174	174	173	173	173	174	175	175	175	175	175	175	174	173	171	171	169	169	168	169	169	168	166	166	166	166	164	163	163	163	163	164	163	164	165	166	166	165	165	164	163	163	162	162	161	160	159	157	160	161	161	159	159	159	159	157	156	156	156	157	157	157	156	156	153	153	153	153	154	154	154	154	154	153	152	152	151	149	147	145	148	148	147	146	145	145	145	146	142	143	143	143	142	141	141	141	140	140	140	139	138	137	138	138	140	140	137	133	132	134	134	132	133	132	131	130	127	122	117	114	115	114	114	113	113	114	115	116
4	145	145	144	143	143	142	142	142	141	142	142	142	142	141	140	140	139	142	139	142	141	130	119	108	102	104	106	106	106	106	106	105	117	128	114	112	103	93	87	90	91	93	96	100	104	106	108	108	102	114	91	119	150	161	140	144	133	112	112	115	120	119	119	118	117	119	121	122	122	122	123	123	124	125	126	125	124	125	128	130	127	130	127	129	130	128	131	129	132	132	131	127	127	129	130	129	126	127	127	125	123	121	120	120	119	117	114	113	113	114	114	115	116	113	118	115	120	116	121	122	124	129	131	137	139	136	138	135	138	139	140	141	142	142	142	141	145	142	142	145	145	142	142	144	146	146	149	143	147	146	150	147	145	146	149	152	152	150	149	148	148	148	148	149	150	151	150	150	150	150	151	151	151	152	152	153	156	152	153	151	155	151	154	155	138	160	204	223	217	182	128	155	158	159	160	160	159	159	161	163	163	164	163	163	164	165	164	166	167	166	165	166	167	166	167	169	167	167	167	168	168	168	167	166	165	165	164	164	162	161	160	159	158	159	159	158	156	155	156	157	150	150	150	150	149	149	145	141	135	132	129	126	124	121	119	117	116	115	116	116	118	118	121	123	124	135	137	148	147	152	155	154	155	156	158	161	160	158	160	164	164	161	164	162	163	166	164	167	160	160	160	161	161	162	161	160	158	158	159	159	159	157	154	152	154	150	166	195	221	228	165	122	140	148	144	141	136	129	126	115	112	106	102	109	122	120	111	90	87	89	92	94	94	95	94	94	97	96	95	93	92	91	89	88	86	87	87	86	86	87	87	86	86	83	86	83	82	85	82	85	85	82	88	88	133	147	160	153	155	180	199	200	193	189	192	195	196	197	197	198	199	199	200	202	205	205	204	204	203	200	199	195	196	196	196	205	197	199	210	186	169	156	175	204	204	199	204	203	204	205	208	206	195	180	173	172	139	118	35	16	166	178	232	185	162	168	175	172	176	176	168	174	174	172	171	170	163	152	146	145	134	136	137	136	135	136	135	131	140	151	143	145	152	152	160	160	156	158	150	147	149	136	138	123	107	104	98	94	94	97	102	105	115	125	136	142	145	148	150	150	158	159	166	161	163	158	163	165	167	165	162	162	165	170	175	178	182	182	182	184	188	190	190	190	192	189	192	195	191	188	185	177	183	176	179	195	193	195	187	187	179	179	183	179	182	178	180	179	175	175	176	176	177	178	178	179	177	176	175	175	175	175	174	173	174	174	173	173	173	174	175	176	177	177	176	175	174	173	171	170	171	171	170	170	170	170	169	167	168	167	166	165	165	165	165	165	165	165	165	165	165	165	165	165	163	162	162	162	162	161	160	159	160	161	161	160	159	160	159	158	157	157	157	158	158	158	157	156	157	156	155	154	153	151	151	150	152	152	151	151	151	151	149	148	148	147	146	145	145	145	145	145	143	143	144	144	142	140	140	140	141	140	140	139	137	137	138	139	134	136	134	131	130	133	133	129	132	129	124	119	117	118	119	119	118	118	117	115	115	115	115	115
5	143	143	142	141	141	141	141	141	142	142	142	142	142	141	141	141	139	144	139	142	144	132	120	110	101	104	107	107	107	107	107	105	116	131	117	115	107	93	87	91	92	94	97	101	104	107	108	109	102	107	93	113	146	178	158	149	124	113	112	116	121	120	120	119	120	120	120	120	120	122	124	125	125	125	126	125	125	126	128	130	129	132	129	132	132	130	134	132	129	132	133	130	129	132	130	126	126	128	128	126	124	122	122	122	120	118	116	115	115	115	116	116	115	114	116	116	119	118	121	123	126	131	131	136	138	136	140	138	139	140	141	142	142	142	142	142	147	142	143	147	148	144	144	149	146	148	151	144	148	148	152	147	146	146	147	148	148	148	149	149	150	149	149	149	150	150	150	150	151	151	151	151	151	152	152	153	152	149	150	153	155	150	149	152	140	151	199	222	208	175	128	155	160	160	161	161	160	159	160	163	163	166	164	163	167	166	164	167	168	166	167	168	168	168	168	170	169	169	168	169	169	169	168	166	167	166	166	165	164	163	162	161	163	160	158	158	160	161	158	156	155	154	152	149	148	149	147	144	138	134	129	125	123	122	122	121	117	116	115	117	116	118	120	123	124	135	137	149	148	153	156	155	157	155	156	160	160	156	157	162	164	161	164	161	161	164	161	164	162	161	161	160	161	161	162	162	162	162	162	161	161	162	161	159	157	136	178	240	245	242	181	112	140	152	146	143	137	130	129	114	115	105	105	108	125	119	114	89	88	90	93	95	95	96	96	96	98	97	96	95	94	94	92	91	90	90	90	88	88	88	87	86	88	86	89	86	86	89	85	88	82	71	83	110	142	142	147	154	174	191	194	195	197	195	194	191	196	195	196	197	197	196	197	199	201	201	199	201	199	197	201	194	197	194	200	202	192	198	204	181	169	159	175	198	196	191	198	201	205	206	208	206	195	181	172	172	136	108	43	22	158	170	220	171	158	160	167	167	169	169	163	168	161	159	159	160	155	145	143	146	147	148	141	131	129	135	137	135	125	139	136	133	138	134	128	127	131	136	134	134	142	141	153	147	159	160	161	163	165	166	167	168	166	164	160	155	152	151	146	139	129	115	102	96	99	95	88	80	82	84	90	102	118	135	150	159	170	177	186	191	190	188	188	190	190	190	188	186	185	183	183	185	171	185	183	195	187	188	184	184	183	182	185	179	181	178	181	179	181	180	180	179	178	177	176	176	176	176	176	176	176	176	176	175	175	175	174	174	175	175	176	176	179	178	177	175	174	173	172	171	172	173	172	171	171	172	171	170	170	169	169	168	168	167	167	167	167	167	166	165	165	165	166	166	165	163	161	160	160	161	162	162	162	163	162	160	160	161	160	159	159	159	159	159	159	159	157	156	158	157	154	152	151	151	152	153	154	153	152	151	151	150	149	148	145	145	144	144	143	143	142	142	144	144	144	144	142	139	138	139	141	140	139	138	138	138	138	138	133	135	136	134	133	132	128	123	122	121	118	116	116	118	119	119	117	119	119	119	118	117	116	114
6	147	147	146	146	146	146	146	146	144	143	143	143	142	142	142	142	139	144	139	142	146	134	122	113	103	106	109	109	109	109	107	105	113	137	123	119	110	96	90	90	93	95	98	101	104	107	108	108	113	103	103	116	139	180	168	154	122	117	112	116	118	119	121	120	122	122	122	121	121	122	124	125	125	125	126	126	127	127	128	128	127	129	126	129	129	127	131	129	129	131	132	133	133	132	130	129	128	128	128	126	125	124	123	123	120	119	117	116	116	116	116	116	113	114	113	118	117	120	121	125	130	133	130	134	136	136	142	142	140	141	141	142	143	144	144	144	145	143	144	147	149	147	148	151	149	148	151	147	152	149	152	149	154	152	151	149	149	150	153	155	152	151	150	150	150	151	151	150	151	151	151	151	151	151	151	151	150	150	150	151	152	151	150	150	147	155	194	214	210	181	133	157	161	160	160	162	162	161	161	163	163	167	165	164	169	167	164	168	169	168	169	170	170	169	169	170	168	168	168	169	169	169	168	167	168	167	167	166	165	164	164	163	166	163	161	161	163	164	161	158	159	158	155	151	149	150	147	143	139	136	130	126	124	123	123	122	120	117	119	116	119	117	121	123	125	136	138	150	149	155	157	157	158	158	159	160	160	160	160	161	164	162	164	161	160	162	159	161	164	163	162	160	160	160	159	159	163	163	161	159	161	165	168	168	161	138	172	241	238	226	176	116	143	154	146	146	138	128	129	116	116	104	105	109	125	120	116	88	89	91	94	96	97	99	99	99	96	95	95	96	97	97	96	96	94	95	94	91	89	89	88	86	89	87	90	88	88	90	87	89	83	73	93	133	149	143	150	169	183	201	200	197	193	188	194	198	196	195	196	197	197	195	196	199	200	200	196	199	196	196	203	194	197	196	201	197	193	197	190	183	184	184	186	191	196	195	197	206	204	206	208	206	195	180	172	171	143	106	52	43	153	168	200	155	126	126	133	129	127	131	127	125	129	129	129	131	132	133	137	141	133	139	143	145	145	144	140	134	137	135	132	125	125	127	125	130	125	128	129	126	135	141	156	157	160	164	169	174	176	174	170	168	168	165	159	153	153	154	150	144	137	137	134	136	132	133	135	140	145	145	147	150	151	152	151	150	146	149	152	151	147	144	142	143	139	144	142	141	148	150	156	171	182	212	200	210	201	198	196	195	198	198	200	193	195	192	195	192	185	185	184	183	182	180	180	179	182	182	181	181	181	180	178	177	176	176	176	177	177	178	178	178	178	177	175	174	173	172	172	172	174	174	173	171	171	173	174	172	171	171	171	171	170	170	169	168	167	167	166	166	166	166	166	167	166	164	162	161	161	162	163	163	161	162	162	160	159	160	160	159	159	159	159	159	159	158	156	154	156	156	154	153	153	154	155	156	155	154	152	150	149	148	147	146	148	148	149	149	148	147	146	145	145	144	144	144	142	139	138	139	141	140	139	138	139	139	138	137	136	137	136	135	132	128	123	120	116	118	119	118	119	120	118	115	116	118	119	117	117	117	116	114
7	145	145	145	145	145	145	145	145	145	145	144	143	143	143	143	144	138	144	139	142	147	136	123	115	104	108	111	111	110	110	107	104	111	142	128	120	111	99	92	89	94	96	99	102	104	106	107	108	109	106	107	110	134	155	130	138	122	120	113	115	116	118	121	121	121	122	124	124	124	124	123	124	125	125	126	127	128	128	127	125	130	133	129	132	132	130	133	131	132	130	130	133	134	131	131	134	130	128	126	126	126	125	124	122	120	119	117	117	117	117	117	116	118	119	116	122	117	122	121	125	126	131	132	138	140	138	141	139	141	141	142	143	144	145	146	146	146	148	148	147	147	148	148	147	151	147	151	150	155	148	150	151	150	150	151	151	150	149	149	149	154	152	151	150	150	151	151	151	152	152	151	151	150	150	150	150	151	153	150	148	147	152	152	151	139	157	193	208	210	182	129	156	161	159	159	162	164	163	163	165	162	168	165	164	170	168	164	168	171	170	170	172	172	170	169	170	169	169	169	170	170	171	170	169	168	167	166	165	164	164	164	164	165	166	167	165	163	162	162	163	155	157	156	155	154	154	150	145	138	136	132	129	127	124	122	120	123	118	123	115	124	116	124	124	125	137	139	150	150	156	159	158	157	160	160	159	160	164	164	161	163	160	164	162	162	165	162	164	162	161	159	159	159	161	162	162	160	164	165	165	166	167	166	163	166	152	156	207	216	210	170	138	147	154	145	146	140	126	126	117	116	105	103	111	124	122	116	89	89	91	95	97	99	101	102	102	99	98	97	97	96	96	96	95	93	94	94	92	92	93	93	91	89	88	91	90	90	92	88	90	79	75	109	147	156	137	150	171	203	210	197	194	198	193	193	191	197	196	196	198	198	196	197	199	202	201	197	200	195	195	204	194	196	197	201	192	198	197	179	189	181	196	190	184	199	199	190	200	202	204	207	205	194	180	171	170	142	102	47	56	138	163	173	135	109	109	118	112	107	116	114	107	108	113	116	115	120	127	131	130	134	133	132	131	129	126	124	124	121	110	121	123	118	123	123	125	132	130	132	128	141	151	163	163	163	164	166	168	171	173	175	176	169	172	172	169	167	169	167	163	168	171	171	178	173	176	173	179	172	172	170	167	162	155	147	142	125	112	94	82	78	80	82	83	87	103	108	115	130	133	138	157	170	197	171	184	178	170	171	173	171	173	178	173	178	175	178	175	179	180	181	183	184	186	187	188	190	190	189	188	186	183	180	178	176	177	178	179	179	180	180	180	176	175	173	172	171	171	172	172	174	175	173	171	171	174	175	173	172	172	173	173	172	171	170	169	167	167	167	167	167	167	167	167	165	164	164	164	164	164	162	161	163	164	163	161	160	161	161	160	160	160	160	160	160	158	156	154	157	157	157	157	156	155	153	152	152	151	150	149	149	149	149	148	146	147	147	148	147	146	144	143	145	144	143	143	142	139	138	140	142	140	138	138	139	140	138	136	135	132	130	129	127	124	121	121	122	122	120	117	117	119	119	117	117	118	117	114	113	115	116	115
8	147	145	143	144	147	147	146	144	144	145	145	144	143	143	143	144	142	141	142	144	145	140	127	116	102	108	110	106	113	107	110	107	109	142	134	121	115	117	88	92	95	96	97	99	103	108	111	111	108	111	106	110	126	148	139	138	126	115	116	120	115	115	123	120	120	120	122	125	126	125	125	128	125	126	127	128	128	128	128	129	132	133	132	130	130	132	132	131	133	133	133	132	132	132	132	132	131	130	129	128	127	126	124	123	122	123	117	118	118	116	119	116	120	118	118	121	121	120	122	127	128	135	133	136	138	137	141	144	143	144	144	144	144	145	145	145	149	148	146	147	149	150	150	150	150	150	149	150	151	152	152	152	150	153	154	150	149	153	153	150	152	152	152	151	151	151	150	150	153	152	152	151	151	151	151	151	151	152	151	149	150	152	152	151	139	153	197	208	212	178	135	152	160	161	162	163	163	162	162	162	165	166	166	167	167	168	168	169	170	170	170	170	169	169	169	169	171	170	169	168	168	167	167	167	165	165	166	167	167	167	166	166	164	165	166	167	167	166	165	165	162	161	157	154	152	153	151	148	143	140	136	131	128	125	124	123	122	119	123	121	119	121	121	127	128	140	142	153	154	160	162	161	159	161	164	166	166	165	165	164	165	165	164	164	164	164	165	165	160	163	165	164	163	164	165	163	162	163	165	165	165	166	167	167	157	159	175	189	201	197	153	152	151	151	150	142	139	132	121	118	120	100	109	112	125	128	119	89	86	96	96	96	102	103	98	100	99	99	99	99	98	97	95	95	95	95	95	95	95	94	94	93	89	93	95	92	88	89	91	91	95	71	121	141	152	148	155	181	207	205	202	199	198	197	196	196	199	196	194	196	197	197	198	200	200	200	200	199	198	196	195	195	198	195	198	193	198	193	196	193	190	191	193	194	194	195	197	198	200	200	203	203	195	181	171	169	130	105	55	57	154	153	187	133	120	123	129	128	127	125	124	125	120	120	120	120	119	119	118	117	117	114	113	112	110	106	105	106	105	108	104	108	106	115	114	115	122	126	123	127	134	154	175	166	169	182	190	188	187	193	193	188	193	192	189	186	182	179	176	175	174	177	175	180	174	178	173	175	174	169	169	163	160	160	155	157	154	156	162	159	166	164	168	163	168	168	164	158	157	157	150	141	149	119	128	123	113	119	110	111	110	114	111	123	146	148	146	158	159	168	181	192	197	198	197	196	191	196	191	188	180	186	181	177	178	181	183	182	183	184	183	180	179	180	180	177	173	172	173	175	174	171	171	173	173	171	169	169	173	172	170	170	170	170	169	168	168	167	168	170	170	168	168	169	168	164	162	163	164	163	162	162	164	164	163	162	163	164	162	158	161	160	159	158	157	157	158	158	158	158	157	157	157	156	154	153	151	151	151	151	150	149	149	148	149	150	150	149	148	147	147	148	146	146	146	145	143	141	140	139	141	139	138	138	139	139	137	135	131	129	126	123	122	121	120	119	120	121	121	121	119	118	118	117	120	120	120	118	116	115	116	117
9	144	146	148	147	144	144	145	147	142	142	143	143	142	141	141	141	142	141	141	143	145	141	129	117	104	108	111	107	113	107	109	105	108	135	133	130	123	116	84	91	95	97	98	100	104	109	112	112	109	113	106	111	124	149	139	138	131	123	117	123	120	121	123	121	124	123	124	125	125	123	123	125	126	127	128	128	128	128	128	128	131	133	133	131	131	133	133	131	132	133	133	133	133	133	133	133	132	131	130	129	128	127	125	124	122	123	118	120	120	117	120	118	121	119	119	122	122	121	124	128	129	135	133	136	140	138	141	143	143	143	144	144	145	146	146	147	149	148	148	148	149	150	151	151	151	150	150	150	151	152	152	152	154	150	151	154	153	150	150	154	151	151	151	151	151	151	151	151	152	152	152	151	151	152	152	152	151	152	152	150	151	153	153	152	142	152	199	220	227	185	126	157	163	162	161	160	160	162	165	167	164	165	165	166	167	168	169	169	170	170	170	170	170	170	170	170	170	170	169	169	169	169	169	169	167	167	167	167	167	166	166	166	168	168	168	167	166	164	163	162	159	160	159	157	155	155	151	146	143	140	136	133	130	127	126	125	122	120	123	121	121	123	123	129	129	141	143	155	155	161	164	163	162	164	166	167	167	166	166	166	168	167	167	167	166	167	167	167	162	164	166	165	164	165	165	165	164	165	165	166	167	167	167	168	170	166	163	181	198	190	151	141	162	152	150	144	134	128	121	115	116	104	103	117	121	133	115	90	88	96	97	97	102	103	100	101	98	98	100	100	99	98	97	96	97	97	97	97	96	96	95	95	97	93	92	93	92	94	96	93	88	91	146	153	165	149	170	194	205	203	201	200	199	198	197	198	199	197	196	197	198	198	199	201	202	201	199	196	196	196	197	198	197	195	197	193	197	194	197	195	192	193	194	194	194	195	197	198	200	200	202	202	194	180	171	168	140	94	58	61	137	153	174	150	121	127	130	125	123	125	125	123	123	123	122	121	119	117	115	114	111	109	107	107	105	102	99	100	103	104	103	105	106	112	113	113	118	119	118	124	127	135	147	138	146	141	140	142	141	139	143	150	141	144	148	154	159	163	165	165	168	171	171	178	178	187	188	192	190	188	191	188	186	187	182	183	178	181	177	181	177	184	180	181	180	171	165	165	163	154	146	143	124	109	116	113	110	121	121	123	130	133	132	139	152	150	145	150	156	153	154	158	157	153	153	157	152	149	149	164	167	172	174	183	188	191	193	193	193	192	190	187	189	186	182	180	179	176	171	167	174	172	170	171	171	171	173	176	174	173	172	172	172	170	169	168	171	168	167	167	166	165	166	168	167	166	165	163	159	156	159	164	167	164	163	166	167	166	164	164	161	160	159	158	158	159	160	161	155	155	155	155	156	155	154	154	153	153	152	151	150	148	147	147	150	150	150	150	148	147	146	147	143	144	144	143	143	142	141	141	141	139	137	137	137	137	135	133	121	119	116	115	116	117	118	119	121	122	122	122	121	120	119	119	116	116	116	115	114	114	115	115
10	145	147	148	147	145	144	145	147	145	146	147	147	146	145	145	145	143	142	141	143	145	142	131	120	107	108	112	108	113	108	108	104	112	134	134	130	122	116	89	94	96	98	99	101	105	111	113	113	111	116	107	113	122	149	139	138	138	132	113	119	118	124	123	126	123	123	123	125	125	124	125	127	127	128	129	129	129	128	128	129	131	132	133	132	132	133	133	132	132	133	133	133	133	134	134	134	134	132	131	129	129	128	127	126	122	124	119	121	122	119	122	119	122	120	120	122	123	122	125	129	129	136	133	137	142	140	142	142	143	143	144	145	146	148	148	149	148	149	150	150	150	150	151	151	151	151	151	151	152	153	153	152	155	151	151	155	154	150	151	155	151	151	151	151	151	151	151	152	152	152	152	152	152	152	153	153	152	153	152	152	153	154	154	153	142	150	201	219	236	191	117	157	160	161	163	164	164	164	164	165	164	164	165	166	167	168	169	169	170	170	170	170	170	171	171	171	170	170	170	170	170	170	171	171	169	169	168	168	167	167	167	167	168	168	167	167	166	165	164	164	160	160	160	158	157	157	152	147	144	141	137	134	131	129	128	127	123	120	124	122	122	124	124	131	131	142	144	156	157	163	166	165	164	165	167	167	167	166	166	166	166	166	166	165	165	165	165	165	164	166	167	166	166	167	167	167	167	168	168	168	168	167	167	168	160	159	176	183	203	221	167	137	157	149	150	149	137	129	124	114	115	108	102	117	123	134	114	91	91	97	98	99	102	104	101	103	100	100	99	99	100	99	98	97	98	98	98	97	97	96	96	96	98	92	95	99	96	94	92	84	105	120	137	133	153	158	186	200	203	202	201	200	200	200	199	199	200	199	198	199	200	200	200	201	203	201	198	196	196	196	197	199	197	194	196	193	196	195	198	198	194	195	195	195	195	196	197	199	200	200	202	201	193	179	170	167	129	99	52	83	139	147	170	138	120	129	135	130	129	132	130	123	122	122	122	121	120	119	118	117	115	113	112	111	109	106	105	105	105	104	105	102	106	106	108	106	103	103	103	109	109	109	113	107	111	102	98	101	98	89	87	93	101	106	114	123	133	141	147	150	157	162	166	174	174	178	176	177	179	177	180	177	176	177	173	175	170	173	169	173	168	174	170	170	163	165	170	169	159	149	149	156	168	171	174	172	171	175	177	175	172	172	168	165	161	155	147	142	138	123	110	101	88	74	68	71	88	98	116	142	143	144	149	167	182	182	181	177	175	173	170	168	171	170	171	174	179	182	181	180	173	175	178	180	179	176	175	175	173	173	173	172	171	170	170	170	169	167	166	167	167	167	168	170	166	167	169	169	166	164	165	168	169	163	162	167	167	162	160	163	162	162	161	160	159	158	158	158	158	157	157	156	156	155	153	152	151	151	151	151	151	150	150	149	151	151	151	150	148	147	146	145	145	145	144	143	142	141	140	139	137	138	138	139	138	134	128	124	127	126	125	124	124	125	125	125	123	123	124	123	122	121	121	121	119	119	118	118	119	120	120	119
11	149	147	145	146	147	148	146	144	145	145	145	144	144	143	144	144	144	143	142	143	145	144	133	122	108	105	113	109	112	108	107	103	110	135	138	126	118	120	98	92	96	98	100	102	106	111	114	114	113	117	109	115	119	149	141	140	138	137	108	116	118	125	121	125	123	123	123	124	125	125	127	129	127	129	130	130	130	130	130	130	131	132	133	133	134	134	134	134	134	134	134	134	134	134	134	134	134	133	131	130	129	128	127	127	123	125	121	123	123	120	123	120	122	120	121	123	123	123	126	129	130	136	134	139	144	142	143	142	144	144	145	146	147	149	149	150	148	149	151	152	151	151	151	152	152	152	152	152	153	154	153	153	151	155	155	151	151	154	154	151	151	151	151	151	151	152	152	152	153	152	152	152	152	153	153	153	153	153	153	153	154	155	154	154	147	156	211	211	243	200	122	162	159	161	164	166	167	165	164	163	165	165	166	167	168	169	169	170	170	170	170	170	170	170	171	171	171	171	171	171	171	171	172	172	170	170	170	170	170	169	169	168	168	168	167	167	167	167	166	166	163	163	161	158	156	157	153	150	144	142	138	134	132	130	129	128	124	121	125	124	123	125	125	132	133	142	144	158	159	164	167	168	166	167	167	167	167	167	167	168	169	169	169	169	169	168	168	168	167	168	169	168	168	168	169	169	169	170	170	169	169	169	170	171	162	179	204	239	247	247	198	118	146	151	149	146	139	132	126	116	116	110	106	114	130	131	116	91	94	97	99	101	103	105	104	104	101	101	100	100	99	100	99	99	98	99	98	97	97	96	97	99	95	93	99	101	94	92	89	79	104	149	145	142	151	178	201	206	201	201	201	201	202	201	200	200	201	200	200	201	202	202	201	201	201	200	199	198	198	198	197	196	196	195	194	194	195	196	198	199	196	196	196	195	195	196	198	199	199	201	203	201	192	178	169	165	137	96	57	67	124	158	160	145	124	130	134	130	129	131	128	124	123	123	123	123	122	121	120	119	116	115	113	111	108	106	105	105	106	103	106	100	105	101	104	101	108	109	110	113	114	117	119	117	116	119	121	122	122	123	122	119	131	130	130	130	130	132	134	135	128	131	133	135	132	129	125	123	128	127	133	136	142	152	155	161	164	165	174	176	187	186	191	188	195	196	193	188	187	186	180	172	173	183	179	180	180	173	173	170	171	169	169	165	157	157	156	150	158	152	150	154	157	158	161	166	164	161	152	154	152	157	150	146	131	130	127	125	125	127	130	131	129	133	140	147	153	161	169	175	180	184	187	188	186	182	179	179	175	176	175	173	169	168	168	169	168	168	170	171	171	170	169	169	169	167	165	165	166	165	163	162	169	165	164	167	167	163	162	164	161	162	162	162	161	159	157	156	159	158	157	156	155	154	153	152	150	151	151	151	151	151	151	151	151	152	152	151	149	147	146	146	147	146	145	144	143	141	139	138	137	137	136	135	133	128	123	119	121	121	121	121	120	119	116	115	124	124	124	123	122	121	120	121	118	116	116	116	118	119	118	117
12	150	148	146	146	148	148	147	144	146	146	145	144	143	144	145	146	145	145	143	143	145	145	135	123	109	101	112	109	110	109	108	104	106	129	140	132	123	123	100	87	95	97	100	102	107	112	114	114	114	116	111	115	119	149	145	142	136	141	110	120	123	126	119	120	125	126	126	125	125	126	127	128	128	129	130	131	131	131	132	132	132	132	133	135	135	135	135	135	135	135	135	135	135	135	134	134	135	133	132	131	130	129	128	127	124	126	121	123	123	120	122	119	121	121	121	122	123	124	127	129	131	137	135	140	145	143	144	143	145	146	146	147	148	149	150	150	148	150	152	153	152	151	152	153	153	152	152	153	154	154	154	153	151	154	155	151	150	154	154	151	152	152	152	152	152	152	152	152	154	154	154	153	153	153	153	154	154	153	153	154	155	155	155	155	144	145	206	198	239	190	117	156	165	164	164	163	163	164	166	167	167	167	168	168	169	169	169	170	170	170	170	170	170	170	170	170	172	172	172	172	172	173	173	173	171	172	172	173	173	172	171	170	172	171	170	169	168	166	165	165	166	165	162	159	157	157	153	149	145	142	138	135	132	130	129	128	126	123	127	125	124	126	125	132	134	143	145	159	160	165	168	169	168	169	169	169	169	169	170	171	169	169	169	169	169	169	169	169	169	169	170	170	170	169	170	171	172	172	171	170	170	171	174	175	162	139	191	243	247	254	195	126	140	160	150	140	139	132	124	119	117	113	105	116	130	130	115	89	96	97	101	103	103	105	106	105	102	102	101	100	99	99	100	100	100	100	99	98	98	98	98	100	97	97	98	95	91	95	93	83	113	160	145	131	142	186	212	211	202	202	202	202	202	202	200	200	201	201	201	201	202	203	202	201	202	201	199	198	199	198	197	196	196	195	194	195	194	197	197	198	196	196	196	195	195	196	198	200	199	201	203	201	191	178	168	163	125	94	62	70	132	159	152	143	142	138	136	133	132	130	130	132	129	129	128	126	124	122	120	119	117	115	113	109	107	105	104	103	102	99	103	99	106	102	106	104	103	109	112	110	114	121	122	122	116	122	124	119	120	127	131	128	125	123	120	117	114	112	112	111	110	108	106	101	100	99	101	102	103	103	110	113	121	131	134	140	147	146	154	154	163	159	163	160	162	162	158	153	154	159	159	155	162	171	162	168	174	164	166	166	167	166	171	170	164	169	174	168	171	172	172	173	176	179	178	176	174	175	164	159	153	153	135	118	111	110	110	113	117	122	128	132	137	140	144	146	147	149	153	156	157	156	153	148	146	149	155	159	153	157	163	167	170	172	174	175	182	183	183	182	181	179	178	176	178	174	168	165	164	166	166	166	166	167	166	165	165	166	165	164	161	160	160	160	160	160	160	160	156	155	155	155	155	156	155	155	156	156	155	154	152	151	150	149	151	152	152	151	149	148	147	147	145	144	144	144	144	143	142	140	138	135	131	127	124	123	123	123	124	124	123	123	124	124	123	122	124	124	123	122	120	119	119	119	119	118	117	118	119	120	119	118
13	147	148	150	149	146	145	147	149	149	149	148	147	146	147	148	149	145	146	144	143	146	146	137	124	111	99	113	109	109	111	109	106	111	122	136	134	124	118	101	92	95	98	100	103	108	113	115	115	116	115	114	113	120	147	150	144	143	147	114	119	123	123	123	123	124	126	127	126	126	128	129	129	128	129	131	132	132	133	133	134	134	133	134	135	136	135	135	136	136	136	136	136	135	135	135	135	135	134	133	132	131	130	128	127	125	126	122	123	123	120	122	119	121	122	122	123	123	125	128	130	132	138	137	141	146	143	145	145	146	147	147	148	148	149	150	150	149	150	152	152	152	152	152	152	153	153	153	154	154	154	154	153	155	151	151	154	154	150	151	155	153	153	153	153	153	152	152	152	156	156	155	155	154	154	154	154	155	154	154	156	157	156	156	157	153	144	209	209	248	192	124	162	164	165	165	165	165	165	166	167	168	169	169	169	169	170	170	170	170	170	171	171	171	171	171	171	174	174	174	174	174	175	176	176	174	174	175	175	175	174	174	173	172	171	171	171	170	169	168	167	165	165	164	162	159	158	153	147	146	143	139	136	133	131	130	129	128	125	129	126	125	127	127	133	136	144	145	160	161	165	168	170	167	168	169	169	169	169	169	170	167	167	167	168	168	168	168	168	172	171	171	173	172	171	171	173	174	173	172	169	169	171	174	176	172	148	175	244	249	243	205	119	135	160	152	143	144	133	126	117	118	117	99	123	122	133	113	88	98	96	102	106	104	106	107	105	102	102	102	101	100	99	101	101	102	102	102	101	101	100	102	102	98	100	98	95	98	99	92	84	133	160	164	146	168	200	216	202	203	203	202	203	203	202	201	200	201	202	202	201	202	203	203	201	205	202	199	197	198	198	197	197	194	195	193	197	194	197	195	196	194	194	195	195	195	197	199	200	199	202	204	201	191	178	167	161	128	102	57	76	132	140	158	150	145	141	141	142	142	138	136	137	132	131	131	129	128	126	124	123	120	119	116	111	107	106	104	102	102	99	100	100	103	102	104	105	105	114	120	116	121	128	124	125	129	130	129	127	124	123	125	127	124	125	127	128	129	129	129	128	128	127	128	125	128	126	131	132	131	129	133	131	130	131	126	127	129	128	122	125	117	119	114	115	111	114	119	120	117	118	134	151	159	167	163	172	179	168	166	164	171	171	176	176	170	173	176	170	171	174	174	170	170	171	169	164	162	164	159	158	150	157	160	166	164	162	162	162	162	160	159	160	151	148	145	143	141	136	129	124	115	113	108	104	105	112	121	127	132	138	147	155	160	163	163	162	163	163	161	159	160	162	164	164	157	162	167	167	166	168	170	172	173	174	173	169	167	168	168	165	163	161	158	156	156	156	158	159	158	157	156	155	155	155	154	154	155	154	154	153	152	151	150	149	151	151	151	150	148	147	147	147	146	145	145	144	144	141	137	135	129	129	128	127	126	125	123	123	126	124	121	119	120	121	123	124	124	124	123	121	120	119	119	119	122	122	122	122	123	123	122	121
14	146	148	150	149	147	146	147	149	146	146	146	146	145	144	145	145	145	146	145	144	147	148	139	126	114	98	114	110	109	112	110	107	114	119	134	130	120	116	105	94	96	98	101	104	109	114	116	116	117	114	118	111	121	144	154	145	144	147	117	118	122	120	129	127	123	126	127	127	128	130	132	131	129	131	132	133	133	133	134	134	136	134	134	136	136	135	135	137	136	136	136	136	136	136	136	136	135	135	134	134	133	131	129	127	126	127	122	123	123	121	124	121	122	123	123	123	124	126	129	131	132	139	138	142	146	143	146	146	147	147	147	148	149	149	150	150	150	150	150	152	153	153	152	152	153	153	153	154	155	154	153	152	155	151	152	155	154	151	151	155	153	153	153	153	154	154	154	154	156	156	156	156	156	156	156	156	157	155	156	159	160	158	157	159	151	143	205	215	240	193	128	158	162	164	167	168	168	167	166	165	168	168	168	169	169	170	170	170	170	170	171	172	173	173	174	174	175	175	176	176	177	178	179	180	178	177	176	176	175	175	175	176	171	172	172	172	172	171	170	169	165	165	164	161	159	158	153	148	147	145	141	138	135	133	133	132	129	127	130	128	127	129	129	136	138	145	146	161	162	165	168	171	164	165	166	166	165	165	165	165	168	168	169	170	170	171	171	170	173	173	174	176	175	173	173	175	175	173	172	172	171	172	174	175	160	143	184	243	255	254	198	127	144	156	152	153	147	134	132	115	120	118	100	127	121	133	117	89	98	96	102	108	104	106	108	105	104	103	102	102	101	101	101	103	103	102	103	103	102	101	102	102	98	102	99	98	102	98	95	103	148	149	169	153	166	192	208	209	204	203	203	203	203	202	201	201	202	203	203	202	202	204	204	202	205	203	200	198	199	198	197	195	192	194	192	198	194	198	194	194	191	192	193	194	195	197	199	200	198	202	205	202	192	178	166	159	125	86	69	86	129	155	158	149	141	140	141	142	143	141	137	135	133	133	133	132	131	130	129	128	121	120	116	110	105	103	101	98	103	101	98	101	100	102	101	104	106	114	122	120	126	129	122	128	126	124	126	130	131	128	127	130	127	128	129	130	129	128	126	125	125	126	131	129	133	128	130	128	130	128	132	129	127	127	121	121	123	122	116	121	116	120	117	121	130	125	123	126	129	130	135	142	138	145	145	147	149	144	139	135	140	140	144	147	147	150	154	153	156	160	164	167	171	175	178	178	181	179	174	181	180	183	176	175	173	171	169	167	162	156	151	150	153	150	145	141	138	133	126	122	131	133	133	133	136	142	146	147	143	143	144	144	142	137	132	128	121	122	122	122	126	132	136	138	149	157	166	170	171	171	172	171	169	168	167	167	166	164	165	165	163	163	162	161	161	160	159	159	162	160	158	156	155	153	152	151	151	151	151	151	151	151	150	150	151	151	150	148	146	145	145	145	148	147	145	143	141	136	130	125	123	126	128	130	129	127	124	122	128	126	123	121	120	121	122	123	123	123	123	122	120	120	120	121	119	120	121	121	120	120	120	120
15	149	147	146	147	149	150	149	147	147	148	149	150	149	148	147	146	144	146	145	144	148	149	140	127	116	99	115	111	109	113	110	108	106	119	138	130	120	121	108	86	96	99	102	105	110	115	117	117	119	113	120	109	122	143	155	145	133	139	120	124	129	120	129	121	127	129	130	129	128	130	129	128	130	132	133	133	133	133	133	134	137	135	134	136	136	135	136	138	136	136	136	136	137	137	137	137	135	135	135	135	134	132	130	128	126	127	122	123	123	121	125	123	123	124	124	124	125	127	130	131	132	140	139	143	145	143	146	148	146	147	147	148	149	149	150	150	151	150	150	151	153	153	153	151	152	153	153	154	155	154	153	152	152	155	156	152	152	155	155	152	153	153	153	154	154	155	155	155	156	156	156	156	156	157	157	157	158	156	157	160	161	160	159	160	149	149	205	218	229	199	136	156	166	165	165	164	164	166	169	171	167	167	168	168	169	170	170	171	170	170	171	173	174	175	176	177	176	176	177	178	179	181	182	183	181	180	177	175	175	175	177	177	175	175	175	174	172	170	167	166	168	166	163	159	157	158	155	152	148	146	142	139	137	136	136	135	130	127	131	130	129	131	131	138	139	146	147	162	162	166	169	172	166	166	167	167	166	165	165	165	165	166	167	168	169	169	169	169	174	174	176	178	178	175	174	176	174	173	174	173	173	173	173	172	179	163	178	232	242	224	184	142	168	159	151	155	138	127	136	118	124	116	105	125	126	131	125	90	99	95	103	109	105	106	108	104	105	104	103	103	102	102	102	104	102	102	103	103	102	101	102	101	100	106	99	96	99	94	107	140	152	132	159	173	189	218	205	201	204	204	203	203	203	202	201	202	203	204	203	202	203	205	205	203	203	202	201	201	201	199	195	192	190	193	192	199	194	199	193	193	189	191	192	194	195	197	199	200	198	203	206	203	193	179	166	158	126	91	51	79	115	157	192	159	157	154	149	141	140	144	144	141	138	137	136	135	133	130	128	127	126	125	120	113	108	106	103	100	99	99	94	101	99	104	102	107	108	112	121	123	130	131	123	136	135	133	131	130	132	134	134	132	132	132	132	132	133	133	134	134	136	135	138	133	137	131	135	133	133	131	134	132	132	134	131	133	137	133	136	134	140	133	136	135	132	136	136	132	129	130	129	126	122	125	122	113	113	119	122	121	121	120	121	124	127	131	136	139	146	146	149	153	154	152	153	156	151	155	151	152	148	155	154	155	158	157	157	159	160	158	159	161	155	154	150	144	138	135	135	137	133	135	136	137	141	146	147	146	148	145	140	135	132	128	124	122	123	126	129	130	135	141	144	145	144	144	141	138	139	140	139	135	139	136	138	144	147	145	148	154	159	163	168	172	173	172	169	167	161	160	158	156	155	155	154	153	154	153	153	153	152	151	150	149	151	151	149	146	144	143	143	144	145	144	143	142	139	134	128	123	130	128	127	125	124	125	127	129	122	122	122	122	122	122	121	120	123	123	123	122	121	121	122	123	121	122	124	124	123	123	123	124
16	149	149	149	149	149	149	148	148	146	149	148	148	150	148	146	147	148	148	147	145	145	150	143	128	114	107	107	110	109	109	109	107	109	122	134	131	125	113	110	92	98	103	98	107	107	113	116	118	124	114	118	109	128	145	147	153	134	131	127	125	123	128	129	126	127	128	129	130	130	131	132	132	133	133	133	134	134	135	135	136	136	136	136	136	136	136	136	137	139	139	138	138	138	138	138	139	139	136	133	131	132	132	131	130	125	127	123	127	123	126	122	123	122	125	126	125	126	129	132	131	134	139	139	144	144	143	148	148	147	148	149	149	149	150	151	152	151	153	154	153	151	151	152	154	152	152	152	153	153	154	154	154	156	151	154	152	158	151	154	153	154	154	155	155	155	155	155	156	155	156	159	154	159	157	161	158	158	157	157	158	159	159	159	160	156	142	199	223	226	204	136	155	164	166	167	166	166	167	168	168	167	167	170	173	171	167	169	174	173	176	176	175	176	179	179	175	180	180	181	181	180	180	179	179	180	180	179	179	179	179	178	177	176	175	174	174	173	171	169	168	167	164	162	163	162	159	156	156	149	151	141	142	139	133	137	132	131	133	133	128	130	130	127	140	139	143	151	161	166	167	167	169	168	168	168	168	169	170	171	172	169	172	170	171	175	168	177	173	175	178	179	177	176	179	180	179	178	178	178	177	177	177	178	178	173	169	174	165	183	190	177	163	161	160	145	151	139	139	137	124	121	122	99	133	123	135	129	88	93	101	100	109	106	108	107	105	107	108	108	108	107	106	105	105	106	107	105	103	102	103	103	102	100	103	97	102	91	88	106	157	133	134	137	178	217	211	197	206	204	203	202	201	201	201	201	201	205	203	202	203	204	205	204	203	201	206	204	204	201	197	197	191	185	189	194	197	195	192	191	193	190	192	190	198	195	202	198	200	201	203	206	204	193	177	163	156	125	93	69	85	113	148	157	153	145	151	152	138	144	148	144	144	144	143	142	141	139	137	135	134	131	128	119	117	112	104	105	103	101	98	106	100	104	102	105	110	111	121	124	128	130	133	139	136	138	137	136	135	135	135	136	136	136	135	135	135	135	135	135	136	136	137	139	140	138	136	134	133	136	136	136	136	136	135	133	132	133	135	135	133	132	131	132	134	132	131	129	129	129	134	130	134	133	132	130	128	128	130	134	136	131	134	135	133	131	132	133	132	137	131	132	129	130	131	124	123	125	126	126	126	127	130	135	139	144	148	155	161	165	165	163	161	158	160	151	140	137	134	131	134	138	133	135	134	136	137	133	136	133	135	140	138	144	144	149	149	151	154	157	155	153	151	148	144	146	137	129	125	117	105	101	104	113	118	126	133	136	138	140	142	146	145	151	149	148	149	143	145	146	143	150	149	150	155	153	160	157	158	163	161	162	164	158	157	155	147	145	154	143	145	144	146	142	137	132	130	131	132	131	129	131	126	125	129	129	125	124	127	125	126	125	123	120	119	120	122	126	122	120	123	125	124	121	119	123	123	123	123	124	124	124	124
17	149	149	149	149	149	149	149	148	149	150	148	146	148	147	146	149	147	147	147	145	146	150	145	130	115	108	107	110	110	109	109	107	106	116	142	133	133	122	117	90	98	103	99	108	108	113	117	118	116	118	124	110	118	137	150	151	128	126	124	120	126	127	127	123	128	129	130	130	130	131	132	132	134	134	134	135	135	136	136	136	137	137	138	138	138	138	138	139	140	140	139	139	139	139	138	139	137	136	136	136	136	135	132	130	128	129	125	128	124	127	123	124	124	126	127	126	127	130	132	132	135	139	139	144	145	143	148	147	147	148	149	149	150	150	151	152	150	152	153	152	152	152	153	154	152	153	153	153	153	153	154	154	156	152	154	153	156	152	153	153	154	155	155	155	155	155	156	156	158	158	160	155	158	156	158	155	158	158	158	158	159	160	159	160	154	136	200	220	226	204	139	158	163	165	166	165	165	166	167	166	168	167	167	168	170	172	172	170	171	171	172	174	175	175	176	176	180	179	179	179	180	181	183	184	180	180	179	179	179	179	179	178	179	178	176	175	174	173	171	170	170	166	164	164	162	159	155	154	149	150	142	141	139	134	137	132	133	132	131	129	136	136	129	136	143	146	152	160	165	167	170	173	171	171	171	171	171	171	171	171	176	178	177	177	181	175	183	179	173	176	177	175	175	176	178	177	178	177	177	177	177	177	177	177	170	168	179	211	214	203	167	168	161	162	149	151	142	139	136	125	122	122	104	130	129	134	130	89	94	102	101	110	107	109	108	106	108	109	109	109	108	107	106	106	105	106	105	103	103	104	104	103	103	106	103	104	96	95	134	162	154	149	170	188	217	210	212	210	204	203	202	202	201	201	201	200	205	204	203	203	205	205	204	203	201	203	199	201	198	191	192	192	191	191	188	187	191	196	197	193	191	193	191	198	195	201	199	200	199	201	203	201	192	177	164	157	125	94	77	95	104	110	109	115	128	145	162	153	144	147	144	139	144	143	142	142	141	139	137	136	132	129	120	117	112	104	104	102	103	99	105	98	102	102	107	111	109	121	126	132	135	137	140	136	138	138	138	137	137	138	138	139	137	138	139	140	140	139	138	137	139	139	139	138	137	137	138	138	140	139	137	136	137	137	138	138	137	137	137	134	133	132	133	134	136	130	135	136	136	133	137	135	129	132	135	136	136	134	132	131	131	130	128	128	129	131	127	123	123	122	125	121	118	118	115	119	120	122	125	127	128	128	130	131	136	135	135	134	132	131	129	128	125	128	127	123	123	124	124	125	119	118	124	123	121	123	123	130	140	141	147	143	148	147	151	150	154	155	153	150	148	149	150	150	141	143	143	142	143	146	147	146	150	148	145	145	146	144	139	135	129	125	125	119	118	121	121	126	115	116	129	134	140	145	142	147	147	145	146	142	141	145	142	143	150	142	148	147	150	146	148	139	131	131	130	127	124	123	125	127	128	131	130	126	126	129	128	123	120	122	124	124	123	123	123	123	125	125	126	126	123	120	120	122	124	124	124	124	125	125	125	125
18	149	150	150	150	150	149	149	149	150	151	148	146	148	147	146	149	146	146	147	145	146	151	147	134	118	110	107	111	110	110	110	108	109	111	145	130	132	128	123	94	98	103	99	109	109	114	117	118	121	122	118	107	120	149	171	151	147	141	131	118	130	128	131	131	129	130	131	131	131	131	132	133	135	135	135	136	136	137	137	137	138	138	139	139	139	140	140	141	141	141	141	141	140	139	139	138	137	138	139	139	138	136	134	133	131	131	127	130	125	129	125	126	126	128	128	128	128	130	132	133	136	140	139	144	146	145	148	146	148	149	149	150	149	150	150	151	150	151	151	151	152	153	153	153	153	153	153	153	153	153	153	153	157	155	152	155	154	155	153	154	155	156	156	156	156	156	157	157	156	156	159	155	159	157	160	158	159	158	158	159	159	160	160	160	152	131	211	226	233	207	140	150	162	164	165	164	164	165	166	165	166	168	168	166	168	173	173	169	175	173	175	179	179	176	178	183	182	181	181	180	180	181	181	182	180	179	179	179	180	180	180	179	178	177	175	174	173	171	170	169	168	165	164	164	164	161	159	157	151	151	144	143	140	136	137	134	134	132	133	131	137	138	132	137	143	146	152	159	165	168	170	173	170	170	171	172	173	174	175	175	174	176	176	175	179	174	181	178	178	180	181	180	180	180	181	180	177	178	178	178	178	178	178	178	169	169	182	221	229	224	176	152	160	166	152	151	145	139	135	127	123	123	108	127	136	134	131	91	96	103	102	112	109	110	109	107	110	110	110	109	108	108	108	108	106	106	106	104	104	105	105	104	99	96	99	100	96	96	144	150	165	137	165	189	212	207	206	199	204	204	203	203	202	201	201	200	204	203	203	204	205	205	204	202	204	204	201	206	201	190	192	194	196	194	187	181	186	197	201	198	192	193	192	197	196	201	199	200	202	202	203	201	192	176	160	152	130	103	85	98	94	90	88	97	112	124	152	155	147	146	149	149	145	144	143	143	143	142	140	139	134	131	121	118	112	104	104	101	103	99	104	99	102	102	106	111	111	122	129	136	139	139	143	139	140	140	140	141	141	141	141	141	142	142	143	144	144	143	142	142	142	142	142	141	141	141	142	144	143	141	140	140	141	142	142	142	143	142	138	137	137	136	136	136	139	133	136	141	135	132	141	139	135	136	137	136	136	135	135	135	141	140	138	138	140	140	136	132	134	132	136	132	129	131	129	132	126	127	128	129	128	126	124	123	118	116	113	109	106	105	104	104	104	104	106	106	104	106	108	106	111	110	116	114	113	115	115	122	127	130	138	138	146	146	152	152	152	155	157	158	158	158	158	156	153	155	154	151	151	153	154	152	152	149	145	143	142	139	133	128	129	126	128	124	124	126	125	128	134	131	134	133	131	129	123	124	120	117	119	114	114	119	117	120	127	128	139	139	144	142	144	134	132	133	133	131	129	128	129	131	129	131	130	126	126	129	128	124	123	123	124	124	124	123	122	121	123	123	125	125	124	123	124	127	126	126	126	126	126	126	126	126
19	150	150	150	150	150	150	149	149	148	151	150	149	151	149	146	147	146	146	147	146	147	151	148	137	122	111	107	111	111	110	111	109	111	107	142	132	127	128	120	97	97	103	99	109	109	114	118	119	117	125	123	113	116	145	186	167	160	150	135	114	130	124	129	132	131	132	132	132	132	132	133	133	135	135	136	136	137	137	138	138	138	138	139	139	140	140	141	142	141	141	142	141	141	140	139	139	140	140	140	139	137	136	136	136	133	133	128	130	126	129	126	128	127	128	129	129	129	131	133	134	137	140	139	144	147	146	149	146	148	149	149	149	149	149	150	150	151	151	151	151	152	153	153	152	153	153	154	154	154	154	154	154	156	156	152	156	152	157	154	156	156	156	157	157	157	157	157	158	156	155	159	155	161	158	161	160	160	159	159	159	160	160	160	160	152	128	215	226	235	207	140	145	162	164	165	164	164	165	166	166	164	169	171	169	167	170	173	175	173	173	175	177	176	175	177	182	181	181	183	183	183	181	180	178	180	179	179	179	180	180	179	179	177	175	173	172	171	171	170	169	167	165	164	164	164	163	161	159	153	152	147	144	142	139	139	137	134	133	136	133	132	134	135	143	140	145	154	162	167	169	170	171	169	170	172	174	175	177	177	178	178	178	180	177	182	177	182	181	176	179	180	180	179	179	179	179	178	178	179	179	179	179	179	179	177	173	192	224	237	247	205	143	157	167	154	152	148	140	136	129	123	124	110	127	138	137	129	93	97	103	103	114	111	111	110	109	112	112	111	110	109	109	109	110	108	108	107	107	106	106	106	106	112	103	105	109	117	120	148	147	157	151	187	211	209	210	204	212	204	204	204	203	202	201	201	201	202	203	203	204	205	205	203	201	198	201	201	205	199	187	186	187	183	190	196	198	198	198	195	190	194	194	194	196	197	199	199	200	201	202	204	203	193	174	154	142	121	102	83	84	81	84	82	82	82	84	121	140	159	147	147	149	146	145	144	144	144	143	141	140	134	131	121	118	112	104	104	101	101	98	104	103	103	104	104	111	115	125	129	136	140	141	146	143	142	142	143	144	144	144	143	143	147	146	145	143	143	145	146	147	144	145	146	147	146	146	146	146	143	144	144	145	146	146	144	143	148	146	143	142	143	142	141	139	139	141	133	138	132	136	139	144	142	141	138	136	135	137	140	142	133	135	137	136	134	133	133	133	136	130	131	128	131	134	129	130	134	132	130	128	127	125	124	123	124	124	124	123	122	121	120	119	124	119	119	117	111	111	114	110	108	104	105	103	104	107	104	105	105	109	120	122	133	135	143	143	153	157	162	164	165	163	161	159	163	158	155	156	154	149	148	152	143	146	148	148	145	141	138	137	139	138	142	140	138	138	133	134	137	132	129	124	120	115	111	110	107	107	113	113	114	117	114	116	121	127	126	127	115	118	119	125	133	130	128	128	131	131	129	126	131	127	126	129	129	126	126	129	127	125	123	122	122	122	123	123	125	122	121	123	127	128	127	126	126	126	127	127	127	127	127	128
20	150	151	151	151	151	150	150	150	148	150	150	149	152	150	147	149	147	147	148	147	147	150	148	139	126	113	107	111	111	111	111	110	107	105	138	142	126	126	110	96	97	102	99	109	109	114	118	119	120	123	119	114	113	138	185	171	156	147	135	118	135	127	129	130	132	133	133	133	133	133	134	134	135	136	136	137	137	138	138	138	138	138	138	139	139	140	140	142	141	141	141	142	141	141	140	140	141	141	141	139	137	136	136	136	134	134	129	131	126	130	127	129	127	127	128	130	131	132	134	136	138	141	139	145	147	146	150	147	148	149	149	149	149	149	150	150	153	152	152	152	153	153	153	152	153	154	154	154	155	155	155	156	156	156	152	157	153	159	156	157	156	157	158	158	157	157	158	159	160	158	161	157	161	157	159	158	160	159	159	159	160	160	159	160	153	126	207	213	227	202	145	149	161	164	165	164	165	167	168	168	168	168	171	172	171	169	173	178	173	176	178	176	175	177	180	181	178	179	181	183	183	183	182	181	181	180	179	179	179	179	178	178	177	176	174	173	173	173	172	172	170	169	167	166	165	163	160	157	155	152	149	145	142	141	138	138	135	132	137	135	132	134	136	143	141	146	155	162	167	170	171	171	172	173	174	175	176	176	176	176	181	179	184	180	184	181	184	184	178	178	178	179	179	178	180	179	180	180	180	180	179	179	179	180	176	162	194	242	246	251	218	145	156	167	158	151	151	141	138	130	124	125	110	130	136	141	128	95	97	103	103	115	113	112	111	111	114	113	113	111	110	110	111	112	110	110	109	109	109	107	107	107	107	102	101	98	122	142	138	134	145	173	210	207	201	210	201	204	205	205	205	204	202	201	201	202	202	203	203	204	205	204	202	199	196	203	202	202	195	187	187	184	198	194	192	191	191	192	198	205	196	195	195	195	197	198	199	198	196	200	204	205	193	170	145	130	110	99	83	81	75	80	74	67	61	66	106	126	171	152	148	144	147	146	145	145	144	143	141	140	134	131	121	118	113	105	105	103	101	99	103	105	103	105	104	113	116	125	130	138	142	142	147	144	144	145	145	146	146	145	144	143	148	147	145	144	144	145	147	148	147	148	148	148	147	147	147	147	146	146	146	147	148	147	145	144	149	148	146	146	147	146	144	142	138	143	143	137	149	145	139	145	140	141	143	143	143	142	142	142	141	141	142	141	139	138	139	141	140	134	135	132	135	138	133	134	133	132	130	128	128	129	129	129	124	125	126	126	125	124	121	120	121	115	115	114	108	107	108	104	105	101	102	98	99	102	97	98	105	108	117	117	124	124	129	128	132	130	128	126	125	126	128	130	136	136	141	150	155	157	159	163	162	164	166	164	161	157	155	154	146	141	141	134	130	131	127	130	128	124	118	117	116	113	113	112	111	112	121	123	125	126	122	124	117	115	105	104	93	98	106	122	131	129	127	128	130	130	128	125	130	126	125	128	129	126	126	130	126	124	123	122	123	124	125	126	129	126	124	124	126	128	126	123	127	127	127	128	128	128	128	129
21	151	151	151	151	151	151	150	150	150	152	149	147	150	150	149	152	148	148	149	148	147	150	149	141	129	114	107	110	111	111	111	111	109	109	131	141	122	122	108	100	98	103	99	108	109	115	119	121	127	121	115	116	120	141	181	169	158	147	135	123	135	130	133	134	133	133	134	134	134	134	135	136	136	136	137	137	138	138	139	139	139	139	139	139	140	140	140	141	141	141	141	142	142	142	141	141	141	141	141	141	140	138	135	134	134	134	129	132	127	131	128	130	128	128	129	131	132	132	135	137	138	141	140	145	147	146	151	149	148	149	150	150	150	150	151	152	154	154	154	154	154	154	154	154	154	154	155	155	156	156	157	157	156	156	155	156	155	158	157	157	156	157	158	158	157	157	158	159	160	157	160	158	162	157	160	160	160	159	159	159	159	159	159	159	154	132	201	210	227	201	147	148	162	164	165	165	166	168	169	169	173	168	168	173	175	173	173	176	176	181	182	179	179	183	184	182	182	182	181	181	181	182	183	184	181	181	180	180	180	179	179	178	177	176	175	174	175	175	174	173	171	171	169	167	167	166	163	160	156	151	150	144	141	141	136	137	138	130	135	136	135	139	137	137	141	146	152	158	163	168	170	171	172	173	174	175	176	177	178	178	180	177	184	178	182	181	181	183	182	181	181	183	183	181	180	180	181	181	181	180	180	180	179	179	173	155	181	243	241	252	214	142	157	166	160	153	152	142	142	130	126	124	112	131	135	144	130	97	98	104	104	117	115	114	113	114	115	115	114	113	112	112	113	114	113	112	112	112	111	109	108	109	108	110	106	92	130	164	146	139	159	188	220	200	209	207	204	201	206	206	206	204	202	201	202	203	202	202	203	204	205	204	201	199	201	206	202	199	194	190	193	189	195	191	193	200	203	199	195	196	197	195	197	195	198	195	197	195	196	201	206	206	190	163	135	117	106	95	83	86	79	79	77	78	69	67	101	109	155	148	154	150	148	147	146	146	145	143	141	139	134	131	122	119	114	106	107	104	105	101	101	104	101	105	106	118	118	126	132	142	145	143	146	143	146	146	147	147	147	146	145	144	146	146	147	148	148	147	146	146	150	149	147	146	145	145	147	148	150	148	147	146	146	146	147	147	146	146	147	147	148	147	145	144	139	135	164	152	183	159	140	139	142	144	146	147	147	145	144	144	147	143	139	140	142	143	141	140	139	137	141	137	135	137	135	139	137	137	136	136	135	134	133	133	132	132	131	130	128	127	125	125	120	116	117	117	113	110	107	104	103	103	107	102	99	102	102	107	101	104	109	105	109	105	107	105	105	102	100	99	99	100	105	109	113	122	129	132	137	144	144	139	140	137	133	133	135	136	134	132	139	135	135	128	125	126	124	127	125	117	101	96	94	93	99	99	107	107	115	118	119	120	117	120	119	113	112	110	122	118	126	136	130	132	133	132	130	129	129	130	127	129	128	124	125	129	130	126	126	126	126	126	125	125	124	124	126	128	129	128	126	126	127	128	128	128	128	129	129	129	130	130
22	151	151	152	152	152	151	151	151	151	153	150	148	150	150	149	152	148	148	150	149	147	150	150	143	131	114	106	110	111	111	111	111	110	113	125	131	121	119	114	105	100	104	100	109	109	116	121	123	120	122	129	125	120	131	169	168	156	143	131	123	128	129	132	134	133	134	135	135	135	135	136	137	137	137	138	138	139	139	140	140	141	141	141	141	141	141	141	142	143	143	143	142	142	142	142	142	142	141	140	140	140	139	136	134	135	135	130	133	129	133	130	131	130	129	130	132	133	133	135	138	137	142	141	145	146	146	152	152	150	150	151	152	152	152	153	154	154	155	156	155	155	154	155	156	156	156	156	156	157	157	157	157	157	157	158	155	157	157	158	155	156	157	158	158	157	157	158	159	157	155	158	157	162	157	161	161	160	159	159	159	159	159	158	158	153	139	198	212	232	203	149	146	163	165	166	166	166	169	170	170	172	170	170	172	175	175	175	174	175	176	177	178	179	181	181	181	186	185	183	182	182	182	183	183	182	181	181	181	181	181	180	179	179	178	177	177	177	177	176	175	172	172	171	169	169	169	167	163	159	153	153	146	142	143	136	138	140	131	136	137	135	139	138	137	141	146	152	157	162	168	171	171	172	173	174	175	177	179	181	181	184	180	188	181	185	185	184	186	179	178	178	180	181	178	177	176	179	178	180	180	180	180	180	180	178	168	180	229	241	249	211	146	161	165	162	156	153	142	148	130	130	121	117	131	137	143	135	97	99	104	105	120	118	117	116	117	117	117	117	116	114	114	115	115	114	113	113	114	113	111	110	111	112	111	109	99	141	162	155	148	163	190	220	206	205	193	203	208	205	205	204	204	201	201	202	204	204	203	203	205	205	204	202	200	199	200	195	195	191	187	191	191	197	194	193	196	198	198	198	201	198	196	199	194	199	194	196	193	198	203	208	205	188	159	131	114	100	87	76	83	78	82	81	86	75	58	89	112	145	145	156	151	149	148	147	146	145	144	142	140	134	131	122	119	114	107	107	104	105	101	101	105	100	107	107	121	120	129	133	143	146	144	146	144	147	147	148	148	148	147	147	146	147	148	149	150	150	149	148	147	150	149	148	146	145	146	147	148	150	149	147	146	146	147	147	147	147	148	147	147	146	146	147	148	142	124	176	185	207	179	140	133	147	147	147	146	145	146	147	148	151	146	144	146	148	148	146	146	146	145	149	146	144	146	143	147	143	144	144	142	140	138	137	137	137	136	134	132	131	130	130	130	125	123	120	118	117	110	105	105	100	101	105	100	98	102	102	107	109	111	116	112	115	111	114	111	109	109	112	115	116	116	118	120	115	121	122	117	115	117	115	108	111	109	107	109	114	118	120	119	119	117	121	118	117	118	113	115	122	114	97	93	93	92	99	99	95	96	104	108	110	113	111	117	114	113	114	113	128	122	122	123	127	129	130	130	128	126	127	128	129	131	129	125	125	129	130	126	128	128	128	127	125	124	124	125	124	128	130	129	128	130	131	131	129	129	130	130	130	131	131	131
23	152	152	152	152	152	151	151	151	150	152	151	151	152	150	147	149	148	148	150	149	148	150	150	145	132	114	106	109	111	110	111	111	103	112	124	126	127	120	117	100	101	105	100	109	110	117	122	125	123	121	126	122	120	130	153	147	148	138	131	132	132	135	136	134	133	134	135	135	136	136	137	138	138	138	138	139	140	140	140	141	142	142	142	142	142	142	142	143	145	145	144	143	142	142	142	143	145	142	139	138	139	139	139	138	135	135	131	134	130	134	131	132	132	131	131	133	134	133	135	138	137	142	141	145	146	145	152	153	150	151	152	153	153	154	155	155	153	155	157	157	155	155	157	159	157	157	157	157	157	157	157	157	159	157	160	154	159	156	158	153	156	157	158	158	157	157	158	159	159	156	159	157	161	155	158	158	160	159	158	158	158	158	158	158	151	141	189	206	230	204	155	153	163	166	167	166	166	168	169	169	167	173	176	173	171	173	175	175	179	176	178	183	185	183	183	186	183	183	184	185	185	185	185	185	182	182	181	181	182	182	182	181	183	182	182	182	182	181	179	178	177	177	175	172	170	170	166	162	161	155	156	148	144	145	137	140	140	133	140	138	131	135	139	142	142	149	157	163	168	172	173	172	176	176	176	176	177	178	179	180	183	178	187	180	184	184	182	185	181	179	180	183	183	181	179	179	177	177	177	179	180	180	180	180	178	172	187	221	246	226	198	151	164	167	166	159	155	145	150	129	133	118	121	129	140	141	139	98	100	105	107	121	120	119	118	119	119	119	118	117	116	116	116	117	114	113	113	115	115	112	112	113	120	108	110	111	152	150	158	155	170	199	213	208	200	207	209	194	206	206	204	202	199	201	203	205	205	204	204	204	205	205	203	201	199	197	193	198	196	188	191	193	188	194	197	195	192	193	198	202	198	196	199	194	199	193	194	191	195	200	207	205	188	162	137	122	99	89	79	82	81	87	83	76	74	45	92	152	171	166	161	149	149	148	148	147	146	145	143	141	135	132	122	119	114	107	107	104	105	101	102	108	102	108	107	120	124	131	135	141	144	143	148	147	147	147	148	148	148	148	148	148	151	150	150	150	150	150	150	151	148	149	150	150	149	148	147	147	148	148	148	149	149	148	147	145	149	149	149	147	146	146	148	150	144	115	175	213	213	194	136	130	147	148	149	149	148	147	146	146	147	147	148	150	149	147	148	152	150	145	147	146	148	152	146	146	143	144	144	142	139	139	141	143	143	142	140	138	136	134	133	132	132	131	123	118	119	112	106	109	108	105	105	101	103	109	106	106	108	110	116	112	116	114	117	115	115	115	117	120	120	118	119	121	114	110	107	106	104	103	104	107	99	102	104	106	107	110	113	116	110	107	109	105	103	103	99	102	101	100	91	95	95	89	90	83	81	82	93	99	103	107	107	113	111	119	112	115	118	128	126	134	132	129	128	129	131	132	130	127	134	129	127	129	129	126	126	129	127	127	127	125	124	125	129	132	131	130	129	129	132	134	131	126	130	130	131	131	132	132	132	132
24	153	152	152	153	153	150	150	151	151	152	153	154	153	152	150	149	151	149	150	148	149	149	159	146	136	122	101	114	107	115	112	111	112	102	123	130	126	121	106	104	102	104	104	104	113	114	125	122	124	123	125	127	124	127	158	147	143	141	130	134	135	131	137	134	138	137	137	137	137	138	139	139	139	139	140	140	141	141	142	142	141	142	143	144	144	144	144	145	144	144	145	144	144	144	145	146	145	144	143	142	141	140	138	137	137	135	133	133	133	132	132	133	132	132	132	133	134	135	137	140	142	144	145	144	146	151	153	152	152	152	153	154	155	156	157	157	154	155	156	158	158	158	157	157	157	159	159	158	158	161	161	159	160	159	159	159	159	158	158	158	158	158	158	159	159	158	158	158	158	158	158	158	157	157	157	157	158	159	156	160	156	160	157	159	157	135	191	217	219	201	157	150	163	168	167	166	168	170	170	171	171	170	172	175	176	174	175	176	178	179	180	180	180	181	182	182	184	185	185	185	185	185	186	187	179	181	182	182	182	185	185	184	184	183	184	185	185	181	180	181	180	178	176	174	173	171	168	166	159	157	153	150	147	144	141	140	139	134	137	137	137	137	135	142	142	150	158	162	171	169	177	172	178	177	178	180	180	180	182	185	184	183	183	183	183	183	184	184	182	182	182	181	180	179	177	177	179	178	177	180	180	179	180	184	181	181	186	213	223	212	178	162	169	169	166	158	158	147	146	134	133	122	120	130	142	142	138	95	101	108	110	119	116	121	116	117	119	119	119	118	117	117	118	118	119	118	118	117	117	116	114	113	112	118	124	125	149	145	160	165	188	211	207	203	204	207	198	205	205	203	205	200	205	201	205	203	203	203	203	205	205	203	200	198	196	196	196	195	193	192	191	191	190	196	193	190	196	197	195	199	193	201	200	194	198	189	198	189	188	205	203	206	198	172	167	126	100	91	80	83	80	84	80	85	59	46	92	169	183	172	160	154	149	149	148	148	147	145	142	140	134	132	125	117	112	109	106	102	103	108	104	105	109	103	110	123	122	136	137	147	147	146	146	148	144	149	147	146	151	150	148	153	151	155	151	149	154	152	148	153	152	151	151	151	151	151	152	153	150	148	155	147	153	152	151	148	151	150	149	149	150	150	150	149	140	112	192	212	228	192	132	129	149	150	150	150	150	149	149	150	148	148	148	148	148	149	151	152	148	151	152	149	149	152	151	148	149	148	147	145	144	143	143	142	145	144	144	144	142	140	138	136	133	132	125	119	121	107	112	104	105	103	102	102	104	105	107	109	110	112	118	120	117	118	120	118	120	119	119	120	121	122	122	122	120	120	121	120	118	116	114	114	113	114	113	111	111	110	107	103	99	97	95	95	95	95	94	94	93	91	89	90	89	87	87	88	93	84	104	100	103	111	111	112	113	114	116	118	121	124	127	130	130	131	130	128	128	129	128	126	127	127	127	127	127	127	127	127	126	129	129	126	126	129	131	130	130	132	132	131	131	133	133	131	132	132	132	132	132	132	132	132
25	155	152	151	151	151	150	151	154	152	152	151	150	150	151	151	152	151	149	151	149	151	150	158	147	139	126	104	115	109	115	111	110	111	105	119	128	120	120	111	103	101	104	105	104	113	114	125	123	125	124	126	128	125	128	156	146	141	140	132	136	137	133	136	133	138	137	137	137	138	138	139	140	140	140	141	141	142	142	142	143	142	143	145	145	145	145	145	146	144	146	147	148	147	146	145	145	146	145	144	143	142	141	139	138	138	135	134	134	134	132	131	132	133	132	133	134	135	135	137	139	143	143	144	146	148	150	152	154	154	154	154	155	156	156	157	157	158	157	156	156	157	158	159	160	159	161	161	159	160	161	161	160	160	159	159	159	159	159	159	159	159	159	159	159	159	159	159	159	160	159	159	159	158	158	158	158	156	158	156	161	158	162	160	163	165	141	189	207	221	209	164	153	164	168	168	166	168	169	169	170	172	171	171	174	175	175	176	178	177	178	179	180	180	180	181	182	180	181	181	181	181	181	182	183	180	182	183	183	184	186	186	185	185	184	184	185	185	182	180	181	180	178	176	175	174	172	169	167	161	158	155	149	148	143	142	140	138	133	136	137	137	139	138	144	143	151	159	163	172	171	180	176	182	181	181	183	182	180	181	183	183	184	185	187	187	186	185	184	185	184	182	180	179	180	181	181	182	180	182	183	182	181	182	184	187	185	183	194	200	199	179	168	172	172	169	160	159	148	146	135	132	124	118	134	139	144	136	97	101	108	112	121	118	123	119	119	122	122	122	121	120	120	121	122	117	117	117	118	118	119	118	117	114	115	133	146	144	140	164	182	209	206	204	201	203	203	203	202	205	204	203	204	202	203	202	203	206	204	203	202	203	202	201	200	196	197	197	195	193	192	193	194	190	197	195	194	199	199	195	197	198	200	198	192	195	185	190	192	198	206	206	205	181	137	137	130	103	86	73	81	84	84	79	80	79	57	88	125	157	164	166	148	152	152	151	151	149	147	144	142	136	134	127	119	114	111	109	106	105	108	105	107	108	109	111	127	123	137	138	147	147	148	148	150	147	149	149	149	150	150	150	152	150	154	151	150	154	152	149	153	152	152	152	152	152	152	152	153	153	150	155	146	151	152	153	152	150	150	150	150	151	152	152	151	140	114	187	212	222	190	126	129	148	149	150	149	149	148	148	148	147	149	151	153	152	151	150	149	151	151	151	151	151	150	149	150	150	149	148	148	147	146	146	146	146	145	145	144	144	142	140	138	134	133	126	120	121	109	112	104	106	104	102	103	104	104	106	107	112	115	121	124	122	123	125	123	124	124	122	122	122	122	121	121	121	120	119	117	115	115	115	116	113	113	113	111	110	109	107	103	106	104	102	102	102	101	100	99	94	91	90	89	88	87	87	88	95	86	104	101	104	111	112	113	112	113	116	118	121	125	128	130	130	131	130	129	128	129	129	127	128	128	128	128	128	128	128	128	127	130	131	131	130	130	129	127	133	135	134	132	131	132	131	129	133	133	133	133	133	133	133	133
26	154	152	151	151	151	151	153	154	152	152	150	150	150	151	152	153	151	150	151	149	152	150	158	148	140	129	108	116	112	116	111	110	112	113	119	135	122	126	123	108	100	103	105	105	113	113	125	124	126	126	128	129	125	129	154	148	143	141	134	136	136	134	137	135	137	138	138	138	139	140	140	141	141	141	142	142	143	143	144	144	144	145	146	146	146	146	147	148	147	148	149	149	148	147	147	147	146	146	145	144	143	142	141	140	139	136	135	135	135	132	131	131	134	134	134	136	136	135	137	139	144	142	143	148	151	150	152	157	156	156	156	157	157	157	158	158	159	159	158	158	158	159	160	161	162	163	162	161	161	162	162	161	160	159	159	159	160	160	160	160	160	160	160	160	160	160	160	160	161	161	161	160	160	159	159	159	160	162	159	163	159	163	160	163	155	143	193	197	212	196	161	159	165	169	168	167	169	169	169	170	172	171	172	173	175	175	177	179	176	177	178	179	179	180	181	182	182	182	183	183	183	183	184	185	182	183	184	184	185	186	187	186	187	186	185	186	185	183	182	182	180	179	177	177	176	174	171	168	163	158	157	148	149	142	143	140	141	136	139	138	138	138	137	142	144	152	160	165	175	174	183	181	182	182	184	185	186	185	185	187	185	186	188	189	189	188	187	186	185	184	183	182	182	183	184	185	186	186	186	186	185	184	184	186	191	192	189	193	192	195	182	173	175	175	171	162	160	149	147	135	132	126	118	138	137	145	135	99	102	108	115	123	123	125	122	123	123	123	123	122	121	121	122	122	121	120	119	119	120	120	119	118	115	106	137	166	150	142	164	189	222	201	204	204	204	199	208	201	204	206	201	206	200	205	201	202	206	205	203	202	202	202	201	200	197	198	198	196	193	192	195	197	194	198	197	196	199	199	196	197	198	196	196	189	193	186	186	198	203	204	208	203	173	120	113	125	104	82	71	77	86	77	75	77	70	78	73	107	129	146	179	161	155	154	154	153	151	148	145	143	138	135	128	121	116	114	112	109	107	108	107	110	108	117	112	133	124	138	139	148	148	150	150	151	150	149	151	152	150	151	153	152	150	153	151	151	154	153	151	154	152	152	153	153	153	153	153	153	154	151	155	148	152	153	153	153	150	150	151	152	153	153	153	152	143	122	190	222	226	196	124	134	150	151	151	151	150	150	150	150	153	153	152	151	150	151	152	154	155	151	150	153	153	149	149	152	150	150	150	150	149	148	148	147	147	147	146	145	145	144	142	141	136	134	128	122	120	110	111	104	106	104	103	103	104	103	104	106	112	118	125	127	128	129	130	129	130	129	127	126	125	125	124	124	123	122	121	119	117	117	119	120	121	121	120	118	117	116	114	111	107	105	103	102	102	102	99	97	94	92	90	89	88	87	88	90	97	91	105	101	106	110	112	114	112	113	115	118	122	125	129	131	131	131	130	129	129	130	129	127	130	130	130	130	130	130	130	130	127	128	130	133	133	132	131	132	132	133	133	132	132	133	133	132	134	134	134	134	134	135	135	135
27	152	152	153	154	154	153	152	152	152	152	153	153	153	153	152	152	150	151	151	149	153	150	156	149	138	131	111	115	114	117	113	112	105	109	109	137	121	122	123	107	99	103	105	106	113	112	125	125	127	128	128	129	124	130	152	152	148	144	136	133	133	135	138	139	138	138	138	139	140	141	141	142	142	143	143	144	144	145	145	145	146	146	147	147	147	147	148	150	151	150	149	148	147	148	149	151	147	146	145	145	144	143	142	141	140	137	135	135	135	133	133	133	134	134	135	137	137	137	138	140	143	143	145	148	151	153	155	158	157	158	158	158	159	159	159	160	159	159	160	161	162	161	161	160	163	163	163	162	162	163	162	162	161	160	160	160	160	161	161	161	161	161	160	160	160	160	161	161	161	161	161	161	161	160	160	160	162	164	161	164	160	163	160	163	163	147	192	196	224	205	163	158	167	170	169	169	171	171	170	173	173	173	173	174	175	176	177	178	177	178	178	179	179	179	180	181	180	180	181	181	181	181	183	184	183	184	185	185	186	187	187	187	187	186	186	186	185	184	184	184	181	180	179	179	178	175	171	168	164	158	158	147	150	142	144	141	142	138	141	139	138	139	137	142	146	153	161	167	177	176	186	184	183	184	186	188	189	189	189	190	191	190	189	188	188	189	190	190	183	184	185	186	186	186	187	187	187	188	188	189	188	187	187	188	189	191	189	195	190	192	178	169	175	176	171	162	161	149	147	136	132	126	121	138	139	144	136	101	103	109	118	125	126	126	124	124	124	124	124	124	122	122	122	122	123	122	122	121	121	121	121	120	111	103	136	161	152	144	165	193	216	201	206	209	204	200	208	204	205	206	202	205	202	205	201	202	204	204	204	205	205	204	201	199	197	198	198	195	191	191	194	198	198	200	198	196	197	198	199	199	197	195	197	190	193	192	186	201	203	204	210	196	170	120	95	99	95	80	76	76	82	73	79	83	84	70	80	82	138	144	174	155	155	155	155	154	152	150	146	144	138	135	129	123	119	116	113	112	110	109	109	112	108	122	112	137	126	141	142	150	149	152	152	152	152	148	152	154	150	152	155	152	153	154	153	153	154	154	153	154	153	153	154	154	154	154	153	153	153	151	156	153	154	155	151	151	152	152	152	153	154	153	153	152	141	126	193	224	231	194	119	133	153	154	154	154	154	154	154	154	155	154	153	151	150	151	154	156	155	153	152	153	153	151	151	153	151	151	151	150	149	148	147	146	149	148	147	146	146	145	143	142	138	135	130	124	120	113	109	104	106	104	103	105	105	103	105	108	113	122	128	130	132	134	133	132	134	133	131	130	130	130	130	129	127	127	127	126	125	123	123	123	120	120	119	117	116	115	113	112	110	109	106	104	104	103	101	97	94	92	89	89	88	88	90	92	99	95	105	101	106	109	111	113	111	112	114	118	122	126	130	131	130	131	130	129	129	130	130	128	130	130	130	130	130	130	130	130	130	128	129	133	133	131	132	136	132	133	133	133	134	135	135	135	135	135	135	135	135	135	136	136
28	153	154	155	155	154	154	152	151	153	154	154	154	153	153	152	152	150	152	151	148	154	149	155	150	136	133	114	113	115	116	114	113	111	113	109	142	129	126	129	118	100	102	105	106	113	112	125	126	127	128	128	128	122	132	151	158	151	146	140	134	133	136	138	140	138	139	139	140	141	142	142	143	144	144	144	145	145	146	146	146	146	147	147	147	147	148	149	150	151	150	149	148	148	149	151	153	148	147	146	145	145	144	142	141	141	138	135	135	135	134	134	136	134	134	135	137	138	138	139	141	142	146	148	147	150	157	159	157	158	159	159	160	160	161	161	162	160	161	162	163	163	163	162	161	163	162	162	163	163	163	163	163	163	161	161	161	161	161	161	161	162	161	161	160	160	161	161	162	161	161	161	161	162	162	162	162	161	163	160	165	161	166	164	167	166	149	196	205	237	212	163	158	168	171	171	171	173	173	172	176	174	174	175	176	176	177	177	176	178	179	179	179	179	179	179	180	181	182	183	183	183	184	185	186	185	185	185	186	187	187	187	187	187	187	187	186	186	186	186	185	183	182	181	180	178	175	170	167	163	158	156	148	149	143	144	142	139	136	140	138	139	142	141	146	148	153	161	168	178	176	187	185	187	189	191	191	191	190	189	189	193	192	190	189	189	189	190	191	185	188	189	190	190	190	189	188	188	189	191	191	191	191	190	190	196	190	188	200	194	194	181	172	174	175	172	163	161	150	148	136	134	125	125	137	143	141	139	102	105	110	120	126	129	125	124	125	127	127	127	126	125	124	124	124	122	122	122	123	124	124	124	124	122	127	149	152	158	153	182	213	207	206	204	207	205	207	204	204	206	204	205	202	205	202	204	202	203	204	205	205	206	204	201	199	197	199	198	195	191	190	193	197	199	199	199	197	196	198	200	198	200	198	199	191	191	196	190	200	204	207	213	192	161	112	81	82	70	64	64	61	66	61	67	67	55	67	43	79	124	138	183	159	154	154	154	154	153	150	147	145	138	135	130	126	121	117	114	112	113	111	111	115	111	124	113	138	128	144	145	152	151	154	154	154	152	149	153	155	151	153	157	154	156	155	156	156	155	155	156	155	154	155	155	155	155	155	154	154	155	152	155	154	153	155	150	151	152	152	152	153	154	153	153	152	141	128	196	220	233	191	119	136	153	154	155	155	155	155	156	156	150	152	155	156	156	154	152	152	153	155	154	152	152	154	154	153	151	151	151	151	150	149	147	147	151	150	148	147	146	145	143	142	140	136	131	126	120	115	108	105	106	103	103	105	105	103	106	110	114	126	130	131	135	136	134	134	136	135	133	133	133	134	133	133	131	131	131	130	128	127	126	125	125	124	123	122	121	119	119	119	116	116	113	109	107	106	104	100	95	92	90	90	91	91	94	97	102	100	106	101	108	108	110	113	112	112	114	118	123	128	131	132	130	130	130	129	129	130	130	128	131	131	131	131	131	131	131	131	134	132	132	134	133	130	130	132	136	136	135	135	135	134	133	133	135	135	135	135	136	136	136	136
29	156	156	155	153	152	153	154	153	155	154	153	151	151	151	152	153	150	154	151	148	155	149	154	153	138	136	117	112	116	115	113	113	111	109	102	129	125	119	123	120	102	102	104	106	113	112	124	126	126	128	127	127	121	133	149	162	152	147	144	137	135	138	136	138	139	140	141	142	142	143	143	143	144	144	145	145	146	146	147	147	147	147	148	148	148	148	149	151	149	150	151	152	151	151	151	151	149	148	147	146	145	144	143	141	141	138	136	136	135	135	135	137	134	134	135	137	138	138	140	142	142	148	151	148	151	159	161	156	159	160	160	161	161	162	163	163	163	163	162	162	162	163	164	164	163	162	162	163	164	163	163	164	164	163	162	162	162	162	161	161	162	162	161	161	161	161	162	162	161	161	162	162	163	163	163	164	163	165	162	166	163	167	164	167	160	149	199	213	237	210	159	157	170	172	172	172	175	174	174	178	174	176	177	177	177	178	177	176	179	179	180	180	180	180	180	181	185	186	187	187	187	188	190	191	186	185	186	187	188	187	187	188	187	188	188	187	187	187	186	185	184	183	181	180	178	174	169	166	162	159	154	151	147	145	143	142	140	137	141	139	139	142	141	146	148	154	162	169	180	177	187	186	187	190	192	192	192	192	192	191	191	192	192	192	192	191	190	189	191	191	191	190	191	191	192	193	190	192	193	193	193	193	193	193	199	191	191	207	205	204	186	171	173	175	172	164	163	151	149	137	136	125	126	137	146	141	140	103	107	110	122	127	130	123	124	125	127	128	128	127	126	125	124	124	125	124	124	125	125	124	123	122	125	140	143	135	161	167	193	207	205	211	200	201	204	212	203	205	206	203	207	201	207	201	205	202	205	203	204	204	204	204	202	201	198	199	199	196	192	191	193	196	196	196	200	201	199	200	201	196	194	193	193	193	191	200	201	204	203	206	215	194	156	108	97	112	102	96	93	92	96	93	90	85	86	84	87	71	118	134	178	162	154	154	154	154	153	151	147	145	139	135	131	127	123	118	115	114	114	114	113	116	115	124	117	137	131	146	147	153	152	156	155	155	151	151	153	154	153	154	157	156	159	156	158	159	156	156	158	155	156	156	156	156	156	156	155	155	158	154	153	154	151	155	150	155	152	151	151	153	153	153	154	153	143	135	198	214	230	190	120	142	152	152	153	154	154	154	154	154	152	153	155	156	155	154	153	153	152	156	155	152	152	155	156	152	151	151	151	151	151	151	151	150	151	150	149	148	147	145	144	142	140	136	132	127	119	118	106	106	106	103	102	105	105	103	107	113	117	130	133	132	138	139	135	136	136	135	135	135	135	135	134	133	134	133	132	130	128	127	127	128	130	129	128	127	126	124	125	127	119	120	117	110	105	103	101	98	95	92	91	91	92	93	96	99	101	103	105	101	109	107	110	112	113	113	115	119	124	129	131	132	130	131	130	129	130	131	131	129	132	132	132	132	132	132	132	132	131	132	134	135	135	132	130	131	136	135	135	136	136	135	135	136	135	135	136	136	136	136	136	136
30	155	156	155	153	153	154	155	153	154	154	153	152	152	152	153	153	152	156	152	148	156	149	154	156	139	139	120	111	117	114	113	113	115	114	108	124	128	122	123	124	104	103	103	105	113	112	124	125	124	128	128	128	122	134	146	163	154	148	148	138	135	139	136	138	140	141	142	143	143	143	143	143	145	145	145	146	146	147	147	147	147	148	149	150	149	149	149	151	150	151	153	153	153	152	151	151	151	150	149	148	147	145	143	142	141	139	137	137	137	136	135	136	135	135	135	137	137	137	139	142	144	148	151	150	153	159	160	158	161	161	161	162	162	162	163	163	164	164	163	162	162	163	164	165	165	163	163	164	164	163	163	164	164	163	163	163	162	162	162	162	162	162	163	163	163	163	162	162	163	163	163	163	164	164	164	165	167	168	165	168	164	167	164	166	170	151	192	211	241	226	167	151	171	173	172	173	176	174	174	178	175	177	177	176	176	178	178	177	179	179	180	181	181	181	182	183	183	183	184	185	185	186	188	189	188	187	187	189	189	188	188	189	187	189	189	187	187	187	186	183	185	183	181	179	177	173	168	165	162	162	153	155	145	148	141	142	142	140	142	139	138	141	139	143	148	154	162	171	181	178	188	187	185	189	191	191	192	194	194	193	191	192	192	192	193	192	192	191	193	193	193	193	194	194	196	197	194	196	197	195	195	196	196	195	195	189	193	210	210	209	187	163	174	176	174	167	165	153	150	137	137	127	124	140	145	144	140	104	108	111	123	127	132	123	126	127	126	127	127	127	126	125	125	125	127	127	127	126	125	123	120	118	140	158	144	140	173	192	215	204	205	208	203	201	206	209	205	205	205	205	205	204	205	203	203	202	204	203	205	205	205	205	202	200	199	199	199	198	196	195	195	196	195	195	200	203	199	201	203	196	182	179	181	198	195	203	209	206	202	204	211	193	158	122	131	148	145	135	125	128	127	126	119	116	105	107	77	79	111	140	180	152	154	155	155	155	154	151	147	144	142	137	131	127	123	118	116	116	115	117	114	117	121	122	122	137	131	147	147	153	152	156	156	155	152	155	154	154	156	156	156	158	159	155	158	160	156	157	160	156	157	157	157	156	156	156	156	156	158	154	153	156	152	157	152	157	153	152	152	153	153	155	155	154	139	138	195	209	220	187	113	140	153	153	154	154	153	153	153	153	157	156	155	153	152	153	155	157	154	155	155	154	154	154	154	153	152	152	152	152	152	152	152	152	151	151	150	149	149	147	145	143	140	136	132	128	118	120	106	106	107	103	102	105	105	103	107	115	118	133	135	132	140	141	136	138	136	136	136	137	137	137	136	135	135	135	135	133	131	130	130	130	127	125	125	125	124	122	123	126	128	130	126	116	107	104	103	101	95	93	92	93	94	95	97	100	99	104	104	101	111	107	111	113	114	114	115	119	125	130	132	132	131	132	131	130	131	133	132	130	133	133	133	133	133	133	133	133	129	132	134	134	134	135	134	133	135	134	134	137	137	137	137	139	136	136	136	136	136	137	137	137
31	152	155	156	155	155	156	155	152	152	153	155	156	156	155	153	152	153	157	152	148	157	150	155	158	139	140	121	110	118	115	114	115	110	114	111	118	128	122	118	118	105	103	102	104	113	112	124	125	123	127	128	130	122	135	144	162	157	150	148	136	133	139	136	140	141	142	142	143	143	143	143	143	145	145	145	146	146	147	147	148	147	148	150	151	150	150	150	151	153	153	153	152	152	151	152	153	152	151	150	149	147	146	144	142	141	139	138	139	139	136	134	134	136	135	135	136	137	137	139	142	146	147	150	152	155	157	159	160	162	162	162	162	162	162	162	162	162	163	164	165	165	164	163	163	166	164	164	165	165	163	162	164	163	162	162	163	163	163	163	163	163	163	164	164	164	164	163	163	164	164	164	165	165	165	165	165	165	167	165	169	165	170	167	170	166	153	195	210	231	224	169	155	172	173	172	174	176	174	173	177	175	177	177	175	176	179	180	179	178	179	180	181	182	183	184	185	185	186	187	187	188	189	190	191	189	188	188	190	190	188	188	190	188	190	190	188	187	187	185	182	184	183	181	179	176	173	168	165	162	164	153	158	144	150	140	142	140	138	142	138	138	142	141	145	148	153	163	172	183	179	188	188	188	191	192	191	191	192	192	191	193	192	191	190	191	192	194	196	192	193	195	197	198	199	198	197	197	199	199	197	196	198	200	199	201	196	199	212	211	216	196	167	175	178	176	169	167	154	151	138	138	128	121	143	143	148	139	105	109	111	124	127	132	123	127	128	127	128	129	129	129	128	128	128	125	126	126	126	126	124	121	119	137	159	136	135	157	187	217	202	202	203	210	207	206	200	207	208	205	206	203	207	202	206	202	203	202	202	204	208	208	206	201	198	200	200	200	200	199	198	197	197	197	195	200	202	198	202	205	199	175	170	175	205	200	203	210	202	205	205	205	187	160	136	148	151	149	137	124	130	127	128	123	130	125	118	108	97	123	142	177	162	155	155	156	155	154	151	146	143	144	138	131	127	123	118	117	119	115	118	114	118	125	121	126	137	131	148	147	153	152	156	156	154	153	158	156	154	158	157	155	159	159	154	158	160	155	157	161	157	158	158	157	156	156	156	157	157	155	153	154	159	155	160	152	157	155	154	153	153	153	155	154	153	139	145	198	215	219	193	112	141	156	156	157	156	155	154	154	154	156	157	157	157	156	154	154	154	156	153	154	156	156	152	151	153	154	153	152	151	151	150	151	151	151	151	150	150	150	148	146	144	140	135	133	129	118	121	105	107	108	104	103	105	105	103	108	116	119	134	135	132	140	141	136	139	136	136	137	139	140	140	139	138	135	137	139	139	138	135	133	132	130	128	128	128	127	126	128	131	133	136	131	119	108	104	103	101	96	94	93	94	95	95	98	101	98	104	104	102	113	108	112	115	115	115	116	120	125	130	132	133	132	133	132	131	132	134	133	132	134	134	134	134	134	134	134	134	133	136	135	132	131	134	135	134	138	136	136	138	137	135	135	137	137	137	137	137	137	137	137	137
32	154	154	155	155	155	155	155	154	153	157	156	151	151	156	155	150	153	153	153	154	153	152	154	158	140	140	125	111	122	117	115	114	113	109	110	129	124	117	124	105	103	103	104	109	108	109	119	122	120	128	119	137	122	129	148	154	152	147	145	136	138	143	140	138	139	141	141	140	140	142	143	141	144	146	143	149	145	151	148	151	152	151	151	151	151	152	154	154	151	152	152	152	152	152	153	153	152	150	150	150	149	148	146	144	142	140	138	137	137	137	136	136	137	137	137	137	137	138	140	142	144	149	152	152	154	159	162	160	162	162	162	162	161	162	164	165	164	164	165	165	165	165	166	166	165	164	164	164	164	164	164	164	164	166	165	163	163	165	165	163	164	166	163	168	164	169	166	168	166	166	167	167	168	168	168	168	170	169	168	167	168	169	170	171	166	156	189	216	229	219	174	156	173	173	178	173	177	174	176	174	175	175	174	174	175	176	176	177	181	182	182	183	183	184	184	184	186	187	188	189	190	191	192	193	192	192	193	194	194	193	193	193	191	191	192	193	193	192	192	192	189	185	185	180	177	177	172	172	162	169	150	160	148	147	147	144	142	142	143	143	142	141	142	145	152	156	167	168	180	183	193	193	190	191	193	194	194	193	191	189	191	192	193	192	192	192	192	193	194	195	195	196	197	198	198	198	198	198	199	199	199	198	198	197	195	199	192	207	212	199	194	176	176	176	171	163	161	150	148	136	137	130	123	140	145	152	135	107	113	115	119	131	129	128	123	129	131	130	131	133	132	128	126	128	132	124	130	127	127	130	122	125	151	158	165	150	181	203	215	210	205	206	202	207	202	207	203	204	207	205	208	205	204	205	201	203	204	205	205	206	206	204	202	200	197	196	197	199	200	199	199	200	198	199	198	200	204	199	212	194	175	175	179	209	200	206	209	209	206	210	208	192	176	154	156	154	147	128	125	127	127	128	129	135	138	138	123	112	129	152	176	158	158	159	159	158	155	152	149	148	142	141	137	132	127	124	122	122	119	120	118	121	128	123	125	138	134	149	144	158	155	155	160	155	154	154	155	155	155	156	157	158	158	152	158	156	158	155	162	156	157	158	158	157	157	158	157	155	156	156	155	155	156	155	155	154	156	157	156	153	153	155	155	153	139	133	210	237	222	198	110	148	158	157	157	155	155	155	157	158	156	156	156	157	157	157	157	158	158	157	156	155	156	157	158	160	156	155	154	154	154	154	153	153	153	152	151	150	149	148	146	144	143	136	135	129	123	116	106	106	106	102	103	105	104	103	110	120	117	136	133	137	138	141	139	139	140	139	138	138	140	140	139	138	137	136	136	137	137	135	133	133	132	128	137	127	127	127	129	138	142	139	138	115	112	111	104	104	96	94	92	92	94	98	101	101	100	100	101	104	108	111	114	115	115	115	113	123	128	127	132	133	131	134	134	132	132	134	134	132	135	135	135	136	136	136	136	136	138	139	139	136	135	137	137	136	136	136	136	137	139	139	139	138	140	140	139	138	137	136	137	138
33	155	155	155	156	155	155	154	154	158	152	151	157	157	151	150	155	153	152	153	154	153	152	154	158	143	141	126	110	120	117	117	116	114	111	108	124	123	117	125	112	105	102	103	108	108	110	118	121	126	123	127	122	117	132	141	159	151	140	137	133	136	141	139	141	137	139	141	141	142	144	145	144	144	143	144	143	145	144	145	144	148	149	150	151	151	151	150	150	153	154	154	154	153	152	152	152	155	151	152	151	147	146	145	141	142	140	139	138	137	137	137	137	135	136	137	137	139	140	143	144	144	149	152	152	155	160	162	161	163	164	164	163	163	164	165	166	162	163	164	164	164	164	164	165	165	165	165	165	165	165	165	165	164	166	166	164	164	166	167	165	166	165	166	166	167	166	167	167	166	167	168	168	168	168	167	167	167	168	169	170	170	169	168	168	172	154	183	212	226	220	176	153	170	171	175	171	175	172	174	172	175	175	175	175	176	177	178	178	181	182	182	183	183	184	185	185	187	187	188	189	189	190	191	192	192	192	193	194	194	194	194	194	194	194	194	193	192	191	189	188	187	183	184	179	177	178	172	173	163	169	151	161	149	148	148	144	142	142	143	143	143	142	143	147	150	157	171	174	185	185	190	187	192	193	194	194	194	194	193	191	190	191	192	193	194	195	196	197	193	194	195	196	197	197	198	198	195	195	195	195	195	195	195	194	198	199	192	203	213	207	195	172	177	177	172	164	162	151	149	137	137	131	124	141	146	152	136	108	112	118	121	131	128	131	127	129	132	131	132	134	133	130	129	130	124	123	130	130	124	125	127	129	144	152	158	168	185	210	208	208	206	206	204	206	204	206	204	204	204	203	208	206	206	206	201	202	205	205	205	206	205	204	202	200	197	198	200	202	201	198	197	197	198	200	198	201	204	199	211	194	172	178	184	212	203	205	205	206	204	209	207	193	177	156	159	157	144	127	126	130	131	131	130	134	137	136	122	112	129	153	177	161	160	161	160	159	157	153	151	149	143	141	138	133	128	124	123	122	121	122	119	122	128	124	128	141	133	147	144	157	156	157	162	157	156	156	157	156	156	157	157	158	161	157	159	158	158	156	158	155	159	159	158	155	156	158	158	157	156	156	156	156	156	156	155	154	157	158	157	155	155	156	155	153	138	133	206	233	226	201	110	145	157	157	157	156	155	156	157	158	156	157	157	157	157	158	158	158	157	158	158	159	159	158	157	157	159	157	155	153	153	154	154	154	153	152	152	151	150	148	146	144	142	136	135	129	123	117	107	107	108	105	105	107	106	105	112	122	117	136	133	137	138	141	138	139	141	139	138	138	139	139	138	137	136	138	138	136	135	137	135	132	131	128	136	127	128	127	130	137	147	146	138	118	112	110	105	104	95	93	92	92	94	98	100	101	101	101	102	105	108	111	114	114	116	115	114	124	130	129	134	135	134	135	136	134	135	136	137	135	137	137	137	137	137	137	137	137	138	139	139	137	137	139	139	137	140	139	139	139	139	138	137	136	138	138	138	138	137	137	137	138
34	156	156	156	156	155	155	154	154	159	151	151	159	159	151	149	156	153	152	153	154	153	152	154	157	148	142	127	110	118	118	118	119	116	115	108	118	123	120	127	122	109	103	103	107	107	110	116	119	120	122	130	120	123	130	136	156	153	139	135	135	134	138	136	140	138	140	141	141	141	142	142	141	144	142	147	142	149	145	150	148	149	150	151	152	153	152	152	151	149	151	152	153	152	152	152	152	152	148	150	151	146	146	147	142	142	141	139	138	138	138	138	137	137	138	139	139	139	140	141	142	144	148	151	151	154	158	161	160	160	160	160	160	160	160	161	162	162	162	163	163	163	163	164	165	164	165	165	165	165	166	166	166	165	166	166	165	166	168	169	168	168	165	170	164	170	165	169	166	167	168	169	169	169	168	167	167	168	169	170	171	171	170	169	168	173	152	182	213	225	219	180	153	170	171	175	171	175	172	175	172	175	175	175	176	177	178	179	180	181	181	182	183	184	185	185	186	187	188	189	189	189	189	190	190	191	191	192	193	194	194	194	193	195	194	194	193	191	189	187	186	185	182	183	179	178	178	173	174	164	168	154	161	150	149	148	145	143	143	143	143	143	143	145	148	153	159	171	177	186	190	195	195	194	194	195	195	195	195	195	194	196	197	198	198	198	198	199	199	199	199	200	201	202	202	202	203	204	204	204	203	203	203	203	203	199	199	197	202	212	213	196	173	178	178	174	165	164	153	151	139	138	133	126	142	146	153	137	109	111	120	124	131	129	135	131	131	133	132	133	134	134	131	131	133	138	136	135	134	126	130	148	155	140	141	158	186	200	213	205	206	207	205	206	204	207	205	206	205	204	203	207	205	205	206	202	203	205	205	205	205	205	204	202	200	200	200	202	202	200	196	195	197	198	201	199	201	204	200	208	195	171	181	187	210	205	205	205	209	206	210	208	193	177	155	157	155	143	127	127	131	132	133	132	135	136	135	121	111	130	154	179	163	163	163	162	160	158	155	152	151	145	143	139	133	128	125	124	123	123	123	121	124	128	126	131	143	137	149	147	158	156	156	159	156	158	158	158	158	158	158	158	159	160	161	157	159	159	160	157	159	160	160	158	157	157	159	159	158	157	156	156	156	157	156	155	155	158	158	158	156	156	157	156	154	135	138	205	230	228	198	110	147	157	158	158	157	156	156	157	158	157	157	157	158	158	158	158	158	158	158	159	160	160	159	157	156	156	157	157	158	158	156	154	152	153	153	152	152	151	149	146	144	142	136	135	129	123	118	109	109	108	105	105	107	106	106	112	122	118	136	133	138	138	140	137	138	141	139	138	138	139	138	137	136	135	139	139	134	134	138	136	131	132	128	134	128	130	127	131	136	139	145	133	121	114	111	107	101	94	93	91	92	95	98	101	102	102	102	103	106	109	112	114	115	116	116	116	125	132	132	137	136	135	136	136	136	136	138	138	137	139	139	139	139	138	138	138	138	137	138	139	138	139	140	140	139	139	138	138	139	140	140	140	139	137	138	139	139	138	138	138	138
35	156	156	156	156	156	155	155	155	154	155	156	156	156	156	155	152	153	153	153	154	153	153	155	158	151	142	129	111	117	119	119	119	116	119	111	117	125	123	127	129	114	103	103	106	107	110	112	116	111	124	119	123	126	120	133	156	152	142	138	136	128	135	133	135	139	139	139	139	140	140	141	141	141	140	143	141	146	144	148	147	148	148	147	147	148	149	150	151	151	152	153	153	153	153	153	153	151	146	149	151	145	146	148	142	143	141	140	139	139	138	137	137	138	139	139	139	139	139	139	140	143	147	149	150	152	156	158	158	160	160	161	161	161	162	163	164	161	162	163	163	163	163	164	165	164	164	165	165	166	166	167	167	166	166	166	166	167	168	169	169	167	166	168	165	169	166	168	167	168	168	168	168	168	168	168	168	171	170	170	169	170	170	171	171	168	152	186	220	226	218	184	156	170	171	176	172	176	173	176	173	175	175	176	177	178	179	179	180	181	181	182	183	184	185	186	186	187	188	189	189	189	189	190	190	190	190	191	192	192	192	191	191	191	191	191	190	189	188	187	186	185	181	183	179	178	179	174	175	164	167	156	160	151	150	148	145	145	143	143	143	143	143	145	148	155	161	171	178	186	191	196	198	194	194	195	195	196	197	197	197	200	200	201	200	200	200	200	201	199	199	200	200	201	201	201	201	200	199	199	198	198	198	199	199	199	199	203	205	211	212	195	181	180	180	175	166	165	154	152	140	137	134	128	143	146	153	138	110	112	120	124	133	131	135	132	132	134	134	134	135	133	133	133	134	126	128	129	136	128	128	146	146	142	133	169	193	220	209	209	205	206	204	207	203	209	205	208	206	208	205	206	203	202	205	203	206	207	206	206	206	205	203	201	199	203	203	202	200	196	193	195	199	199	202	200	202	203	200	204	196	182	191	190	205	204	204	206	212	206	210	208	192	175	153	154	152	144	128	127	130	131	133	133	138	136	134	121	112	131	154	180	165	165	164	163	161	159	156	153	152	146	144	140	134	129	126	125	125	124	123	124	127	129	128	134	142	142	151	150	160	157	158	158	157	158	159	159	159	159	159	160	161	159	164	156	159	159	163	156	161	158	158	159	160	160	160	157	155	158	157	157	157	157	157	156	155	158	158	158	158	158	157	156	155	132	146	209	228	225	190	110	154	158	158	158	158	157	157	157	158	158	158	158	158	159	159	159	159	160	159	159	158	158	158	159	159	156	157	157	158	158	157	155	153	155	154	153	152	151	149	147	146	143	137	136	128	123	119	111	110	108	106	106	107	106	106	113	122	120	137	133	139	140	141	137	138	140	139	138	138	138	138	137	136	137	138	137	134	134	136	135	132	133	129	133	129	131	127	131	135	134	143	127	119	113	111	111	101	95	93	92	94	97	100	102	103	102	102	104	107	110	113	115	116	116	118	117	127	133	133	138	137	135	136	136	136	136	137	137	137	140	140	140	140	140	139	139	139	137	138	139	140	140	140	140	140	139	138	138	139	140	141	141	141	138	139	140	140	139	139	139	139
36	156	156	156	156	156	156	156	157	152	158	159	154	154	160	158	151	154	153	154	154	154	153	155	158	153	140	132	113	117	120	118	118	115	120	114	117	126	125	125	129	118	104	105	106	106	110	108	113	111	120	108	117	114	113	125	165	152	146	143	135	117	129	130	130	133	133	133	134	136	138	140	142	141	143	141	144	141	144	142	143	148	148	147	147	148	150	152	153	151	151	151	149	148	147	148	148	154	150	150	150	145	144	144	139	143	142	140	139	138	138	137	136	136	136	138	138	139	139	140	141	144	147	149	150	152	154	156	157	157	158	159	159	160	161	162	163	160	161	162	162	162	163	163	164	164	164	164	165	166	166	166	167	167	166	166	167	167	168	168	169	166	168	166	169	166	170	168	169	169	169	168	168	168	169	170	170	172	171	170	170	170	171	172	172	168	152	184	219	227	218	188	159	170	171	175	171	176	173	176	173	176	176	177	178	178	179	179	179	181	181	182	183	184	185	186	186	187	188	188	189	189	189	190	191	189	189	190	190	190	189	188	188	187	187	188	188	188	187	187	186	186	182	184	181	179	180	174	175	165	165	158	159	152	150	147	145	146	144	143	143	143	143	144	147	152	160	171	182	186	188	187	188	193	193	194	195	196	198	199	199	196	197	198	199	200	201	202	203	203	203	203	203	203	203	202	202	207	206	206	205	205	205	206	206	202	199	204	209	214	211	195	186	182	182	177	168	166	155	153	140	136	134	129	143	146	153	138	110	116	119	123	135	133	133	130	134	134	135	135	134	133	133	134	134	140	138	130	128	123	128	155	164	149	139	180	197	226	205	210	206	205	203	207	203	210	206	210	208	210	206	207	203	203	205	203	206	208	208	207	206	205	203	201	199	203	202	201	199	195	193	195	200	199	203	200	202	202	201	200	199	199	202	196	203	202	202	205	208	204	208	206	191	175	154	156	155	143	128	128	130	132	134	133	136	137	135	121	113	131	154	179	165	165	163	162	160	159	156	153	151	147	145	141	135	130	127	126	126	125	123	126	129	130	130	135	141	142	150	151	161	159	162	161	163	160	159	159	160	160	160	161	162	162	167	158	160	159	162	154	159	158	158	159	161	161	159	157	156	158	158	158	158	158	158	157	156	159	158	158	158	158	157	156	155	134	153	209	223	223	184	113	156	158	159	159	159	158	158	158	159	159	159	159	159	159	159	160	160	159	159	158	158	158	159	159	160	160	158	155	154	154	156	158	159	157	155	153	152	151	150	148	148	144	139	137	128	122	120	112	111	110	109	109	110	109	109	116	124	124	139	134	140	141	142	138	140	139	139	138	139	139	139	138	138	139	136	135	137	136	134	132	134	135	131	132	130	132	125	132	136	141	145	126	113	110	109	113	104	96	93	93	97	101	102	104	106	102	103	105	108	112	115	117	117	116	119	119	127	133	134	138	136	137	136	136	137	137	137	137	137	140	140	140	140	140	140	140	141	139	139	139	140	140	140	139	139	142	141	139	139	139	139	138	138	138	139	140	140	139	139	138	139
37	157	157	157	156	157	157	157	158	155	156	157	156	157	158	157	155	155	154	154	155	155	154	156	159	154	139	135	115	117	121	118	117	114	118	116	116	123	123	120	125	121	104	107	106	106	109	105	111	112	108	109	111	105	116	110	161	155	151	147	135	109	123	126	125	127	125	125	127	128	129	131	133	135	138	134	140	135	141	137	140	143	144	146	147	148	148	148	148	151	151	152	152	152	153	153	154	149	149	148	147	147	145	143	142	141	140	139	138	138	137	136	135	137	138	138	138	138	138	139	140	144	146	149	150	152	154	156	157	153	154	155	156	156	157	158	159	160	160	161	162	162	162	163	164	163	163	164	164	165	165	165	166	167	166	166	167	167	166	166	168	165	168	164	170	165	170	167	169	169	168	168	168	168	169	170	171	172	173	173	174	174	174	173	173	172	153	175	211	226	219	189	158	171	172	177	173	178	175	178	176	177	177	178	179	180	180	180	180	182	183	183	184	185	186	187	187	187	188	189	189	189	190	190	191	189	189	190	190	189	188	187	187	187	187	187	188	188	187	186	186	187	184	186	182	181	181	175	175	165	164	160	158	153	151	147	146	146	144	143	144	144	144	144	147	153	160	167	179	182	187	187	190	192	192	193	194	196	198	199	199	197	198	199	200	200	201	202	203	208	208	208	208	208	207	207	207	205	205	205	205	205	205	205	205	207	201	200	209	217	212	199	188	185	185	179	170	168	156	153	141	136	135	131	144	145	153	139	111	118	119	123	137	134	133	129	135	134	136	135	134	134	134	134	133	129	135	135	132	129	130	143	155	159	161	190	204	217	208	207	207	205	204	206	205	208	207	209	208	208	206	209	206	205	207	202	204	209	208	207	207	206	204	202	201	202	201	201	201	198	195	195	198	199	204	200	201	200	202	198	202	203	204	200	204	203	202	207	205	207	210	207	191	174	153	156	155	140	127	129	133	135	136	133	134	138	136	122	115	133	154	178	164	163	162	160	159	158	156	153	150	147	145	141	135	131	128	128	128	126	124	128	132	130	130	137	139	146	151	154	163	160	163	160	164	161	162	162	161	161	161	162	163	162	164	160	161	160	162	158	160	162	160	159	159	159	159	159	160	159	159	158	159	159	159	158	157	160	159	158	159	159	157	156	156	137	155	206	220	223	183	117	153	159	160	160	159	158	158	159	160	160	160	160	160	160	160	160	160	158	159	160	161	161	161	160	159	157	157	157	158	158	158	157	156	158	156	154	152	151	150	149	148	144	140	137	128	122	120	113	112	111	110	110	110	109	111	117	125	128	141	135	141	142	143	139	141	140	140	140	140	140	140	140	140	141	136	135	139	139	133	132	135	135	133	132	131	133	124	134	138	137	140	130	112	115	111	112	101	97	94	95	99	103	104	106	108	104	104	106	110	113	116	117	118	116	120	120	128	134	135	139	136	139	138	138	139	139	138	138	139	140	140	140	140	141	141	141	141	141	140	140	141	141	139	139	140	141	140	139	139	139	140	140	139	138	139	139	139	138	138	138	139
38	158	158	157	157	157	157	157	158	157	156	156	158	158	157	157	157	155	155	155	156	155	155	157	160	157	139	137	117	117	123	119	118	116	117	117	115	119	120	118	121	121	103	108	107	106	109	103	111	109	105	114	112	110	117	105	141	145	141	140	136	109	122	122	120	124	122	123	124	124	123	123	124	124	125	125	128	128	130	131	132	132	133	135	136	136	136	135	135	132	134	136	139	140	140	141	141	139	144	141	139	146	144	139	144	139	138	138	137	137	137	136	135	141	140	140	138	137	137	138	138	142	143	146	149	151	153	155	156	156	157	158	158	158	158	159	160	158	159	160	160	160	161	162	163	163	163	163	163	164	164	164	164	166	164	164	166	166	165	165	167	165	165	165	166	165	166	166	166	167	167	168	168	168	168	168	168	171	171	171	171	171	171	171	171	171	156	172	207	225	217	186	158	173	174	179	175	179	177	180	178	178	178	179	181	181	182	182	182	185	185	185	186	187	187	188	188	189	189	190	190	190	190	190	191	190	190	191	191	190	190	189	188	189	189	189	189	189	188	188	187	188	185	187	184	182	182	177	177	166	163	162	158	155	152	147	146	146	144	143	145	146	146	146	147	155	160	163	176	178	187	190	197	192	192	193	195	196	197	198	198	201	202	202	202	202	202	202	203	204	204	204	205	205	205	204	204	206	206	206	206	206	206	206	205	206	207	201	210	217	211	205	189	188	188	182	172	170	158	155	142	136	137	133	145	146	154	140	112	117	122	125	136	133	135	131	134	132	135	136	135	135	136	136	134	136	137	131	127	135	138	138	152	172	188	206	210	209	211	205	208	205	206	204	207	206	208	207	207	207	205	209	206	206	207	203	204	208	208	207	207	207	206	204	203	203	202	202	201	199	197	196	198	199	204	200	201	199	202	196	204	199	199	201	205	201	201	211	205	210	213	208	190	173	151	154	153	139	127	130	134	136	138	135	135	138	136	123	116	134	154	178	163	162	160	159	159	159	156	153	150	147	145	140	135	131	129	129	129	128	125	130	133	130	131	138	139	148	152	155	163	159	163	158	163	163	164	164	164	162	162	163	164	162	160	162	162	162	162	165	162	164	161	160	160	161	160	160	162	160	159	159	159	159	159	158	158	162	159	158	160	160	158	157	158	136	157	209	224	225	183	121	152	160	160	160	159	158	159	160	161	161	161	161	161	161	161	161	161	160	161	161	162	162	162	161	160	157	158	160	162	162	159	156	153	157	156	155	154	153	151	149	148	144	140	137	128	122	122	115	113	111	111	112	111	110	112	119	125	131	142	135	141	142	143	140	143	141	142	142	141	141	140	140	141	141	138	138	140	140	136	134	135	135	134	132	132	134	124	137	142	138	136	136	110	119	113	111	98	97	94	95	101	105	105	107	110	106	106	108	111	114	116	117	117	116	120	121	129	135	138	141	137	140	139	139	140	141	141	141	143	141	141	141	141	141	141	142	142	142	140	140	141	141	140	140	141	141	140	139	139	140	141	142	142	139	139	140	140	139	140	140	141
39	159	159	158	157	157	157	157	157	156	158	157	156	156	159	159	156	156	155	156	156	156	155	157	160	159	140	139	118	117	124	120	118	119	118	119	115	116	118	117	120	120	102	108	107	106	109	102	111	110	114	115	113	117	114	113	127	125	121	127	136	112	124	122	121	124	123	125	128	129	127	126	127	130	129	132	128	134	129	133	132	134	133	132	132	132	132	133	134	133	135	138	140	139	138	136	135	134	143	136	133	143	140	132	140	137	136	136	137	137	137	136	135	139	139	139	138	138	139	140	142	139	140	143	146	149	151	153	155	155	156	156	157	156	156	156	156	158	159	160	160	160	161	162	162	162	162	162	163	163	163	163	163	165	163	163	165	165	164	164	166	164	163	166	162	167	162	166	164	165	166	168	169	168	167	166	165	167	165	163	162	162	163	166	168	166	158	176	209	226	213	183	160	172	173	177	174	178	176	179	177	178	179	180	182	183	184	184	184	186	187	187	188	188	189	189	189	190	190	191	190	190	189	190	190	191	191	192	192	192	191	191	190	190	190	191	191	191	190	190	189	188	185	188	185	183	184	178	178	167	163	164	158	156	153	148	147	146	144	144	146	147	147	147	148	153	159	164	179	179	186	185	190	193	193	194	195	196	197	198	197	198	199	200	201	202	203	204	205	204	204	205	205	206	206	206	206	207	207	207	208	208	207	206	206	200	212	206	212	213	207	209	192	190	190	184	174	171	159	156	143	137	138	134	146	146	155	141	113	116	124	128	135	132	138	134	133	131	135	137	136	136	137	137	135	133	132	131	133	152	154	132	136	182	206	220	212	209	213	206	208	206	207	203	208	204	209	205	206	208	205	207	204	203	206	204	206	207	207	207	207	207	207	206	206	207	204	201	200	199	197	198	200	199	204	199	200	198	202	195	206	199	198	203	205	198	198	211	204	207	210	205	188	171	151	156	155	140	128	130	133	135	139	138	139	138	135	123	117	135	154	177	163	161	160	159	159	159	157	153	149	147	144	140	135	131	129	129	130	131	126	131	133	129	131	140	140	146	148	154	162	159	164	160	166	165	165	166	165	165	165	164	165	166	160	166	163	164	161	167	160	164	162	161	163	164	162	161	161	160	160	159	160	160	160	159	158	163	160	159	160	160	158	158	160	132	158	217	231	227	181	125	156	161	161	160	159	158	159	160	161	161	161	161	161	161	161	161	161	165	164	162	161	160	161	162	163	165	163	159	156	156	157	158	159	156	156	156	156	155	152	149	147	143	139	137	127	122	122	116	115	114	114	115	114	113	115	122	128	132	143	135	141	142	143	140	143	143	143	143	142	141	141	141	141	140	141	141	140	140	139	137	134	134	134	132	133	134	124	139	144	154	144	143	105	116	111	112	103	97	94	95	101	106	106	107	110	107	108	109	112	114	116	116	116	115	120	121	130	137	139	142	138	139	138	138	142	143	142	142	144	143	143	142	142	142	142	142	141	143	141	140	142	142	140	141	143	144	143	141	140	140	140	141	140	140	141	141	141	141	142	143	144
40	158	158	158	158	159	159	159	159	156	160	160	155	155	160	161	157	156	155	155	157	157	156	158	161	161	143	141	118	119	122	117	121	118	119	119	117	117	119	119	118	115	109	109	106	107	109	106	109	110	110	114	112	117	116	121	122	120	121	121	122	122	123	123	124	125	125	125	125	125	125	125	126	129	127	127	130	131	130	131	133	133	132	132	134	135	134	135	137	134	137	131	140	136	136	136	137	137	138	134	136	137	135	138	135	137	137	137	137	137	137	136	135	136	140	136	133	139	138	136	141	141	141	142	143	144	145	145	146	147	150	149	153	155	153	157	155	159	159	159	158	158	158	159	160	160	164	159	163	164	161	166	163	161	162	162	163	163	163	163	163	164	163	162	161	161	163	165	166	165	162	162	165	165	163	164	167	164	165	165	165	165	165	165	166	166	153	175	215	215	216	195	159	170	181	170	177	176	176	176	180	180	179	179	181	182	183	185	188	188	187	187	190	190	189	191	194	196	194	194	197	197	194	191	190	192	193	193	193	192	192	192	193	189	192	195	196	196	196	194	190	191	192	191	189	186	184	179	175	166	161	165	154	156	154	151	148	146	145	145	146	146	146	147	150	151	158	165	173	183	183	192	191	192	193	196	197	197	197	197	196	197	198	200	201	202	203	202	202	205	207	207	206	206	208	207	204	205	205	206	206	206	206	205	205	206	206	209	212	214	215	206	191	194	188	187	173	171	163	154	144	138	137	133	145	142	154	146	109	120	120	132	135	133	135	133	133	136	137	138	138	138	138	138	138	136	129	129	135	147	161	133	129	193	219	209	219	209	208	207	208	209	206	204	205	207	207	207	207	207	208	208	207	206	205	205	206	207	205	205	207	208	206	205	205	206	206	203	198	196	197	198	197	200	202	198	196	200	200	198	202	201	200	200	201	202	202	207	212	210	210	204	192	165	152	155	152	138	131	129	134	137	136	136	138	139	138	126	108	141	158	176	165	160	164	159	160	155	161	153	149	149	146	140	133	131	131	131	128	128	129	129	132	135	133	136	145	144	156	153	166	158	166	162	162	162	163	164	165	165	165	165	163	164	166	165	163	162	162	161	158	161	163	161	163	168	162	158	164	161	161	162	162	161	160	159	158	162	161	160	160	160	160	160	159	136	163	210	221	220	183	130	150	164	163	161	161	160	160	160	159	162	162	161	162	162	162	161	161	163	162	162	162	163	163	163	163	161	162	160	158	158	160	160	158	156	157	156	154	153	153	151	148	145	140	138	128	123	124	118	117	116	115	113	113	117	116	115	129	131	142	138	144	143	144	143	144	143	144	144	143	142	141	141	141	142	141	140	140	140	140	139	139	136	136	138	129	134	131	135	146	151	152	134	106	120	114	114	99	97	95	98	106	113	113	110	109	107	107	110	114	117	116	116	117	122	114	124	133	134	143	144	140	140	143	141	139	143	142	139	143	144	142	141	142	142	141	141	142	140	140	141	141	142	143	143	143	142	142	142	141	141	140	141	142	143	141	141	143	143	141	141	143
41	159	159	159	159	159	158	158	158	158	159	159	158	158	159	159	159	158	157	157	158	158	157	158	160	162	145	143	122	122	124	121	124	124	125	124	121	119	120	119	117	117	111	111	109	110	112	109	112	114	113	116	113	117	114	119	118	120	120	120	119	119	119	119	119	120	120	121	122	124	125	126	126	126	126	128	132	133	131	130	131	134	132	132	134	135	134	134	136	134	137	131	140	136	136	136	137	134	138	136	140	140	137	139	136	138	138	137	138	138	138	137	137	137	140	137	135	140	139	137	141	140	140	141	142	143	144	145	145	142	145	143	147	148	146	150	148	148	149	151	152	153	154	155	156	156	159	155	159	160	157	162	159	160	160	161	162	162	162	163	163	159	161	165	168	168	167	164	162	162	163	164	164	163	163	161	159	161	162	163	163	163	163	163	164	163	152	165	203	216	215	185	151	171	174	175	172	178	172	177	177	177	177	178	180	181	182	184	187	186	186	188	191	190	188	187	188	190	188	189	192	194	193	193	194	191	192	193	193	192	193	193	194	198	198	195	192	192	196	198	198	193	193	192	189	187	184	181	177	173	167	170	159	159	155	151	147	149	147	146	147	146	145	145	147	153	160	168	175	186	185	195	193	194	195	196	197	197	197	198	198	201	201	200	199	200	201	203	204	202	204	204	204	206	208	208	206	204	204	205	205	206	206	205	205	207	206	209	213	215	216	207	193	194	190	187	174	172	162	153	143	139	135	131	146	144	153	144	113	120	121	133	136	134	137	134	135	137	137	138	138	138	137	136	136	134	134	133	134	144	154	138	151	214	229	209	213	204	207	207	207	209	205	204	205	207	207	208	208	208	208	208	207	207	206	206	205	207	206	205	207	208	206	205	206	206	205	202	198	198	200	201	199	199	200	199	198	201	201	200	202	203	202	202	204	204	204	209	213	207	208	204	193	167	153	156	151	138	132	130	135	138	137	137	139	141	140	128	111	142	160	177	165	161	162	161	157	158	158	155	149	149	146	139	133	130	131	130	128	127	131	131	130	134	135	139	144	146	157	154	167	159	165	162	162	161	162	163	164	165	166	166	166	161	162	163	162	162	164	164	162	162	164	162	163	167	162	158	164	161	161	161	161	161	160	160	159	163	162	161	161	161	161	161	160	144	165	207	218	216	178	132	159	162	161	161	161	162	163	164	164	162	162	162	164	165	166	166	166	163	162	162	162	163	163	163	162	160	162	162	161	161	161	158	155	155	156	155	154	154	154	153	150	144	139	137	127	123	123	118	117	116	118	114	115	118	115	119	131	133	144	139	145	143	144	143	144	143	144	144	144	142	141	141	141	142	141	140	140	140	140	139	139	137	137	137	132	135	130	139	145	138	144	135	114	124	111	111	102	98	96	98	107	113	113	111	110	108	108	110	114	117	117	117	118	123	116	125	132	135	143	143	141	139	142	140	140	144	144	144	145	144	142	141	143	143	141	141	142	142	142	142	142	142	142	142	142	140	141	143	143	143	142	141	141	143	141	141	143	143	141	141	143
42	159	159	159	159	159	158	158	158	159	157	157	160	160	158	158	160	159	159	159	160	159	157	158	159	161	147	143	124	122	125	122	124	120	121	120	118	118	118	118	117	115	108	108	106	107	109	107	110	113	112	116	113	118	115	120	120	121	121	121	121	122	123	124	125	126	126	126	127	127	128	128	128	126	127	129	132	132	131	130	130	134	133	133	134	134	134	134	135	134	138	132	140	136	137	137	137	134	138	136	140	140	137	139	137	138	137	137	137	138	138	138	138	138	140	138	138	141	140	138	141	140	140	140	140	141	142	144	144	144	146	144	147	147	145	148	146	147	148	150	151	151	151	151	151	149	151	148	151	151	150	153	151	153	153	153	154	154	155	156	156	154	155	155	156	157	158	158	158	157	161	161	158	158	161	160	156	159	160	161	162	162	162	162	162	160	161	170	197	208	204	180	163	170	166	176	171	174	172	175	174	179	178	179	180	180	179	180	182	182	183	186	190	191	190	190	192	184	182	181	183	184	185	186	187	190	191	192	193	193	193	195	195	196	197	197	195	195	196	196	195	196	196	195	192	189	188	184	181	169	164	167	156	157	153	149	145	147	146	146	146	146	146	147	150	154	161	170	177	189	186	197	195	196	197	197	197	197	199	201	201	203	202	201	200	200	202	203	204	204	205	205	204	205	206	205	203	203	203	204	205	205	205	206	206	207	206	210	214	217	217	208	194	195	191	187	175	173	162	154	141	139	132	130	147	146	152	142	116	121	122	134	137	136	138	136	137	138	138	138	138	137	135	135	136	134	137	138	137	143	150	147	174	220	232	216	217	207	209	208	206	208	205	204	206	207	208	208	209	209	208	207	207	207	207	206	205	208	206	206	207	208	207	207	207	207	204	201	198	200	202	202	201	200	198	200	201	200	202	203	201	200	199	200	201	201	201	205	208	208	208	204	190	166	152	156	151	139	133	131	136	140	138	138	140	141	139	127	113	141	160	176	164	162	161	164	155	161	156	157	150	148	145	139	133	130	130	130	128	127	133	132	128	132	137	141	144	147	158	156	167	160	165	163	162	163	163	163	164	165	166	166	167	165	163	163	162	162	163	163	163	164	165	162	163	166	162	159	164	161	161	161	161	161	161	161	161	163	162	162	162	162	162	162	161	143	164	208	223	218	176	133	160	165	164	163	163	163	164	164	164	162	161	161	162	162	163	162	161	163	162	162	162	162	163	162	162	161	162	163	162	162	161	159	156	158	159	157	155	154	153	151	148	143	138	136	127	123	123	118	118	117	121	114	118	119	113	124	132	136	147	142	147	144	145	143	144	144	145	145	144	143	142	142	142	143	142	141	141	141	140	139	139	138	138	137	136	136	128	143	141	142	143	134	117	123	109	110	105	98	97	100	108	114	114	112	111	109	108	110	114	117	118	118	119	123	119	126	131	138	143	141	142	145	143	143	144	143	144	145	143	145	143	142	143	143	142	142	142	142	142	142	142	142	142	142	142	140	141	143	143	143	142	142	142	143	142	142	143	143	142	142	143
43	160	160	160	159	159	158	158	158	158	157	158	160	160	158	158	159	159	159	160	160	159	158	158	159	161	151	143	125	120	124	122	125	122	123	122	122	122	123	123	123	121	112	111	109	110	112	109	113	112	111	116	113	118	116	121	120	118	118	118	119	120	122	124	125	125	125	125	125	125	125	125	125	129	128	128	129	130	130	131	132	133	133	133	133	134	134	135	135	134	138	132	140	136	137	138	137	138	139	134	137	138	137	140	138	138	138	137	137	138	139	139	139	138	140	139	140	141	140	140	140	141	140	140	140	140	141	143	143	142	144	142	144	145	142	146	144	145	146	146	146	146	145	145	145	144	145	144	146	146	145	147	146	146	146	146	146	146	147	147	148	149	147	144	142	143	145	149	151	153	154	153	152	153	157	160	159	157	158	160	161	161	160	161	161	162	155	160	190	206	207	179	154	169	165	173	176	167	178	171	175	176	175	176	178	178	176	177	178	179	179	179	179	179	180	182	184	185	183	182	182	183	183	184	185	188	189	190	190	191	192	193	194	191	193	197	199	199	197	194	191	194	194	192	189	187	185	183	179	172	166	169	160	161	156	153	150	146	145	145	146	147	147	148	151	154	160	172	176	191	186	198	195	198	198	199	199	200	201	203	203	203	203	203	204	204	204	204	204	207	206	205	204	204	204	202	201	202	203	203	204	204	205	205	205	206	205	210	216	218	217	208	194	194	192	186	176	173	161	155	141	139	133	131	145	145	154	140	117	122	123	135	138	137	139	137	137	139	139	139	138	137	135	136	136	137	135	142	145	142	146	159	187	220	233	225	223	209	208	209	209	209	207	205	207	208	208	208	209	210	208	207	207	208	208	207	205	208	207	207	207	208	208	208	208	206	203	199	198	200	202	202	201	202	197	200	202	199	201	204	200	201	201	202	203	204	204	207	208	213	210	204	185	163	149	157	151	139	133	131	137	140	139	139	141	141	138	127	116	141	161	177	164	164	163	164	158	161	157	157	152	149	145	139	134	131	131	130	129	128	133	131	129	133	136	141	146	149	159	158	167	163	166	165	164	166	166	165	165	165	165	166	166	167	165	164	163	162	163	163	163	165	164	162	163	164	162	161	164	162	162	161	161	161	161	161	161	163	162	162	163	163	164	163	163	141	166	212	228	218	177	137	160	167	166	164	164	164	164	164	163	167	166	165	165	165	164	163	162	164	163	162	162	163	163	162	162	164	163	162	161	161	161	160	159	160	160	159	156	154	153	151	147	145	139	136	128	123	123	118	119	117	123	114	120	119	112	129	134	138	148	143	148	145	145	144	145	145	145	146	146	145	144	144	144	144	143	142	141	141	141	140	139	139	140	136	139	136	126	145	137	147	144	130	115	121	113	112	103	98	97	101	109	114	113	112	112	110	109	111	115	118	118	119	121	122	121	127	131	140	144	140	144	148	143	145	146	142	144	146	141	144	143	142	142	143	142	142	142	142	142	142	143	143	143	144	144	144	143	142	141	141	142	144	145	143	143	143	143	143	143	143	143
44	160	160	160	159	159	159	158	158	156	158	159	158	158	159	159	157	158	159	160	159	159	159	159	159	164	157	144	128	119	124	124	126	126	125	124	124	123	123	122	123	125	114	112	110	111	113	109	114	114	114	118	114	119	115	119	118	121	121	121	121	121	121	122	122	123	124	125	126	127	128	129	129	129	129	129	129	130	131	132	132	132	133	133	133	134	135	136	136	134	139	133	139	136	138	138	137	141	140	134	136	139	138	141	137	139	138	138	138	139	140	140	140	139	139	140	141	140	141	141	140	143	142	141	141	141	142	142	143	142	144	141	144	144	143	146	144	144	144	145	145	145	146	147	148	146	145	146	146	146	147	146	147	146	146	145	145	145	145	145	146	143	144	144	144	144	144	144	144	143	140	140	142	143	144	146	150	146	147	149	149	149	149	149	150	155	147	161	197	209	209	179	143	165	161	170	174	165	176	169	172	171	172	175	178	180	180	182	184	183	182	180	177	174	173	174	174	179	179	180	181	182	184	186	186	184	185	187	187	188	189	190	191	194	193	193	194	194	195	195	196	194	194	192	189	187	186	183	180	169	162	164	154	154	149	145	143	148	147	146	146	146	145	146	148	154	159	173	176	192	186	199	195	198	199	201	202	203	203	204	204	203	204	205	205	206	206	205	205	205	204	204	204	205	204	204	204	203	203	203	203	204	204	204	204	205	204	209	216	219	216	206	192	192	192	185	176	174	160	156	141	137	135	134	142	144	156	139	117	123	124	136	138	137	139	137	137	140	140	139	138	136	136	136	137	138	131	148	152	136	140	171	196	231	237	229	219	203	205	210	211	210	208	207	208	208	207	207	208	210	208	207	207	208	208	207	205	208	208	208	207	208	208	208	207	203	199	196	197	200	202	202	201	203	198	200	201	197	199	203	199	201	201	202	202	203	205	207	207	213	210	205	183	162	148	157	149	138	133	132	137	141	140	140	141	143	139	128	121	142	165	181	167	165	166	163	164	159	161	157	155	151	146	140	135	133	132	131	131	130	131	129	131	135	135	140	149	149	159	160	168	165	167	167	166	168	167	166	165	165	166	167	168	166	166	163	164	164	164	165	166	165	162	162	163	162	162	164	164	163	163	163	162	162	161	161	161	163	163	163	164	165	165	164	164	144	172	214	224	212	176	144	161	165	164	164	164	164	165	166	166	165	165	165	165	166	166	165	164	165	164	163	163	164	163	163	162	164	162	161	161	162	161	161	161	157	158	157	155	155	155	154	151	147	140	137	129	124	123	118	120	117	123	115	122	119	113	132	134	138	149	143	148	146	146	145	146	146	146	147	147	146	145	145	146	145	144	143	143	142	142	141	140	139	139	136	139	137	127	145	138	140	141	129	116	119	117	114	98	97	97	103	111	115	114	112	112	112	111	112	116	119	119	120	122	121	121	128	133	141	145	141	147	145	141	144	146	143	145	148	144	144	143	143	142	142	143	142	142	143	143	143	143	144	144	144	144	145	145	143	142	141	142	144	145	143	144	144	143	143	144	144	143
45	160	160	160	160	159	159	159	159	157	159	160	157	157	160	160	157	157	159	159	158	158	159	159	159	163	159	144	129	118	123	124	126	123	122	122	123	123	122	123	124	126	114	111	109	110	111	108	113	114	114	118	116	120	117	121	120	123	124	124	125	125	126	126	126	128	128	128	129	130	130	131	131	127	130	132	132	133	133	132	130	132	133	134	133	134	136	137	137	134	139	134	139	136	138	139	137	140	140	135	139	142	140	140	135	140	139	139	139	140	141	141	141	140	138	141	142	140	141	142	140	144	143	143	142	142	142	143	143	146	148	145	148	148	147	151	149	151	151	151	150	149	150	151	152	147	144	148	145	145	148	145	147	148	147	147	147	146	146	146	146	147	148	149	149	149	148	147	146	152	149	150	154	154	150	149	152	151	152	152	152	152	152	153	154	147	143	160	192	196	196	172	142	156	153	163	158	162	159	162	160	162	162	165	168	169	169	171	173	172	174	176	175	175	176	176	175	172	175	176	177	178	181	182	183	183	184	185	186	187	188	190	191	191	189	189	190	191	191	192	194	190	190	189	186	185	183	180	177	172	164	166	157	158	153	150	150	146	145	145	146	145	145	146	149	154	159	173	174	193	185	200	196	197	199	202	204	204	204	204	203	205	205	204	204	204	205	206	207	206	204	203	204	204	203	203	203	203	203	203	203	203	204	204	205	205	203	208	215	218	215	204	191	192	192	183	175	173	158	157	140	136	136	136	140	143	157	138	118	124	124	136	139	137	139	137	136	140	140	138	138	137	137	137	138	138	132	152	153	134	138	181	208	237	234	226	215	204	208	212	209	211	209	209	209	209	207	207	208	209	208	207	207	207	207	206	205	208	209	209	208	208	209	207	205	199	197	196	198	200	202	202	202	203	200	199	199	198	199	201	200	198	199	199	199	201	203	205	204	210	207	205	183	165	148	157	147	138	133	132	138	142	141	140	142	144	138	127	124	141	166	182	168	166	168	163	167	159	163	157	158	152	147	141	137	135	133	132	133	131	131	129	132	136	135	140	151	150	159	162	168	168	168	169	167	168	168	166	166	167	168	170	171	169	168	167	166	166	165	165	166	165	162	163	164	162	163	166	164	164	164	164	163	163	162	162	162	164	164	164	165	165	165	165	164	146	176	216	226	211	176	146	158	167	166	165	164	164	165	165	164	165	164	163	163	163	163	162	161	166	165	164	164	164	164	163	162	161	161	162	164	164	162	160	160	158	159	158	156	155	155	153	150	149	141	138	130	125	123	118	121	118	120	117	122	118	117	132	134	139	150	144	149	146	148	147	148	147	147	148	148	147	147	147	147	147	146	145	144	144	143	142	141	138	138	136	137	139	131	145	142	143	145	133	118	113	113	114	101	96	98	105	114	117	114	112	113	113	112	114	117	120	120	120	121	120	120	129	136	142	146	145	147	145	143	144	145	144	145	145	143	144	144	143	142	143	144	143	142	145	145	145	144	144	143	143	143	143	144	145	145	145	144	143	143	143	144	144	143	143	144	144	143
46	160	160	160	160	160	160	160	160	160	159	159	159	160	159	159	160	158	159	159	158	157	159	160	159	160	160	143	132	118	123	124	124	126	125	125	127	128	127	128	130	131	119	115	114	115	116	113	118	115	115	120	117	123	120	124	123	119	120	122	123	124	125	125	125	127	127	127	127	127	126	126	126	128	131	133	133	133	134	133	131	133	135	135	134	134	137	137	136	134	140	134	139	136	139	139	137	139	141	138	141	141	139	141	138	141	140	140	141	142	142	141	141	142	138	142	144	140	142	144	141	143	143	143	143	143	144	144	144	144	146	142	145	145	144	148	146	149	149	149	148	147	146	146	146	147	143	148	145	145	148	143	146	147	147	147	147	147	146	146	146	149	149	148	147	147	147	148	149	146	145	146	147	147	145	143	143	146	146	145	145	144	144	146	147	147	139	140	166	182	186	159	133	146	149	151	148	154	147	151	150	148	148	149	150	149	148	148	150	149	152	156	157	160	164	166	166	168	171	172	171	172	175	177	177	178	179	181	182	184	185	187	188	185	185	187	190	191	188	187	188	184	185	184	182	180	179	175	172	166	157	159	150	152	148	147	148	144	143	143	145	145	146	147	150	153	157	172	172	192	183	200	195	196	198	201	203	203	203	203	202	205	204	204	204	204	204	204	205	206	204	202	203	203	202	202	203	203	203	203	203	204	204	205	206	207	203	207	213	215	213	204	192	192	193	182	175	172	156	156	139	137	134	134	140	145	156	135	122	124	125	136	139	138	140	138	138	140	138	139	139	139	138	139	139	138	138	148	150	147	150	190	218	232	228	227	217	208	211	214	209	210	209	209	210	209	207	207	209	208	208	208	207	207	206	206	205	207	209	209	208	208	208	206	203	200	198	198	200	202	201	201	202	201	202	199	198	201	201	200	201	201	202	202	201	204	207	209	207	209	207	206	181	166	148	157	146	139	133	133	139	143	142	141	143	145	138	126	125	139	166	182	168	168	167	166	165	162	160	158	159	152	147	141	138	135	133	132	133	131	133	132	133	137	138	143	151	152	160	163	168	169	168	170	167	168	168	168	168	169	170	171	172	172	170	170	168	167	164	163	164	167	163	166	167	162	164	167	164	164	165	165	165	165	164	163	163	166	166	166	166	166	165	163	162	154	180	218	230	213	174	146	158	169	168	166	165	165	165	164	164	169	168	167	167	166	165	164	163	166	165	164	164	164	163	163	162	162	161	162	164	164	162	160	160	161	161	159	156	154	153	150	147	149	140	137	130	125	123	119	122	120	117	120	122	118	122	132	134	141	151	145	150	148	149	148	149	147	148	149	149	148	148	148	148	148	147	146	145	145	144	143	142	140	139	139	135	141	136	142	146	154	148	131	118	111	112	114	104	96	99	108	117	119	116	113	114	114	114	115	119	121	121	120	121	121	118	131	140	142	146	147	145	146	147	145	145	146	145	142	143	145	146	145	143	143	145	145	143	146	146	145	145	144	143	143	143	143	144	146	146	146	145	144	144	144	145	145	144	144	145	145	144
47	159	160	160	160	160	160	160	160	163	158	158	162	162	158	159	164	159	160	160	157	157	159	160	159	160	162	145	135	121	126	126	126	128	126	125	126	125	123	123	125	129	117	113	112	114	114	112	117	120	119	123	120	124	119	122	121	125	126	127	127	127	127	125	125	127	127	128	129	130	131	131	132	131	133	132	131	131	134	135	133	134	136	136	134	135	137	137	136	134	140	134	139	136	139	139	137	139	142	139	140	138	137	143	144	141	141	141	142	143	143	142	141	143	139	143	145	140	142	146	141	141	142	143	143	144	144	145	145	147	149	146	148	148	147	151	149	147	148	150	150	150	150	150	151	148	144	150	146	146	149	144	148	146	146	147	147	147	147	146	146	145	146	147	148	148	147	147	146	145	148	148	145	145	149	149	147	149	149	148	147	146	147	148	149	140	147	147	165	179	177	151	140	143	155	143	151	148	146	145	147	148	147	148	149	148	147	147	149	145	146	146	144	145	148	151	151	152	155	157	156	158	162	166	166	170	171	173	175	177	179	181	182	188	186	187	189	189	187	187	189	192	193	193	191	189	187	184	180	169	159	160	150	151	146	144	145	146	144	144	145	144	144	145	147	152	155	170	169	190	181	198	193	196	197	200	201	202	202	203	202	202	203	205	206	206	204	202	200	202	199	199	202	203	203	204	206	203	203	203	203	204	205	206	207	209	204	206	212	214	212	204	194	193	194	181	174	171	155	156	138	138	131	132	142	147	155	133	125	124	124	136	140	138	141	139	139	137	138	139	140	140	139	139	140	141	143	143	146	164	168	195	222	231	229	232	218	204	206	213	212	210	209	209	210	209	208	208	210	207	208	208	207	206	205	205	206	207	209	210	209	208	208	206	202	202	201	201	203	202	200	199	200	199	203	200	199	204	202	199	202	198	199	199	198	201	205	207	206	213	209	206	179	163	146	157	146	139	134	134	140	144	143	142	144	148	140	128	127	140	167	183	169	168	166	168	162	164	158	160	158	152	146	140	138	135	133	132	134	129	136	135	132	136	141	146	150	154	161	165	168	170	167	170	167	170	170	170	170	170	170	171	171	169	168	169	171	169	167	166	168	168	164	167	168	163	165	168	163	164	164	165	166	166	165	164	164	168	168	167	167	166	164	162	161	169	186	217	228	209	171	149	167	166	165	165	165	166	167	168	168	163	163	163	163	164	165	164	164	165	165	164	163	163	163	162	161	165	162	161	162	162	160	160	161	159	159	158	156	154	154	151	148	148	139	136	129	125	123	119	122	122	115	122	122	119	125	132	134	143	153	147	151	148	149	149	150	147	148	149	149	149	148	148	149	149	148	147	146	145	144	143	142	143	142	143	134	142	138	139	147	152	140	123	121	118	117	113	99	97	100	110	119	121	117	114	115	115	114	116	120	122	121	120	120	123	117	133	142	141	148	148	143	143	147	144	143	148	147	144	147	146	147	146	144	144	146	146	144	145	145	145	145	144	144	144	144	144	145	145	145	144	144	145	146	144	145	145	144	144	145	145	144
48	159	160	162	163	162	161	159	158	159	159	159	160	160	160	161	161	161	160	160	160	160	161	161	161	162	163	148	135	121	128	126	125	126	125	126	120	135	142	133	143	142	127	117	110	114	114	117	116	120	118	119	121	121	119	122	127	126	122	127	126	122	124	121	129	130	130	129	129	129	131	132	133	130	132	134	134	133	133	134	136	137	136	135	135	135	136	137	138	137	139	136	138	138	136	141	139	142	142	143	144	144	143	142	142	142	144	143	141	141	143	143	141	143	145	146	145	145	147	147	145	146	148	148	147	147	148	147	145	145	145	145	145	146	146	146	146	148	148	148	147	147	147	148	148	149	148	147	146	147	148	148	148	148	147	150	146	147	150	147	148	146	146	146	146	147	147	147	147	145	143	147	147	151	144	146	145	147	147	147	147	147	147	147	147	144	144	148	155	161	160	151	143	147	148	149	150	149	148	148	148	149	149	149	149	150	150	151	151	153	150	153	152	158	154	158	159	161	161	161	162	163	164	164	165	160	162	165	166	166	166	165	164	170	169	169	170	172	172	170	168	170	168	167	168	168	165	164	164	156	156	153	148	147	147	146	143	143	144	144	144	144	144	144	145	150	153	170	171	188	184	193	191	193	195	196	199	199	199	196	195	200	204	200	198	204	204	200	205	200	200	200	200	200	202	203	205	202	201	203	206	206	203	201	202	203	206	209	215	210	211	203	197	198	187	185	173	171	155	159	140	136	136	137	139	148	156	132	125	128	126	137	135	142	141	142	144	142	141	141	143	142	138	138	141	146	141	138	145	167	183	208	215	231	227	226	209	207	208	210	209	209	208	208	207	207	208	208	209	209	210	208	205	203	204	204	202	209	210	210	207	207	207	206	203	201	204	204	201	199	200	201	201	201	201	200	200	200	200	200	200	202	201	200	198	200	204	209	209	212	203	209	178	160	150	158	150	137	136	137	143	145	145	145	148	149	144	130	132	136	163	191	170	167	172	167	163	166	165	159	158	149	148	137	139	137	132	135	130	133	134	134	134	137	142	149	153	153	162	163	174	170	171	170	169	172	167	170	169	174	167	170	171	169	170	171	171	169	168	168	168	170	169	167	166	166	167	167	168	166	167	167	167	166	165	166	166	169	164	168	166	163	165	164	152	171	192	215	222	209	168	147	170	170	170	167	165	166	168	167	164	167	167	167	167	166	166	166	166	168	165	168	165	164	166	163	165	167	165	164	165	165	163	162	163	162	162	161	159	157	155	153	153	148	142	138	129	130	124	126	123	125	120	125	120	123	126	135	137	145	148	149	149	150	151	152	151	151	151	151	151	151	150	148	146	147	148	148	146	146	147	146	144	145	144	142	141	139	140	142	144	149	141	130	123	122	120	113	104	96	100	113	123	122	118	117	114	117	117	119	122	122	120	120	122	123	123	137	138	148	147	145	145	147	146	146	145	145	145	146	146	145	145	145	146	147	147	146	145	145	145	145	145	146	146	146	146	145	144	145	148	149	148	147	149	146	149	150	148	147	148	147	145
49	159	160	160	160	160	160	159	159	160	160	160	160	160	160	160	160	158	158	157	157	158	159	158	158	165	163	148	138	123	125	123	126	126	126	126	120	138	155	148	154	169	141	116	104	119	113	119	118	121	121	121	123	126	127	125	122	121	121	126	128	126	129	131	129	127	128	130	131	131	131	129	129	132	133	134	134	134	134	135	136	139	138	138	137	138	139	139	140	136	140	139	143	143	140	143	140	143	142	141	140	140	141	142	143	143	144	144	142	142	144	144	143	143	145	146	145	146	147	148	146	146	148	148	147	147	148	148	146	146	146	146	146	146	147	147	147	147	147	147	147	147	147	147	147	150	149	148	147	148	148	148	148	147	146	149	146	146	149	146	147	145	145	145	145	145	145	145	145	152	147	148	143	147	142	147	148	148	148	148	148	148	148	148	148	148	147	148	152	156	156	152	147	149	149	149	148	147	148	149	150	149	149	149	148	149	149	149	149	148	145	148	145	150	145	149	149	147	147	147	148	148	148	148	149	149	148	148	148	148	149	151	152	150	148	146	146	147	149	148	148	149	147	146	148	147	145	144	144	144	146	147	147	148	150	149	146	143	144	144	144	143	143	144	145	150	152	165	166	182	180	191	191	196	195	197	197	202	202	205	205	198	202	200	198	201	198	193	196	199	200	200	200	200	200	201	202	204	202	201	202	203	204	207	210	208	207	202	203	206	212	203	191	191	185	186	173	169	152	156	140	139	137	135	139	145	154	134	126	126	127	138	139	143	143	139	141	142	141	142	144	143	139	139	141	150	148	145	150	175	195	219	221	225	224	226	211	210	209	208	206	207	207	206	206	206	206	206	207	207	207	206	204	203	205	206	205	207	208	208	206	206	207	206	203	204	205	203	200	198	200	202	202	202	202	201	201	200	200	200	200	201	201	200	198	200	204	208	208	213	207	206	180	156	151	154	149	138	136	139	145	147	146	146	148	150	145	131	132	137	164	189	169	165	168	167	166	167	164	158	155	151	148	138	138	137	132	136	132	133	134	134	135	137	142	149	154	155	163	162	171	168	169	171	171	170	169	172	167	172	168	171	169	167	169	170	169	168	167	167	168	167	167	167	168	168	168	166	165	166	166	167	166	166	166	166	167	167	163	168	167	166	169	166	159	173	198	219	227	212	168	147	160	168	168	167	165	166	168	167	165	168	167	167	167	166	166	165	165	166	164	169	167	167	168	163	165	167	164	164	165	165	163	162	163	162	162	162	160	158	155	153	152	148	142	139	130	130	125	126	123	126	121	126	121	124	127	137	139	145	148	150	150	150	152	153	152	150	150	150	151	151	150	148	147	147	148	147	145	145	147	146	144	144	144	143	141	141	141	143	144	149	141	130	123	121	120	112	104	97	102	114	123	122	119	117	115	115	116	118	122	123	122	122	124	123	124	138	139	149	149	147	147	146	146	146	146	146	147	147	147	150	148	145	144	144	146	148	149	146	146	146	146	146	146	146	146	146	145	146	148	148	147	147	148	146	148	149	148	147	147	147	145
50	161	160	159	158	158	159	161	161	162	161	161	160	160	159	159	159	162	161	160	160	161	162	162	161	164	159	147	139	126	125	126	132	127	128	126	118	137	161	157	160	178	153	117	100	122	116	123	116	119	122	124	123	124	128	126	121	121	120	117	121	120	122	136	129	136	135	134	133	133	134	136	137	135	135	135	135	135	136	136	136	137	137	137	137	137	138	138	138	133	138	137	141	141	138	141	138	144	143	142	141	141	142	143	144	143	144	144	143	143	145	145	145	145	146	146	145	146	148	148	148	147	148	148	147	147	149	149	148	147	147	147	147	147	147	147	148	146	146	147	147	147	147	147	146	150	150	149	149	149	149	148	147	148	147	150	146	146	149	146	147	149	149	149	149	149	149	149	149	147	145	148	146	150	146	149	148	149	149	149	149	149	149	149	149	151	150	149	151	153	153	151	149	148	149	149	148	148	148	148	149	149	148	148	148	148	148	148	148	151	148	151	148	152	147	150	149	152	152	152	152	152	152	152	152	151	151	149	148	148	149	152	155	154	152	150	150	151	152	151	151	153	151	151	152	152	150	149	149	142	143	145	146	147	148	146	144	143	143	143	142	142	142	144	145	151	152	162	161	174	172	182	181	183	180	185	181	190	188	194	193	195	200	200	200	202	201	199	203	196	197	198	199	199	199	200	201	202	201	202	204	204	202	202	202	203	206	206	204	205	202	199	199	195	191	191	181	177	158	155	137	140	136	134	142	143	154	137	125	126	128	136	142	141	145	139	143	143	143	143	144	144	140	140	142	145	145	145	152	178	200	221	219	226	223	224	207	207	208	210	209	208	207	207	207	206	206	207	207	209	209	207	204	203	204	205	205	206	207	206	205	205	206	205	204	205	204	201	198	198	201	202	202	202	202	202	201	201	200	200	199	200	200	199	198	200	203	207	207	213	209	203	180	153	153	151	148	139	138	140	146	148	148	147	149	150	146	133	133	140	165	187	169	166	165	167	167	165	163	160	153	154	149	139	137	136	133	136	135	134	134	134	135	137	143	150	154	156	163	162	171	167	169	170	171	169	170	173	166	170	170	173	168	167	168	169	169	168	168	168	168	166	166	167	168	169	168	166	164	165	166	166	166	166	166	167	167	168	166	169	169	167	169	161	160	185	205	211	218	201	167	161	173	165	166	167	166	166	167	167	166	168	168	167	167	166	165	165	165	166	165	169	167	167	169	165	167	166	164	164	165	165	164	163	164	162	162	162	161	158	156	153	152	148	142	139	130	131	125	126	123	126	122	126	122	126	128	140	141	146	148	150	150	150	152	153	152	150	150	150	150	151	150	149	147	147	147	146	145	145	146	146	144	143	143	143	142	142	142	143	144	149	141	130	122	121	118	112	105	98	105	116	123	123	119	118	118	119	119	121	123	123	121	121	122	124	125	139	141	150	150	149	148	146	146	147	147	148	148	148	148	147	147	147	148	148	148	147	146	146	146	146	146	146	146	146	146	147	146	147	148	148	146	146	147	145	147	148	147	147	147	147	146
51	162	161	160	159	159	161	162	163	162	162	161	161	160	160	159	159	159	159	158	158	159	159	159	159	162	159	150	139	128	127	130	134	129	128	125	119	133	160	159	166	177	167	121	94	117	120	125	117	120	125	127	123	120	122	126	129	142	141	134	140	135	122	140	131	136	134	132	131	131	133	136	137	137	136	136	137	138	138	138	137	139	140	140	141	141	141	141	141	142	145	142	144	144	142	147	145	143	144	144	144	144	144	144	143	144	145	144	144	144	145	145	145	147	147	147	146	146	147	148	148	149	149	149	148	148	149	150	150	147	147	147	147	147	147	147	148	146	146	147	148	148	147	147	146	150	149	149	149	150	149	149	148	149	148	151	147	147	150	146	147	147	147	147	147	147	147	147	148	145	144	149	147	152	148	150	148	149	149	149	149	149	149	149	149	149	150	152	153	154	152	150	148	146	148	150	151	150	149	148	147	149	149	148	148	148	148	148	148	149	148	151	148	153	148	151	149	150	150	149	149	149	149	149	149	151	152	152	152	152	152	153	154	150	150	151	151	152	152	150	148	150	149	149	150	150	149	148	148	148	147	146	145	145	145	144	143	143	143	143	142	141	142	143	145	143	144	151	149	156	152	156	154	158	155	162	155	166	159	165	161	164	167	168	169	171	173	178	182	179	181	184	187	190	192	194	195	194	196	199	202	203	202	201	201	205	202	200	202	206	196	193	198	194	183	171	160	162	153	151	136	138	134	133	147	144	154	138	123	127	129	134	142	138	147	141	148	144	144	145	145	144	142	142	142	145	149	155	168	192	207	224	225	228	224	223	206	205	207	211	211	209	208	208	208	207	207	207	207	210	210	208	205	204	205	206	205	207	207	206	205	205	206	205	204	204	202	199	198	199	202	202	201	201	201	202	202	201	201	200	199	200	200	198	197	199	203	207	207	213	208	202	176	155	152	151	149	140	139	141	146	148	148	148	151	151	146	134	134	143	168	185	170	170	165	166	167	162	162	162	155	155	148	140	137	136	133	134	136	134	134	134	135	138	144	150	155	154	163	163	173	169	169	169	168	170	170	173	167	171	169	172	169	169	169	170	169	169	169	169	169	168	167	166	166	167	167	166	166	166	166	167	167	166	166	167	167	167	167	169	168	166	167	154	161	186	203	208	223	200	162	155	158	164	165	166	167	166	166	167	167	167	167	167	167	166	166	166	165	170	166	168	164	164	167	166	169	166	165	164	165	165	164	164	163	163	162	162	161	159	157	154	152	147	142	139	131	132	126	127	123	125	123	125	124	128	128	141	140	146	149	150	150	150	151	152	151	150	150	150	150	150	150	148	147	148	148	147	146	146	146	145	144	142	143	143	143	142	142	143	143	149	140	129	122	121	118	111	105	98	108	118	123	124	120	117	119	121	120	122	123	123	121	121	123	124	127	141	141	150	151	150	149	146	147	148	148	148	148	148	148	145	146	148	149	150	148	146	143	147	147	147	147	147	146	146	146	148	147	147	147	147	147	147	147	146	147	148	147	147	147	147	147
52	161	161	161	160	161	161	162	163	161	161	161	161	161	160	160	160	160	159	158	159	159	160	160	160	164	165	157	139	129	127	130	130	130	128	126	124	131	159	164	177	190	182	122	86	109	122	123	125	126	126	128	127	124	122	127	134	161	162	158	170	160	125	136	128	130	132	135	138	138	137	136	134	138	138	138	138	140	141	140	140	140	140	141	142	142	142	141	141	140	142	139	141	140	138	142	141	143	144	144	144	144	144	144	143	146	145	145	145	145	144	144	145	149	148	147	147	147	147	148	149	151	150	150	149	149	149	150	150	147	147	147	147	147	147	147	147	147	147	148	149	149	149	148	147	149	149	149	149	150	150	150	149	150	148	151	147	147	150	147	148	147	147	148	148	148	148	148	148	153	150	150	144	147	145	149	149	150	150	150	150	150	150	150	150	147	149	152	153	153	152	150	149	147	149	150	151	150	149	148	148	150	150	150	149	149	149	149	149	148	148	151	148	152	149	152	149	153	153	153	153	153	153	153	153	148	149	151	151	151	150	150	150	151	151	152	153	153	153	152	151	151	151	150	150	150	151	150	149	147	146	145	145	145	145	145	145	145	144	144	143	142	143	145	146	143	143	147	144	147	142	143	142	138	134	141	134	144	136	142	138	138	139	140	141	140	142	147	149	150	153	157	161	165	167	170	171	179	180	181	183	187	192	197	199	207	202	194	191	191	192	195	201	213	207	192	181	177	161	151	135	137	135	130	148	144	154	138	123	128	130	135	142	139	148	142	148	144	145	146	145	145	143	143	143	138	145	161	181	199	201	216	222	225	223	226	211	210	209	209	207	208	208	207	207	207	206	206	205	207	208	207	205	206	208	210	210	210	208	206	206	205	205	205	205	201	199	197	199	201	202	201	200	200	200	201	201	201	200	199	199	200	199	197	196	198	203	208	209	215	208	203	171	159	150	152	149	141	139	140	145	148	149	150	153	151	146	136	135	146	172	185	172	173	167	168	169	163	162	162	156	154	146	141	138	137	134	132	135	134	134	135	136	139	144	151	156	155	164	164	173	169	170	170	169	172	169	171	170	174	168	171	171	171	171	170	170	169	169	169	168	168	167	167	167	167	167	167	167	167	167	168	167	167	166	166	167	165	167	168	168	167	168	150	167	204	209	204	220	193	162	163	170	164	165	166	167	166	165	166	166	166	166	166	166	166	167	167	167	170	166	168	164	164	167	165	168	167	166	166	165	165	165	164	162	163	163	162	161	160	158	154	152	147	141	139	131	132	126	127	124	123	124	125	126	129	127	141	138	147	149	150	150	149	150	150	150	151	151	150	150	150	150	148	147	150	149	148	148	147	146	145	144	143	143	143	143	142	142	143	144	151	140	128	122	121	118	111	105	96	110	120	124	126	121	117	120	118	118	120	123	124	124	125	127	125	128	143	142	150	150	149	148	147	147	148	148	148	148	147	147	150	148	147	146	146	147	148	148	148	148	147	147	147	147	147	147	147	148	148	147	147	148	148	148	147	147	148	148	147	146	147	147
53	160	160	161	161	161	161	161	160	161	161	161	161	161	161	161	161	163	162	161	162	162	163	163	163	162	165	161	140	131	128	133	131	133	130	128	127	127	158	167	185	201	189	126	79	112	127	120	128	129	125	125	129	130	127	127	130	161	162	161	173	168	124	131	132	135	136	138	140	141	141	140	140	139	139	140	141	141	142	142	143	141	142	142	143	143	143	143	142	145	148	147	150	149	145	147	144	148	147	145	144	144	145	147	148	147	146	145	146	145	144	144	145	149	148	148	149	149	148	148	149	152	151	151	151	151	150	150	151	148	148	148	148	148	148	149	149	149	149	150	150	151	150	150	150	150	149	149	150	151	151	151	151	149	148	151	147	147	151	147	148	151	151	151	151	151	151	151	151	151	150	152	146	150	147	151	148	150	150	150	150	150	150	150	150	150	150	151	151	151	151	152	152	151	151	150	149	148	149	150	152	151	151	151	150	150	150	151	151	152	151	155	150	154	151	154	151	149	149	150	150	150	151	151	151	152	153	152	152	151	151	153	154	149	148	148	147	147	148	149	150	148	148	148	147	147	148	147	145	145	144	145	147	147	146	145	145	145	145	145	144	144	144	145	147	149	148	149	147	147	146	148	148	149	145	148	142	150	146	152	151	159	158	162	164	160	161	163	161	159	160	161	162	162	162	162	162	161	162	163	163	164	167	168	167	159	165	173	192	199	205	180	150	143	153	153	154	155	146	141	135	136	137	126	146	142	153	138	127	129	131	139	144	143	147	141	144	144	146	147	146	145	144	144	143	140	152	176	198	210	203	217	227	227	225	226	209	209	209	210	208	209	209	209	208	208	207	206	205	207	208	208	206	207	209	210	209	212	210	207	206	205	204	204	205	200	198	198	200	202	202	201	200	200	200	200	199	199	199	198	198	199	198	197	196	199	204	209	210	217	209	204	167	160	149	151	148	141	139	141	146	149	150	151	155	151	146	137	135	149	175	184	175	172	169	170	172	168	164	160	155	155	145	142	139	137	135	131	135	134	134	135	136	139	145	152	157	158	166	164	172	168	170	172	173	174	169	172	171	175	168	171	173	172	171	169	169	169	169	168	168	167	168	168	170	170	169	168	166	168	168	169	168	167	167	167	167	166	169	168	168	166	167	144	169	208	205	200	215	183	160	159	164	166	166	166	167	167	166	165	166	165	166	166	166	167	167	167	167	168	166	169	167	166	168	163	165	167	167	166	165	165	165	164	162	164	163	162	161	160	158	155	152	147	142	139	131	132	127	128	125	124	125	125	127	131	127	143	138	147	150	151	150	150	151	151	150	153	152	151	151	150	150	148	147	151	149	148	148	148	146	145	145	144	144	143	143	142	143	145	147	153	140	126	122	122	120	112	105	95	113	123	127	129	123	116	120	119	119	121	123	124	124	125	127	125	129	144	142	149	150	150	148	148	148	148	148	148	148	147	147	150	149	149	148	149	149	149	148	148	148	148	148	148	147	147	147	147	148	148	147	148	149	150	149	148	148	148	149	148	146	147	148
54	160	161	161	161	161	161	160	160	161	161	161	161	161	161	161	161	160	159	159	159	160	160	160	160	160	162	161	143	135	129	134	134	135	133	129	125	122	160	174	192	208	203	149	69	111	131	124	127	129	127	127	129	132	131	129	127	160	162	160	164	168	128	133	140	137	137	136	135	136	138	140	141	140	141	143	143	142	142	143	144	147	148	148	149	149	149	149	149	143	147	146	149	148	144	147	144	151	150	148	147	147	148	150	151	148	146	146	147	147	145	146	147	149	147	148	150	150	149	149	151	152	151	151	152	152	151	150	152	150	150	150	151	151	151	151	151	151	151	151	152	152	152	152	152	152	151	150	151	151	152	152	152	151	150	153	149	149	153	149	150	149	149	149	149	150	150	150	150	146	148	154	151	155	152	153	149	151	151	151	151	151	151	151	151	151	151	150	150	150	151	152	153	152	152	150	149	148	149	151	153	152	151	151	151	151	151	152	152	151	151	153	148	152	149	152	149	152	152	152	153	153	154	154	154	153	152	152	151	150	151	152	153	153	152	152	151	151	151	152	153	151	152	152	150	150	151	150	148	148	146	145	147	147	145	145	145	145	146	146	146	145	145	146	147	146	147	146	146	146	146	147	148	146	144	144	142	145	144	147	146	137	134	138	141	137	138	140	136	139	139	139	138	136	134	132	132	132	135	136	134	132	130	126	122	118	117	136	190	207	211	152	91	122	132	127	126	128	128	135	140	133	138	123	145	143	153	136	129	131	131	142	143	146	146	142	144	144	146	147	146	145	144	144	143	134	152	178	198	206	198	211	221	230	226	224	206	206	208	211	212	209	209	209	209	208	207	206	206	208	209	208	207	207	208	207	206	213	210	207	206	205	204	204	205	201	199	199	202	203	202	200	200	200	200	199	198	197	196	196	196	196	197	197	198	201	205	210	210	216	210	200	167	158	151	149	149	140	139	142	148	151	152	153	156	153	147	138	136	152	178	184	178	174	173	171	172	171	165	158	157	156	144	143	140	138	136	130	136	134	135	135	137	140	146	153	158	159	167	164	173	169	172	174	175	173	171	174	171	175	170	173	172	172	171	169	169	170	170	170	169	169	169	169	170	171	171	169	168	168	169	169	169	168	168	168	169	168	171	169	168	166	166	139	171	239	225	211	208	170	164	167	173	169	166	165	167	168	167	167	167	167	167	167	167	167	168	168	168	167	166	170	168	168	169	164	166	167	167	166	165	165	166	165	163	165	164	162	161	160	158	155	153	149	143	140	131	133	128	129	127	125	128	125	129	132	128	147	141	147	150	151	151	151	152	153	152	153	152	151	151	151	151	150	149	150	148	147	148	148	146	146	146	146	145	144	143	143	146	149	151	155	140	125	122	124	121	113	105	93	115	127	131	134	125	116	120	122	121	122	123	123	122	123	124	125	130	145	142	149	151	151	149	149	149	148	148	148	149	149	149	148	149	150	151	152	150	148	146	149	149	148	148	148	148	147	147	148	149	149	148	148	150	151	150	150	149	149	149	148	146	146	148
55	162	162	162	162	162	162	161	161	162	162	161	161	161	161	161	161	163	162	162	162	163	163	163	163	164	162	162	146	138	126	131	134	132	133	128	122	121	168	186	202	220	226	177	57	101	129	132	129	128	133	134	131	130	132	133	132	159	163	162	161	169	130	127	134	139	139	141	142	143	142	142	141	141	143	144	144	142	142	143	145	144	144	144	145	145	145	145	145	149	151	148	150	150	148	152	150	149	149	149	149	149	149	149	149	148	146	146	148	148	147	147	149	147	146	148	151	152	150	150	152	151	150	151	153	153	152	151	153	152	152	153	153	153	153	153	153	153	153	153	153	153	153	154	154	154	153	152	151	152	153	153	153	153	152	155	152	152	155	152	153	153	153	153	153	153	153	153	153	153	153	155	149	153	151	154	151	152	152	152	152	152	152	152	152	151	151	151	151	151	151	151	151	151	151	152	151	151	151	151	152	151	151	151	151	151	152	152	153	153	153	155	150	154	152	156	153	153	153	154	154	154	155	155	155	152	153	154	154	153	152	152	152	150	151	152	152	152	150	150	149	150	151	150	148	148	150	148	146	151	147	145	145	146	146	148	150	147	147	148	148	147	147	148	148	147	149	150	152	150	150	148	148	146	146	146	146	145	145	142	141	149	143	146	148	143	145	149	144	143	144	145	146	146	146	147	148	144	145	144	142	141	144	144	143	142	127	131	175	166	174	152	134	129	140	136	138	140	136	132	132	129	138	121	146	146	154	134	128	133	131	142	139	146	144	145	147	144	147	147	145	145	144	144	143	136	157	185	200	206	201	215	222	225	223	225	210	209	209	210	208	207	208	208	207	206	205	204	203	204	205	206	206	207	209	209	208	213	209	206	206	205	203	204	205	203	201	201	203	203	201	200	201	201	200	199	197	195	194	194	194	194	196	198	199	203	207	210	209	213	210	195	168	154	154	148	151	139	139	143	150	154	154	154	156	154	148	139	136	153	179	184	179	176	176	171	169	170	164	157	160	158	145	144	140	138	137	131	138	134	135	135	137	140	146	153	158	158	166	166	176	173	174	174	174	172	173	176	169	173	172	175	171	173	172	170	170	171	172	172	171	172	171	169	168	169	170	171	171	168	169	169	169	169	169	169	170	168	172	169	169	169	170	143	179	215	208	205	202	166	170	166	165	170	166	164	167	169	168	168	168	167	167	167	167	167	167	167	167	169	166	169	167	167	169	166	169	166	167	166	164	165	166	166	163	166	164	162	160	160	159	156	153	150	144	141	132	134	129	131	129	127	130	125	129	133	130	150	145	147	150	152	151	152	154	154	154	153	152	151	151	151	151	151	150	148	146	146	148	148	147	146	147	147	146	144	143	144	147	152	155	156	140	124	121	125	123	113	104	93	116	129	133	137	127	116	120	120	120	121	123	123	123	124	126	124	130	145	143	150	152	152	150	149	149	149	149	149	150	151	151	152	150	148	146	147	148	149	149	149	149	149	148	148	148	148	147	149	150	150	148	148	151	152	150	151	150	149	150	149	146	146	149
56	161	162	158	162	163	161	162	157	161	162	161	159	160	163	163	162	163	161	160	162	162	161	161	161	166	166	158	150	137	126	132	135	136	136	128	120	124	161	197	234	245	240	181	67	89	124	135	134	132	134	131	134	134	131	133	130	140	150	165	171	165	144	127	137	138	139	140	142	142	142	142	142	144	142	141	143	143	143	145	148	148	146	150	146	150	145	149	148	148	150	151	149	148	150	150	149	148	151	151	150	149	150	150	149	150	150	150	150	149	149	149	149	147	147	147	146	146	146	147	148	150	151	153	153	153	153	153	153	153	152	152	155	155	153	153	155	156	156	155	155	154	154	154	153	157	156	154	154	154	154	154	153	154	156	154	153	156	156	156	159	156	154	153	155	155	154	152	152	154	153	153	155	154	152	152	153	153	153	153	153	153	153	153	153	152	154	154	152	153	155	154	152	151	152	153	154	154	154	153	152	153	153	153	153	153	154	155	155	155	155	155	154	154	154	154	154	154	153	153	153	154	154	154	153	153	153	153	153	153	152	152	152	154	155	152	156	152	155	151	151	152	152	151	151	151	151	149	148	150	148	147	147	147	148	148	148	147	148	149	150	149	148	148	148	155	150	153	148	148	153	147	151	146	144	146	143	147	144	146	144	149	147	146	145	146	147	148	148	147	146	145	144	144	145	146	146	145	145	144	143	140	139	138	138	141	141	136	127	120	121	131	141	135	138	136	138	137	134	137	134	133	136	123	145	141	153	138	131	129	131	142	144	145	149	145	148	148	143	147	146	144	146	143	140	144	167	184	196	198	197	210	223	222	224	219	209	205	210	212	209	209	208	205	204	204	204	205	205	208	207	208	202	202	208	208	211	211	209	208	207	204	200	199	201	205	205	204	203	201	201	201	202	204	201	197	196	197	197	195	192	192	195	199	204	204	204	208	213	214	207	199	163	159	149	151	150	141	142	142	153	152	156	153	157	153	146	138	141	155	178	186	178	176	173	172	172	170	165	162	161	154	146	148	138	137	138	130	133	134	136	137	137	141	149	156	159	160	168	170	175	171	177	175	176	176	179	174	172	176	173	170	176	173	173	174	174	174	173	172	172	176	173	171	170	171	172	171	170	171	171	171	171	171	171	171	171	170	171	173	169	169	168	153	181	216	203	211	181	169	162	167	167	171	169	168	168	168	169	168	168	169	170	170	170	169	168	167	167	168	169	169	167	167	170	169	167	166	166	165	165	166	166	167	168	166	164	164	166	164	159	154	152	148	147	139	134	134	129	125	129	129	129	125	130	135	129	149	145	149	154	149	154	154	150	156	152	156	154	152	151	151	151	150	150	150	150	149	149	148	148	147	147	144	146	147	145	143	145	151	157	155	144	122	125	124	119	108	105	97	117	135	140	133	124	120	120	119	120	123	124	124	124	124	124	125	129	143	151	150	151	150	149	152	150	149	149	150	151	151	151	151	148	148	151	151	147	147	150	150	151	150	147	147	148	148	147	149	151	151	150	149	148	148	150	150	151	149	147	148	151	151	148
57	160	162	158	162	163	161	162	158	161	162	162	160	161	163	163	161	163	161	161	162	162	161	161	161	166	167	158	151	138	127	132	136	132	136	127	112	118	165	198	218	230	242	186	67	81	128	134	126	132	134	132	136	138	137	140	137	130	149	171	190	180	159	130	135	139	140	141	142	142	142	142	142	146	144	144	145	145	145	146	149	148	147	149	147	149	147	149	148	148	150	150	149	148	149	150	149	149	151	152	150	149	150	151	150	149	150	150	150	150	149	149	149	147	148	149	149	150	151	153	155	153	153	153	152	152	153	155	157	154	153	154	156	156	155	155	156	154	155	155	156	156	157	157	158	154	154	153	154	155	155	155	155	157	159	156	155	157	156	155	158	156	154	154	156	157	156	154	154	157	155	154	154	153	152	153	156	154	154	154	154	154	154	154	154	150	152	152	152	154	156	156	154	153	153	154	154	154	154	153	153	156	156	156	156	156	157	157	157	155	155	155	154	154	154	154	153	155	154	154	154	154	154	154	153	155	155	155	155	154	154	154	154	151	152	149	153	150	153	149	150	152	152	152	152	152	152	151	150	149	148	147	147	148	148	148	148	151	149	147	145	145	147	150	152	147	145	151	149	149	151	144	145	147	145	148	144	148	144	147	145	145	144	143	143	143	144	144	144	149	148	146	145	144	144	144	144	143	143	144	144	144	144	144	145	140	140	140	139	138	136	136	135	137	140	137	139	138	135	138	135	134	135	126	142	144	150	139	129	130	132	142	144	145	149	145	147	147	144	150	149	147	144	136	132	147	171	186	192	194	195	205	211	211	209	205	201	199	201	202	203	205	204	203	203	203	204	204	205	202	203	208	206	206	209	206	206	210	208	207	207	204	201	200	201	204	204	203	202	200	199	199	199	199	199	199	197	194	193	193	194	195	197	200	203	204	203	207	210	214	207	197	162	157	149	150	149	144	144	144	154	153	156	153	157	156	147	137	139	153	177	186	178	176	174	173	173	171	166	162	161	153	147	143	137	135	137	135	137	132	134	135	136	141	150	157	161	161	169	171	176	172	177	174	175	169	177	177	175	180	178	172	172	175	175	175	175	174	174	173	172	171	171	172	173	175	176	174	173	174	174	174	174	174	174	173	173	175	172	173	173	173	169	155	190	220	214	209	191	168	171	168	170	171	171	170	170	169	169	169	169	171	171	170	170	170	169	169	168	169	169	169	167	167	169	168	166	168	168	167	166	166	165	165	165	171	166	161	159	158	156	156	157	148	145	139	135	134	130	127	129	128	131	128	129	134	133	151	144	152	154	152	154	154	153	155	153	152	153	154	155	155	153	150	147	150	150	150	149	149	148	147	147	147	145	143	143	145	148	151	153	154	143	122	126	124	119	109	104	97	118	139	141	136	126	116	119	123	123	123	122	122	123	125	126	127	132	145	152	151	151	150	149	153	152	150	150	150	150	149	148	150	151	151	150	150	150	150	149	149	151	150	148	148	150	150	148	151	149	147	148	151	152	150	148	150	151	149	148	149	151	151	149
58	159	162	159	162	162	160	163	161	162	162	162	162	162	164	163	161	163	161	161	162	163	161	161	162	166	167	159	152	139	128	133	136	132	136	131	118	117	163	197	212	227	248	189	69	71	127	134	129	130	133	130	134	136	134	137	134	134	149	161	178	166	154	128	138	141	141	142	143	143	143	142	142	146	145	144	145	145	145	146	147	147	149	148	150	147	149	148	149	148	150	150	149	148	149	149	149	151	152	152	150	150	151	152	152	149	150	151	151	150	149	149	149	150	150	150	150	150	151	152	154	155	154	154	153	153	155	157	158	156	155	156	158	158	157	157	158	158	158	158	158	158	158	158	158	159	159	159	160	162	162	162	161	159	161	159	157	159	158	156	158	157	156	156	158	159	158	157	157	158	157	156	156	155	154	155	157	155	155	155	155	155	155	155	155	154	155	154	154	154	155	154	152	155	155	156	156	155	155	155	155	156	157	157	157	158	158	158	158	157	156	156	156	156	155	155	155	157	157	156	156	156	156	155	155	155	155	155	155	155	155	155	155	154	155	152	156	152	156	153	154	153	153	153	153	153	152	151	150	150	149	149	149	149	149	149	148	148	149	149	149	149	149	150	150	152	149	151	149	149	152	150	152	152	149	152	148	152	148	150	148	148	148	147	147	147	148	148	147	148	148	148	148	149	149	149	149	145	146	146	146	145	144	144	145	142	141	141	141	142	142	140	139	139	141	138	140	139	136	139	137	136	135	129	140	146	148	140	128	131	134	143	145	145	149	145	147	146	145	151	150	149	144	135	133	153	177	187	189	189	191	197	197	199	194	191	193	194	193	193	196	193	193	194	195	195	196	197	198	198	199	206	205	205	207	202	202	207	206	206	206	204	201	200	201	204	204	204	203	201	200	199	199	198	199	200	198	195	194	194	195	194	195	198	202	203	205	209	213	214	207	195	161	155	148	148	148	146	146	145	154	152	156	153	157	155	146	137	140	154	177	185	177	172	170	170	169	167	163	159	157	153	151	141	138	135	134	136	135	135	136	136	136	140	148	155	158	161	168	171	177	173	178	175	176	175	182	180	175	177	180	177	175	176	176	176	175	175	174	174	173	174	175	176	177	177	176	176	175	175	175	175	175	175	175	175	175	177	173	174	175	175	168	157	200	232	225	205	185	161	170	175	179	171	172	173	173	171	170	171	172	172	172	172	171	171	170	170	170	170	170	169	168	168	168	168	166	169	169	169	168	167	166	165	165	168	166	163	162	161	158	155	154	148	142	139	137	133	130	130	128	127	133	131	129	134	136	153	145	155	153	156	154	154	156	153	155	156	155	153	152	152	152	152	152	150	150	150	150	149	148	147	146	147	145	143	143	146	149	151	152	153	141	121	126	124	119	109	102	99	120	142	141	138	128	112	121	124	124	123	122	122	123	125	126	130	137	146	152	153	151	150	149	150	149	149	150	151	152	151	151	149	153	153	150	150	152	152	148	149	150	151	150	150	151	150	149	152	149	147	149	152	153	151	148	150	151	150	149	150	151	151	150
59	160	163	160	162	162	159	163	161	163	163	163	163	164	164	163	161	163	162	161	162	163	162	161	162	165	167	160	153	140	129	133	136	136	132	135	131	121	151	187	216	231	251	191	80	68	126	133	135	134	137	134	137	139	137	140	137	133	148	164	178	172	155	129	134	141	142	143	143	144	144	144	143	145	145	144	144	145	145	146	147	147	150	147	152	147	151	148	151	149	150	151	150	149	150	150	150	152	153	152	151	151	151	153	153	149	151	152	152	151	150	149	148	150	150	150	150	150	150	151	152	153	155	156	157	157	157	157	157	157	157	158	159	159	159	159	160	161	161	161	161	160	160	160	160	159	159	159	159	160	159	158	157	159	161	160	160	162	161	159	161	159	158	159	160	161	159	159	159	157	158	159	160	159	157	155	155	156	156	156	156	156	156	156	156	157	157	157	156	157	157	156	154	158	158	157	157	157	158	158	159	159	159	160	160	160	160	159	159	159	159	159	159	158	158	158	158	159	159	158	157	157	157	156	156	157	156	156	156	156	156	156	156	154	155	151	155	152	156	153	154	158	158	157	157	157	156	154	153	152	152	151	151	152	151	150	149	148	149	151	151	151	150	149	149	153	150	149	147	147	150	151	152	150	148	150	146	151	147	149	147	149	148	148	148	149	149	149	148	146	147	148	148	149	149	149	149	149	149	149	147	146	144	144	144	142	142	142	139	137	138	142	145	140	143	139	141	140	137	140	139	137	137	129	141	145	150	140	129	131	134	144	145	146	149	145	148	148	146	149	148	149	147	141	145	162	181	186	187	187	187	190	190	192	189	187	190	192	191	191	191	189	190	192	194	195	195	196	196	198	197	201	199	199	202	199	201	204	204	204	204	202	201	200	200	203	203	203	202	200	199	198	199	200	197	194	194	196	196	195	192	194	195	197	200	203	205	210	212	214	207	193	160	153	148	148	148	147	148	146	154	152	157	154	158	152	144	138	143	157	178	184	174	172	172	171	170	168	165	161	158	149	151	138	141	136	134	137	133	137	137	136	137	140	146	153	157	160	167	170	177	174	177	175	177	175	178	175	172	172	175	176	175	175	175	175	175	175	174	174	174	178	178	177	176	175	175	176	177	176	176	176	176	175	175	175	175	178	177	177	177	177	170	159	205	227	223	211	186	175	171	176	171	172	174	176	175	173	172	172	173	174	173	172	172	172	172	172	173	172	171	170	170	170	170	170	169	169	169	170	170	169	169	168	167	165	165	166	167	166	161	154	150	148	141	140	139	132	130	132	128	129	131	132	130	135	138	153	147	156	152	158	154	154	159	153	157	158	156	153	151	152	153	154	155	150	151	151	150	150	148	147	146	144	146	146	146	145	146	150	154	153	139	121	128	124	119	109	99	102	123	143	138	136	126	110	125	122	123	123	124	123	124	124	125	131	141	146	152	154	151	151	150	148	149	150	151	152	152	152	152	150	152	153	151	151	152	151	149	150	150	151	151	151	151	150	149	150	152	153	152	150	149	149	151	150	150	150	150	150	151	151	151
60	161	164	161	163	162	159	163	161	163	162	163	164	164	164	163	162	164	162	161	163	163	162	161	162	164	166	160	154	141	130	133	135	136	128	134	136	121	140	177	214	226	249	196	94	68	128	133	131	132	135	133	137	140	139	142	139	142	149	165	167	172	153	140	144	142	142	143	144	144	145	145	145	146	146	146	146	147	148	149	149	148	151	148	153	148	152	150	152	151	152	152	152	151	151	151	152	154	154	153	153	152	152	153	155	151	152	153	153	152	150	149	148	149	149	150	151	152	154	156	158	154	155	157	158	158	157	158	158	158	158	159	160	160	161	161	161	160	160	161	162	163	164	164	165	166	166	165	166	166	165	164	163	160	163	162	162	164	164	161	163	161	160	161	162	162	160	159	160	157	159	161	161	160	159	158	157	158	158	158	158	158	158	158	158	158	157	158	160	161	162	162	162	160	160	160	160	160	162	163	163	164	164	164	165	165	164	164	163	162	162	162	162	161	161	161	161	161	160	159	159	159	159	158	157	159	159	159	159	159	158	158	158	158	159	155	158	154	158	155	156	154	154	154	154	153	153	151	150	153	153	152	152	153	152	151	150	152	151	149	147	146	148	150	152	149	151	151	153	153	151	150	148	149	147	150	147	152	148	151	149	150	149	149	149	150	150	150	149	151	151	151	151	150	149	147	146	146	147	147	147	146	146	146	147	140	142	144	143	141	140	141	143	141	144	140	141	140	137	141	139	137	140	127	145	142	154	140	131	131	134	144	146	147	150	147	149	149	148	149	146	149	148	145	155	170	182	184	188	188	184	187	190	189	190	189	189	191	192	190	186	186	188	191	192	193	193	194	194	198	195	197	194	193	196	195	199	200	201	202	202	201	200	200	199	199	199	199	198	197	196	196	196	197	193	190	189	191	193	192	190	197	197	198	199	201	204	207	208	214	207	191	161	152	150	147	149	147	148	146	153	152	158	156	159	150	142	137	142	156	175	180	172	169	169	169	167	166	163	159	157	143	147	134	141	135	136	138	135	134	134	134	137	141	148	155	160	160	165	168	175	172	175	173	175	173	171	173	177	177	175	175	176	173	173	173	173	173	174	174	174	175	175	175	175	174	175	177	178	176	176	176	176	176	176	176	175	175	179	178	175	177	170	159	205	234	225	207	172	167	170	179	178	173	175	176	176	174	172	173	174	174	174	173	173	173	173	173	174	174	172	172	172	172	172	172	172	170	171	171	171	171	171	170	170	171	169	167	164	163	161	158	155	149	141	140	139	132	131	133	129	130	128	131	132	138	138	151	150	156	152	158	154	155	160	154	159	155	155	156	157	157	156	154	152	152	152	151	151	150	149	148	147	145	146	147	147	147	148	151	153	152	138	123	130	123	118	108	97	102	125	143	139	136	124	110	125	120	121	122	123	123	123	124	125	130	144	145	150	154	150	152	151	152	152	153	152	151	150	149	149	152	150	151	153	152	150	149	151	151	151	151	151	151	150	149	149	151	152	153	152	150	149	150	151	150	150	151	151	152	151	152	152
61	161	164	161	163	163	160	163	160	163	162	162	163	164	164	163	164	164	162	162	163	163	162	162	162	164	166	161	155	142	130	133	135	136	131	134	132	119	139	172	209	223	247	202	98	60	126	139	129	133	135	132	136	138	136	139	136	137	146	169	171	181	155	138	135	143	143	144	144	145	146	147	147	145	147	147	147	147	149	150	150	149	151	150	153	150	153	152	154	153	153	153	154	153	152	153	154	155	154	154	154	154	153	154	156	152	153	154	154	152	151	150	150	150	151	152	152	153	155	156	158	157	157	157	156	156	157	159	161	158	160	160	160	161	162	162	161	162	162	163	163	164	165	165	165	162	162	161	162	162	162	162	161	163	165	164	163	166	164	162	164	162	162	162	164	163	161	161	162	161	162	162	160	159	161	162	162	160	160	160	160	160	160	160	160	162	161	162	164	165	165	164	165	162	162	162	163	164	165	166	167	167	167	167	167	166	166	166	165	165	165	165	165	164	164	164	164	163	162	162	162	162	162	161	160	160	160	160	160	160	160	160	160	161	162	159	162	158	162	158	159	159	159	159	160	161	160	159	159	155	154	153	153	153	152	152	151	151	151	150	150	149	150	151	152	152	154	151	154	154	152	154	150	152	150	153	150	155	152	154	152	154	153	152	152	153	153	153	153	152	152	152	152	151	150	149	148	146	147	147	147	146	146	146	147	145	143	141	142	144	144	142	140	142	145	141	143	142	139	142	140	138	143	127	147	141	156	141	132	132	135	145	147	147	151	147	150	149	150	150	147	151	147	143	155	173	182	184	188	189	184	187	190	187	190	190	189	189	191	188	183	183	186	189	190	190	190	190	191	196	192	195	193	192	193	191	196	198	200	201	200	200	200	199	198	198	198	197	196	195	195	196	197	194	194	193	191	189	189	191	193	195	195	196	197	200	204	208	207	213	206	189	161	151	151	147	149	146	148	146	154	152	159	157	160	152	143	135	138	148	165	172	166	162	162	162	160	159	157	155	152	145	145	133	138	130	136	134	135	135	134	134	137	141	145	151	157	159	163	165	173	169	171	169	173	176	168	170	175	172	169	171	173	172	172	172	172	172	172	173	173	175	175	176	177	177	176	175	174	176	176	176	175	175	175	175	175	174	180	178	173	177	170	157	205	228	222	210	180	173	182	173	173	174	175	176	175	174	173	173	174	173	173	173	173	173	173	174	174	175	173	172	173	174	173	173	174	173	173	173	172	172	171	170	170	172	171	168	165	163	162	159	155	149	143	139	137	133	131	132	131	131	126	132	134	139	140	151	153	156	155	157	156	156	159	157	159	157	157	157	157	157	156	155	153	154	153	152	151	151	150	149	149	150	147	144	147	152	155	153	150	150	137	125	133	122	117	109	97	101	127	142	145	138	120	112	121	122	122	121	121	121	123	125	127	129	147	144	149	155	150	153	152	152	153	153	153	152	151	151	151	154	150	150	153	153	149	149	152	152	151	151	152	151	149	149	149	153	151	149	150	153	154	152	150	150	150	151	153	152	151	152	154
62	161	163	160	163	164	162	163	159	163	161	161	163	164	163	164	165	164	162	162	163	164	162	162	163	164	167	162	156	143	131	134	135	135	136	137	132	118	135	169	211	231	246	208	108	58	120	142	134	139	141	138	141	142	140	142	139	150	154	167	165	172	155	142	144	144	144	144	145	145	146	147	147	146	148	148	147	148	150	150	149	151	151	153	152	154	152	155	155	154	153	154	155	154	153	153	155	155	154	155	156	155	154	154	156	153	154	154	154	153	152	152	153	152	152	153	153	153	153	155	156	159	159	158	158	158	159	161	163	159	161	162	161	162	164	164	163	164	164	164	164	164	164	164	164	167	166	165	166	167	167	167	167	165	167	165	164	166	165	162	164	162	162	164	165	164	162	162	164	163	164	164	162	161	164	165	165	164	164	164	164	164	164	164	164	168	166	165	167	167	165	164	165	165	165	165	166	167	168	168	169	168	168	168	167	167	167	167	167	168	168	167	167	167	167	166	166	166	166	165	165	166	166	165	164	164	164	164	164	164	164	164	164	161	162	159	163	159	163	159	159	157	157	157	157	158	157	156	155	158	156	155	154	154	154	154	153	148	150	153	154	154	153	153	153	152	154	148	151	152	150	155	152	152	150	153	149	154	151	154	152	154	152	151	151	152	152	153	153	148	148	149	149	150	150	150	150	151	151	151	149	148	147	146	146	148	145	143	142	142	144	144	143	143	146	143	145	144	140	143	140	140	144	131	145	144	155	143	131	133	136	146	147	148	151	147	150	149	151	151	148	152	147	142	156	171	184	185	187	188	186	187	187	187	187	189	190	190	187	185	184	186	189	192	193	192	192	193	194	194	191	194	193	192	193	190	195	197	200	201	200	200	200	200	198	200	199	198	196	195	195	196	197	195	196	196	195	192	191	192	194	191	192	193	195	201	206	210	208	211	205	187	160	150	151	146	148	146	149	148	155	153	161	158	160	153	144	135	135	140	153	159	154	154	155	154	152	151	151	149	146	143	141	133	136	127	137	129	134	136	135	135	137	139	141	146	150	156	159	161	169	166	169	167	172	173	166	167	169	164	164	168	167	173	172	172	171	171	171	171	171	176	175	175	175	175	174	172	170	173	173	173	173	173	173	172	172	174	177	174	172	178	167	154	207	237	221	210	165	166	180	174	180	174	174	174	173	173	173	173	173	172	173	173	173	174	174	174	173	175	173	172	173	174	172	172	173	175	174	173	172	171	170	170	169	169	170	170	168	166	163	158	152	149	145	139	135	134	131	130	133	131	127	135	133	139	143	153	153	158	159	156	158	158	157	160	159	161	159	157	156	156	156	156	156	155	155	153	152	151	150	150	150	151	148	146	149	154	157	154	150	148	135	126	135	122	116	110	99	103	130	142	150	138	116	117	119	122	122	122	122	122	123	125	126	130	150	144	148	155	150	154	153	151	152	153	153	152	153	154	155	154	153	152	152	151	151	151	153	153	151	151	152	152	150	150	151	154	151	149	151	154	155	153	150	150	150	152	154	153	152	152	154
63	161	162	159	163	165	163	164	159	163	160	160	162	164	163	164	166	164	162	162	163	164	163	162	163	164	167	162	157	144	132	134	136	132	136	139	134	117	126	162	218	237	243	215	126	68	115	139	136	134	137	135	139	141	140	143	140	137	147	161	170	173	159	138	138	145	145	145	145	146	146	147	147	149	151	151	150	150	152	152	151	151	150	155	151	156	152	156	155	154	153	154	155	155	153	153	155	156	154	155	157	156	154	154	156	153	153	154	154	154	154	154	155	150	151	152	153	154	156	158	160	158	159	160	161	161	161	161	161	160	162	163	162	163	165	165	163	162	162	163	164	165	166	167	167	167	166	165	164	165	166	166	166	165	167	165	164	166	165	164	166	162	163	164	166	165	164	164	166	162	165	166	165	165	167	167	166	167	167	167	167	167	167	167	167	167	165	165	168	169	167	167	168	167	167	167	168	168	169	169	169	171	171	170	169	169	169	169	170	169	169	169	169	168	168	168	168	169	168	168	168	168	169	168	168	170	170	170	170	170	170	170	170	169	171	168	173	169	172	168	169	171	171	170	170	169	168	166	165	161	159	157	156	156	156	156	156	152	152	152	151	152	154	157	159	154	160	157	163	164	160	163	157	160	158	161	157	162	158	160	158	159	158	156	156	157	158	158	158	159	159	159	158	158	157	157	157	154	154	154	153	152	151	151	151	144	148	151	150	146	143	144	147	144	147	144	146	145	141	144	141	142	144	135	143	147	153	144	130	134	137	146	148	148	151	147	149	148	152	151	148	153	149	144	160	168	185	187	186	187	187	187	183	188	185	187	193	192	185	184	188	183	186	189	190	189	189	191	192	195	190	193	192	191	192	191	196	197	200	202	200	200	201	200	198	199	198	197	194	193	193	194	196	197	195	193	194	196	195	192	189	191	192	193	195	200	206	208	206	209	203	185	160	149	151	145	147	147	150	149	156	154	161	159	161	153	144	137	134	136	145	148	142	139	140	139	136	136	136	135	132	134	133	131	137	129	143	130	137	134	132	133	136	138	141	145	150	152	155	157	166	164	168	168	174	170	169	177	180	177	179	180	173	174	173	172	171	170	170	170	170	171	168	167	167	170	172	172	171	170	170	170	170	170	169	169	169	175	173	168	171	178	164	151	209	237	213	217	155	172	176	173	176	175	174	172	172	172	173	173	172	172	172	173	174	174	174	173	173	175	172	171	173	173	171	170	172	174	174	172	171	170	170	170	170	170	171	169	166	164	162	158	153	149	147	139	133	135	131	128	134	130	130	138	132	138	147	155	153	159	163	156	160	160	156	163	159	157	158	160	161	160	158	154	151	157	155	154	152	151	151	151	151	149	149	150	152	154	154	154	153	146	134	127	136	122	116	112	100	108	134	140	151	136	112	121	119	121	122	124	125	125	124	124	123	131	152	144	148	156	150	154	153	153	154	154	153	152	152	153	154	153	155	154	150	150	153	154	152	154	152	151	152	152	151	151	154	152	153	154	153	151	150	151	152	150	150	152	154	154	152	152	155
64	161	162	162	162	162	161	162	163	163	163	163	163	163	163	164	164	164	163	162	162	162	163	164	165	161	166	167	156	148	135	137	133	136	131	134	140	115	123	157	221	249	251	225	138	62	106	136	137	136	138	140	142	143	142	141	140	135	148	162	163	170	157	147	144	146	146	146	146	146	146	148	150	148	150	150	149	150	152	152	150	149	153	155	153	151	152	156	158	158	156	154	154	156	158	157	155	154	155	155	155	155	154	155	155	156	152	155	156	149	150	153	149	152	152	153	154	154	156	158	160	156	161	162	160	160	162	163	160	160	161	163	163	161	159	161	164	166	165	163	162	162	162	163	164	160	163	161	165	161	164	162	163	165	163	163	165	165	164	164	166	165	166	167	166	165	165	167	170	164	166	168	169	169	168	168	168	168	170	170	168	167	169	169	167	164	175	162	177	181	175	173	169	170	170	171	171	170	170	170	171	171	171	171	172	173	173	172	171	169	169	170	170	170	170	170	171	171	171	171	171	171	171	171	171	172	172	172	172	171	171	170	170	172	172	171	171	172	172	171	171	173	173	172	171	169	169	170	171	167	167	166	164	161	159	159	159	154	158	154	153	159	159	156	161	160	162	163	162	162	162	162	161	160	158	157	159	159	157	158	160	159	158	158	158	157	157	156	156	159	158	157	157	158	158	158	158	158	157	156	154	152	151	151	152	157	150	149	141	147	142	145	151	149	145	147	149	145	146	149	145	145	140	138	152	146	157	142	130	135	136	146	150	151	153	148	152	151	155	152	150	149	154	147	155	170	184	185	187	188	185	187	186	188	188	189	190	190	188	186	184	184	187	189	191	191	192	193	195	194	195	197	195	191	189	193	198	196	199	197	201	202	199	201	198	198	198	197	196	196	197	196	194	197	198	198	195	194	195	194	191	190	187	194	200	199	203	207	204	213	200	182	157	156	150	145	148	146	154	150	154	155	161	156	163	152	139	137	134	135	139	137	137	133	134	134	134	133	133	133	133	137	133	134	134	130	140	130	137	132	133	134	135	135	136	136	137	140	142	146	149	151	152	152	152	153	152	151	153	151	159	155	160	163	163	163	163	164	164	165	165	164	167	167	165	165	168	168	165	164	171	166	170	169	167	173	168	171	166	176	170	162	167	150	226	246	215	220	164	160	170	173	172	172	173	173	174	175	175	175	175	178	176	174	172	172	173	174	174	175	174	173	173	173	173	173	173	172	173	172	171	170	171	172	171	173	168	170	167	166	165	156	154	147	142	140	134	132	133	130	132	132	130	134	136	137	149	157	154	163	163	162	162	162	162	161	161	162	162	162	161	161	160	159	158	158	157	152	157	152	154	151	153	149	152	146	160	159	158	153	149	144	140	132	136	128	115	113	103	107	138	142	151	134	115	116	121	122	126	128	127	125	125	128	130	135	149	146	154	155	155	152	155	154	153	153	153	154	154	155	155	155	156	155	154	152	151	152	154	154	154	153	152	152	151	151	150	153	152	152	151	151	151	152	152	153	151	154	154	150	153	156	150
65	161	162	162	162	162	162	162	163	161	162	163	163	164	163	162	162	162	163	164	165	164	164	163	162	164	164	166	158	150	134	135	135	140	138	138	138	115	119	161	230	240	254	234	146	44	111	141	143	139	139	139	140	141	141	142	143	140	139	160	173	181	161	140	135	146	147	147	147	147	147	148	150	149	150	150	149	150	152	152	151	153	153	152	152	154	157	157	155	154	156	157	156	155	154	157	159	158	157	156	155	154	155	157	159	157	154	157	158	152	152	155	152	152	152	153	153	154	155	157	159	158	159	160	161	161	160	161	162	162	163	162	162	164	168	167	164	165	165	164	163	163	163	164	164	162	164	162	166	161	165	162	165	164	163	163	165	165	164	165	167	165	166	168	167	166	166	167	168	166	167	168	169	169	168	168	169	167	169	169	168	168	170	170	169	165	175	161	181	177	179	174	170	170	170	171	172	171	172	172	173	172	172	172	172	173	174	173	173	172	173	173	172	170	169	169	170	172	173	173	173	174	174	175	175	174	175	176	176	177	177	177	178	177	177	177	177	178	178	178	177	174	173	172	170	167	166	165	165	166	163	160	160	162	163	160	156	153	157	154	154	160	162	161	167	166	168	170	169	169	170	170	169	170	168	168	169	169	167	168	169	165	165	165	165	165	165	165	165	164	163	162	162	162	162	161	161	160	160	159	157	156	155	155	156	151	153	162	158	152	152	154	149	155	153	153	153	150	149	148	146	148	143	141	153	147	158	142	130	136	137	146	150	151	154	149	153	153	153	151	152	151	152	145	156	171	185	186	188	189	186	188	187	188	188	189	190	190	189	187	185	186	187	190	191	192	192	193	194	196	197	195	192	192	195	195	192	200	202	199	201	201	198	199	195	199	198	197	197	197	197	197	196	196	198	198	196	194	194	193	191	190	187	193	198	198	203	207	205	211	202	183	154	153	151	146	146	146	151	149	155	155	161	159	165	152	139	137	134	135	141	139	139	139	139	139	138	137	137	137	137	134	134	134	137	133	138	131	133	132	132	133	133	134	134	134	134	131	132	133	134	134	133	131	130	134	132	131	132	128	135	129	133	136	137	139	141	143	146	147	148	152	153	156	159	160	159	159	159	160	164	163	164	164	164	167	165	159	165	162	162	169	151	124	216	242	214	206	143	162	171	169	167	166	166	166	167	167	168	168	169	169	170	171	172	172	172	171	169	168	169	169	170	172	173	174	175	175	173	173	175	174	172	171	173	173	168	169	165	164	163	156	154	145	140	139	133	131	133	130	132	134	131	132	137	141	147	154	157	161	161	162	162	162	163	163	163	163	163	163	163	162	162	160	159	158	158	155	161	156	157	152	154	154	154	147	154	156	159	152	154	142	138	131	134	126	114	112	103	109	136	141	150	131	115	118	121	121	124	126	125	123	124	127	131	137	151	147	154	155	155	152	155	154	154	153	153	154	154	154	154	154	154	154	153	153	152	153	153	152	153	152	152	151	151	151	151	154	153	153	152	152	152	153	153	153	153	154	153	151	154	155	152
66	161	162	162	162	162	162	162	163	162	162	163	163	163	163	163	163	163	164	164	165	165	164	162	162	165	162	166	159	152	134	134	137	130	134	137	141	122	113	149	218	240	251	236	147	22	103	140	142	140	140	139	139	140	141	143	144	145	134	163	175	179	166	144	138	146	147	149	149	149	149	149	151	150	150	150	150	151	153	153	152	153	154	153	154	156	158	158	155	154	156	157	157	155	155	157	160	158	158	157	156	156	156	158	159	157	156	158	158	154	154	156	154	152	152	153	153	153	155	157	158	161	158	159	163	163	160	160	164	160	163	162	158	159	164	163	157	164	164	164	164	164	164	165	165	164	166	163	167	162	166	164	166	164	163	164	166	166	166	166	167	165	167	169	169	167	166	166	167	168	169	169	169	169	169	169	169	168	169	170	169	169	170	171	170	167	174	161	184	173	181	176	172	170	171	172	173	173	174	175	175	174	173	173	173	174	175	175	174	172	173	173	173	173	173	173	174	172	173	173	174	175	175	176	176	175	176	176	176	176	175	175	175	177	177	177	177	178	178	178	178	181	181	180	179	178	177	176	176	173	169	166	165	166	166	162	158	156	160	158	157	161	162	164	170	167	169	171	171	171	173	173	173	172	172	172	173	172	171	171	172	172	172	172	173	173	173	174	174	175	174	172	171	171	171	170	169	167	167	167	166	165	165	165	165	165	163	172	175	165	165	164	153	155	157	156	155	156	153	150	151	152	147	144	154	148	160	141	131	138	139	147	150	151	154	151	154	154	152	150	155	153	151	143	157	172	185	187	188	189	187	190	189	189	189	189	189	189	189	188	187	187	188	190	191	192	192	193	194	196	199	196	191	191	196	196	191	199	201	198	201	201	199	201	198	200	198	197	197	197	198	198	198	195	198	199	196	193	191	191	190	191	188	193	197	198	202	206	207	209	202	183	152	151	151	147	145	148	147	150	157	156	160	162	165	151	138	136	134	136	142	142	142	138	138	138	137	136	135	135	135	134	137	133	138	135	135	134	132	132	133	133	133	132	132	132	131	132	133	133	134	134	133	132	132	136	134	134	136	133	140	134	137	140	141	142	143	144	145	146	146	146	144	145	150	150	146	145	148	142	142	145	143	144	147	146	148	146	154	145	149	158	137	122	205	238	214	191	122	154	159	156	158	162	162	162	162	163	164	165	165	163	165	166	168	169	168	166	164	167	168	168	169	170	171	171	171	171	166	167	171	170	165	164	168	165	163	167	165	165	163	153	151	142	138	137	132	131	133	130	132	133	131	131	137	145	149	154	163	164	164	163	163	163	163	163	163	163	163	163	163	163	162	160	159	157	157	154	159	154	156	151	153	153	154	152	156	162	163	150	152	142	138	133	135	127	115	113	106	113	134	140	148	127	116	121	121	122	124	126	125	123	124	128	133	139	153	148	153	154	155	152	155	154	154	153	154	154	154	154	153	156	156	155	156	156	157	156	155	153	152	152	153	152	152	152	152	155	155	154	153	153	154	154	154	153	155	153	152	153	154	153	154
67	162	162	163	163	162	162	163	163	165	164	163	162	162	164	165	166	165	164	163	162	162	163	163	164	165	162	168	159	152	137	134	138	142	139	134	137	125	109	142	221	250	248	239	160	23	101	141	144	139	140	141	142	142	142	142	142	134	130	173	182	180	173	147	132	146	148	149	150	150	150	150	151	151	151	151	151	153	154	154	153	151	155	158	157	155	155	157	158	158	156	154	156	158	159	158	157	155	156	158	159	158	157	156	156	156	156	157	156	154	154	155	154	152	152	153	153	154	155	158	159	161	160	161	163	163	162	162	165	161	166	168	164	161	161	163	163	163	163	164	165	165	165	165	165	165	167	164	167	163	166	164	167	165	165	166	167	167	167	167	167	167	168	169	169	168	168	168	168	170	170	170	170	169	169	170	171	171	171	171	171	170	170	170	170	170	171	165	181	173	180	178	171	170	171	173	174	174	175	175	176	175	174	173	173	175	176	176	176	173	174	175	176	176	176	177	178	179	179	179	180	180	181	181	182	181	181	180	180	180	179	179	178	182	181	181	181	181	182	181	181	174	174	174	175	175	175	174	173	169	169	168	166	162	160	159	159	159	160	160	159	160	163	167	172	172	175	176	176	177	179	179	179	178	178	178	179	179	178	178	178	178	178	178	179	179	179	180	180	178	177	175	175	174	174	173	172	170	171	171	171	170	169	169	169	178	166	169	184	192	180	171	157	157	162	160	158	162	159	154	156	154	150	148	154	150	163	141	134	139	140	148	149	150	154	151	153	153	153	151	154	153	152	144	156	173	186	187	188	190	188	191	191	190	190	189	189	189	189	188	187	187	188	190	191	192	193	194	194	194	198	198	193	189	192	195	197	199	201	197	200	201	200	203	200	200	198	196	196	197	197	197	198	197	198	198	195	190	187	187	188	192	192	195	198	200	203	205	207	209	200	181	151	151	150	146	146	152	148	153	160	157	158	163	163	149	137	135	133	136	143	144	144	140	140	140	140	139	138	138	138	137	140	132	136	135	132	137	133	133	134	134	133	133	133	132	132	133	134	135	136	136	137	138	138	136	135	136	139	136	143	137	140	136	136	135	134	133	132	131	131	132	129	127	128	128	127	128	131	130	126	133	128	128	133	129	134	137	138	138	144	136	132	139	176	207	195	177	125	146	148	145	153	152	152	152	152	153	154	155	156	156	156	157	158	160	161	162	161	159	160	161	161	161	161	161	161	166	165	165	168	168	165	165	166	165	162	166	163	162	160	151	148	139	135	135	131	130	133	129	132	132	133	131	134	144	148	152	162	162	162	162	162	162	162	162	162	162	162	162	162	162	161	160	159	162	161	156	159	154	159	156	158	152	153	154	156	165	165	149	149	142	138	136	135	126	116	113	109	118	132	139	144	123	116	122	121	123	125	126	126	125	125	130	136	140	154	149	153	154	155	153	155	154	154	154	154	155	154	153	152	151	150	150	151	152	153	151	150	155	154	154	155	154	153	153	154	155	155	154	154	154	154	154	155	153	157	153	151	155	154	151	155
68	162	162	163	163	162	162	163	163	165	164	164	164	164	164	165	165	164	163	162	162	162	163	164	165	164	164	172	158	151	141	136	137	129	131	133	141	130	102	115	201	248	250	240	177	23	104	138	142	140	141	141	142	143	143	143	143	138	130	172	183	181	175	149	132	146	148	150	151	151	150	150	151	153	152	152	153	154	154	154	154	151	156	159	157	155	155	157	158	159	157	156	157	159	160	158	156	156	157	159	159	159	158	157	157	155	157	156	155	155	154	153	155	152	153	153	154	155	156	159	160	159	162	162	160	160	163	164	163	160	161	164	166	164	162	164	169	162	163	164	165	165	165	165	165	166	168	165	168	163	167	165	168	167	167	168	168	168	168	168	167	169	169	169	169	169	169	171	171	172	172	171	171	170	170	171	172	173	172	172	172	172	171	171	171	173	169	170	176	176	177	179	170	171	172	173	174	174	174	175	175	175	174	173	174	175	176	177	177	178	179	179	179	178	177	178	178	181	181	181	181	182	182	182	182	182	181	181	182	184	184	184	183	184	183	183	182	182	182	181	181	184	183	182	182	181	179	177	175	166	167	167	166	164	163	163	163	157	157	159	160	160	165	173	177	176	178	180	180	180	182	183	182	181	182	183	184	184	184	184	184	184	184	184	184	184	184	184	184	182	181	180	180	180	180	179	178	178	179	179	178	177	177	176	177	179	173	179	199	226	206	189	167	166	172	170	166	168	165	159	159	155	152	151	154	153	167	141	136	141	142	149	149	149	153	150	152	151	155	153	153	152	155	147	155	173	186	187	189	191	189	192	192	192	191	190	190	190	190	189	188	188	189	190	192	193	194	194	194	196	194	194	194	192	191	195	202	201	203	199	201	201	198	201	198	199	196	195	196	196	195	196	198	199	199	197	192	187	184	185	187	193	195	198	200	203	203	203	206	211	196	178	153	152	147	143	149	154	149	156	160	158	158	163	162	146	134	134	134	137	144	144	145	140	141	141	140	140	139	139	140	138	140	134	136	137	132	139	134	135	135	135	135	135	135	134	134	135	135	135	135	136	136	136	136	136	135	135	137	133	139	132	135	139	139	138	138	137	137	136	136	137	138	137	135	135	139	141	141	142	138	144	140	139	143	139	144	140	139	145	152	136	137	147	147	151	150	147	132	138	139	135	142	137	137	137	137	137	138	140	140	137	137	138	139	142	145	146	147	151	151	152	154	154	155	155	155	154	157	158	157	158	160	160	157	166	161	160	155	152	152	147	147	136	133	134	130	130	132	129	131	130	135	132	131	141	147	150	155	157	157	158	159	160	161	162	163	161	161	161	161	161	161	159	158	161	161	155	157	153	158	156	157	156	154	152	152	162	162	153	150	142	136	137	133	122	114	110	109	121	132	138	140	120	118	122	121	124	125	126	127	126	126	131	138	141	156	150	153	154	156	154	156	155	155	155	155	155	155	154	153	158	157	157	158	159	159	157	156	156	154	154	155	155	153	153	154	155	155	154	154	154	154	154	155	153	157	154	152	156	154	151	155
69	162	163	163	163	163	163	163	164	161	162	164	166	166	165	163	162	161	162	163	164	165	164	163	163	164	164	174	158	151	144	136	137	143	142	138	139	127	108	106	206	240	254	235	183	15	101	134	141	143	142	141	140	141	142	144	145	143	126	164	189	195	181	155	137	146	148	150	151	151	151	151	152	154	153	153	154	155	155	155	156	156	156	155	155	157	159	158	155	156	158	160	159	157	156	157	159	160	159	159	158	157	158	159	160	155	159	157	155	157	155	153	156	153	153	154	154	155	157	159	160	157	161	161	158	158	162	163	161	163	158	157	163	165	162	161	164	163	163	164	165	166	166	166	166	166	168	165	169	165	169	167	169	169	170	170	169	169	170	169	168	171	170	170	170	170	171	173	173	172	172	172	172	171	171	172	173	172	172	172	173	173	173	173	174	173	170	174	172	178	177	178	170	171	173	174	175	175	174	174	174	175	174	174	175	176	177	178	178	179	180	180	180	180	180	181	182	181	181	181	182	182	182	182	182	184	183	183	184	185	185	184	183	185	184	183	182	182	182	181	180	183	182	181	180	180	178	175	172	174	171	167	167	170	170	166	163	161	158	160	162	161	167	175	177	178	180	182	182	183	185	185	185	183	184	185	184	185	186	186	185	186	186	186	186	186	186	185	185	187	186	185	185	185	185	184	184	184	185	185	184	184	183	184	184	181	187	191	208	232	223	206	173	172	176	175	172	171	170	166	163	158	156	155	156	155	170	140	137	141	143	150	149	149	154	150	152	150	155	154	152	151	156	148	155	173	187	188	191	192	191	194	193	194	193	192	192	192	192	191	191	191	191	192	193	195	195	195	194	199	192	189	194	197	196	197	201	200	202	198	201	201	199	201	198	198	194	193	195	196	195	195	198	200	197	194	190	186	184	185	189	194	199	200	201	204	203	202	206	212	195	176	153	153	146	143	151	151	150	157	157	160	159	164	162	143	133	134	135	139	146	145	145	139	140	140	140	139	139	139	140	137	138	138	137	141	135	138	134	136	137	137	137	137	137	136	136	138	139	139	139	140	140	140	140	140	139	139	142	138	145	138	141	139	139	139	139	139	139	139	139	137	141	141	138	138	142	142	138	139	136	139	138	137	137	136	139	136	136	134	138	133	129	131	132	135	132	129	135	132	135	133	136	134	134	134	134	134	135	135	136	141	141	141	142	142	142	141	140	143	143	143	143	143	143	143	143	143	148	149	146	147	152	152	148	146	145	149	147	147	147	140	140	134	131	133	130	130	132	129	130	128	133	133	132	140	149	154	155	157	157	158	158	158	159	159	159	159	159	159	160	160	160	159	158	155	158	155	158	153	157	153	152	156	155	153	158	167	163	161	146	143	136	138	131	119	113	109	112	123	132	136	134	119	120	120	123	125	125	126	127	126	126	131	138	142	157	151	154	154	157	155	156	156	155	155	155	156	156	155	154	153	153	153	153	153	153	153	152	156	153	153	155	154	152	151	154	155	155	154	154	153	154	154	154	155	155	154	155	156	154	152	155
70	162	163	163	163	163	163	163	164	162	163	164	165	165	164	163	163	163	164	165	165	165	165	164	163	166	162	174	160	152	144	135	139	134	138	138	141	136	126	90	176	228	247	231	188	39	103	140	143	143	143	142	141	142	143	144	145	135	126	162	195	205	184	155	132	148	149	151	152	152	152	152	153	155	153	153	155	156	156	156	157	158	157	156	156	157	160	159	156	156	158	160	160	158	157	158	160	160	160	159	157	157	157	159	161	156	161	158	155	158	155	152	156	154	154	154	154	154	155	157	159	158	160	160	159	159	160	162	162	168	164	163	166	167	165	164	164	164	165	165	166	167	167	167	167	166	168	166	171	167	171	168	170	170	171	171	170	170	171	171	170	172	172	172	172	173	173	173	173	172	173	173	173	172	172	173	174	174	172	172	174	174	173	173	175	172	172	173	172	179	180	176	173	172	173	175	175	175	175	174	174	175	175	175	177	178	179	179	179	178	179	180	181	182	183	184	185	186	186	187	187	187	188	188	188	192	190	189	189	190	190	188	186	190	189	188	187	187	187	186	185	182	181	180	180	181	180	178	176	175	171	167	166	168	167	163	159	166	161	163	165	163	169	177	176	184	187	189	190	191	193	194	194	191	192	192	190	190	192	192	191	188	188	188	188	188	188	187	187	186	185	184	183	184	184	183	183	183	183	183	183	183	183	184	185	186	188	189	216	219	225	211	168	177	179	180	177	173	174	172	166	162	160	160	158	158	172	138	136	140	143	151	150	150	156	152	153	153	155	152	153	152	154	147	157	174	188	190	193	195	193	196	195	195	195	194	195	196	196	195	195	195	194	194	195	196	197	196	194	195	191	192	196	200	201	200	201	198	201	198	201	201	199	201	197	195	192	192	196	197	195	196	199	198	195	192	190	188	187	189	192	195	200	200	200	204	203	201	208	211	196	177	151	151	147	144	150	147	152	157	152	160	159	163	161	141	132	135	137	141	148	146	145	144	145	145	144	143	143	143	143	139	136	142	137	142	139	138	137	137	137	138	138	137	137	137	137	137	137	138	139	140	141	141	141	137	136	137	139	136	143	137	141	140	140	139	139	139	138	138	138	140	141	141	140	139	139	137	136	140	141	140	143	142	139	141	142	142	144	139	137	140	139	139	145	148	146	136	139	139	138	139	141	139	139	139	139	139	139	139	139	136	136	135	135	134	132	130	129	134	133	132	132	131	130	130	129	126	128	129	128	129	132	133	131	132	132	140	141	141	141	134	134	133	130	133	130	130	132	128	130	130	129	131	134	137	144	149	149	152	152	152	153	153	153	153	154	156	156	156	156	157	157	156	155	155	159	156	159	155	159	154	153	151	152	151	164	170	160	166	138	142	134	138	130	117	112	109	114	122	133	134	130	119	122	119	126	126	125	127	129	128	126	131	138	143	159	153	155	155	157	155	155	157	156	155	156	156	157	157	156	155	155	155	155	155	155	156	157	155	152	152	155	155	152	152	154	155	155	154	154	154	154	154	155	156	153	155	158	156	154	154	153
71	162	163	164	163	163	163	163	164	166	165	164	163	163	164	166	167	167	166	165	164	164	164	165	166	168	160	173	162	154	143	133	142	139	140	136	139	143	147	88	160	202	215	220	189	77	103	142	135	141	142	143	144	144	144	143	143	144	139	158	173	179	168	157	138	149	150	151	152	152	152	153	154	155	153	153	156	157	156	156	157	156	159	161	158	156	156	159	161	158	157	156	158	161	162	160	158	157	158	158	158	158	157	157	158	155	161	157	154	157	154	150	155	155	155	155	154	154	154	156	157	162	159	159	162	162	160	161	165	159	163	165	163	161	162	164	165	166	166	167	167	167	168	168	168	166	169	167	172	168	172	169	172	170	172	171	170	170	172	173	172	173	173	173	174	174	174	173	172	172	173	173	173	173	173	174	174	175	174	173	175	175	173	172	174	171	175	172	174	178	185	174	176	172	173	175	176	176	175	175	175	176	176	177	178	180	180	180	179	181	182	182	182	182	182	183	183	182	183	183	184	184	185	185	186	187	185	185	186	188	189	188	186	187	186	186	186	186	186	185	184	184	182	181	181	181	181	179	176	174	174	174	172	169	168	167	168	166	160	163	166	166	173	181	180	183	186	189	189	191	193	195	195	194	195	194	191	191	193	193	191	192	192	192	192	192	192	192	192	192	191	190	190	190	190	189	188	188	188	188	188	188	189	190	192	195	186	188	238	225	238	219	169	187	186	187	183	175	176	175	166	165	164	164	160	159	173	136	135	139	143	151	150	151	157	154	154	156	154	151	155	153	152	144	158	175	189	192	195	197	195	197	196	195	195	196	197	198	199	198	198	198	197	196	197	198	197	196	194	190	194	198	198	198	201	202	202	201	203	200	202	201	196	197	193	194	191	191	196	198	196	197	200	196	192	190	191	191	190	192	195	194	200	200	198	204	203	201	209	209	198	178	149	149	149	146	149	145	154	158	149	160	159	161	159	140	132	136	139	143	149	146	145	142	143	143	142	141	140	140	140	143	135	143	134	140	140	138	141	138	138	138	138	137	137	136	136	140	140	140	140	140	140	139	139	145	143	142	143	139	145	138	141	140	140	140	140	141	141	141	141	144	140	140	142	142	140	142	145	137	141	136	142	142	136	142	139	135	137	142	137	137	142	142	137	136	145	138	135	143	136	137	139	139	139	139	139	139	139	138	138	136	136	135	136	137	138	139	139	136	135	135	135	135	136	136	137	138	137	138	139	140	140	141	142	142	138	138	134	133	135	133	136	133	130	133	130	130	132	128	130	135	127	128	133	130	130	135	135	138	139	141	143	146	148	150	151	153	153	153	153	154	154	153	152	150	152	148	149	145	151	148	147	149	147	143	157	161	151	167	134	139	131	135	126	113	110	107	114	121	132	132	127	120	124	119	128	128	127	129	131	130	128	132	140	144	160	154	156	155	157	154	154	157	156	155	156	156	157	158	158	153	154	155	155	154	155	156	158	155	152	153	156	156	153	153	156	156	155	155	154	154	154	155	155	156	152	156	160	155	154	155	152
72	163	164	164	164	164	164	165	165	163	165	165	163	163	165	165	164	167	166	165	165	165	165	164	164	165	165	172	166	153	141	133	138	138	140	135	142	135	139	99	160	196	215	214	180	92	115	136	140	139	141	143	144	144	145	146	148	150	135	160	162	159	163	156	142	147	148	151	152	152	153	153	154	154	152	153	157	158	156	157	160	159	158	158	158	159	159	159	158	160	159	158	158	159	160	160	160	160	159	158	158	158	158	158	158	158	158	157	156	156	155	154	154	156	155	155	154	154	156	159	161	154	163	163	160	163	162	159	162	163	162	166	162	167	164	168	168	167	168	168	167	167	168	169	170	167	169	171	170	171	173	172	170	173	172	171	171	172	172	172	172	174	174	174	174	175	175	175	175	176	176	175	175	174	175	176	177	174	176	176	175	174	175	174	171	173	175	170	180	179	180	179	178	175	175	175	176	176	176	177	177	175	179	178	185	181	185	181	183	180	180	181	181	182	182	183	183	183	184	186	188	189	189	188	188	184	186	187	185	185	186	186	183	186	186	184	183	182	182	182	182	183	183	183	183	183	182	181	180	176	173	171	171	171	169	167	167	162	168	161	162	170	167	186	180	188	190	192	194	195	196	197	197	195	195	196	195	195	195	195	196	196	196	195	194	193	193	194	195	195	195	195	195	195	195	194	194	198	196	195	195	197	197	196	194	196	184	190	228	225	239	222	169	187	188	187	182	183	174	176	168	169	167	165	164	169	171	139	130	139	147	149	151	152	154	157	153	152	157	155	155	155	159	149	155	175	186	195	199	198	198	199	199	197	197	198	199	200	200	199	198	197	197	197	198	198	197	195	194	198	186	202	206	197	204	204	200	200	197	207	197	200	198	194	194	194	191	192	195	199	199	198	197	195	192	190	192	194	196	197	198	198	198	203	200	200	205	203	207	210	197	177	149	151	150	145	144	147	154	155	150	157	158	164	154	133	133	135	137	151	142	146	144	142	142	143	144	143	142	141	140	144	142	139	136	136	137	140	141	143	139	138	140	139	136	136	139	138	138	139	140	141	141	141	141	140	141	142	142	142	142	141	141	142	142	141	141	141	142	143	143	144	143	142	141	141	142	144	145	147	138	145	141	150	134	141	141	137	140	141	140	141	142	140	137	138	140	142	138	132	144	136	140	140	140	139	139	138	138	138	137	139	140	139	137	136	137	138	136	138	138	138	138	138	138	137	137	136	134	133	134	134	133	132	134	135	134	133	132	132	132	132	131	130	129	130	132	132	130	129	129	128	129	130	131	132	134	135	136	137	139	140	140	141	143	142	139	141	141	141	142	141	140	138	136	141	141	141	142	143	143	143	142	140	143	141	152	152	143	164	136	138	137	136	120	116	112	103	124	126	125	125	124	121	120	124	129	128	129	131	129	130	122	135	140	148	157	155	155	157	156	158	156	156	154	154	156	156	155	155	157	157	156	155	155	156	155	155	154	155	159	155	152	157	155	152	157	156	154	154	155	155	153	153	154	154	156	155	152	156	154	151	162
73	160	161	162	162	161	161	162	163	163	164	164	163	163	165	166	164	168	167	166	166	167	167	167	166	168	165	168	165	156	146	135	135	139	138	135	139	145	142	101	152	201	219	218	185	92	113	135	138	140	142	144	145	145	145	147	148	144	137	160	161	164	166	153	140	149	150	150	150	151	151	153	155	156	157	156	156	155	156	156	155	158	157	157	157	158	158	158	158	159	159	158	158	159	159	159	159	160	159	158	158	159	159	158	158	158	158	157	156	156	156	155	154	155	154	154	154	154	156	159	161	156	163	163	161	164	163	161	164	164	163	167	163	167	164	168	168	169	169	169	168	168	168	169	170	168	170	171	170	171	172	172	170	175	175	174	175	175	175	175	174	174	174	174	175	175	175	175	175	175	175	175	174	174	174	176	177	174	176	176	174	174	175	174	172	174	175	168	179	180	183	181	178	175	175	175	176	176	177	177	178	181	180	180	178	179	179	183	184	186	185	184	184	183	183	183	183	183	183	183	183	184	184	185	186	184	186	185	183	183	184	184	182	184	184	183	182	182	182	182	182	184	184	184	184	183	182	182	182	177	174	172	173	172	170	168	167	163	167	164	162	172	168	187	182	190	191	193	194	195	195	196	196	194	195	196	196	196	196	196	197	197	197	197	196	195	196	197	198	196	196	196	196	197	197	196	196	190	193	196	195	193	193	196	199	197	192	199	239	231	246	216	168	188	190	189	184	184	175	177	169	173	171	165	173	171	173	137	134	139	148	149	152	153	154	158	153	153	157	155	154	154	158	149	155	176	187	197	200	199	200	200	199	197	197	198	199	199	199	198	197	200	200	200	200	199	197	195	193	197	194	202	202	201	203	199	203	205	201	208	199	200	197	192	191	191	190	192	197	201	200	197	196	194	191	190	193	196	197	198	199	199	198	204	200	201	205	203	207	211	195	174	150	153	149	144	147	145	153	155	151	158	158	163	152	133	133	134	143	154	149	151	150	148	148	148	149	148	147	146	145	138	140	142	143	142	140	137	135	140	141	140	139	138	139	139	139	143	143	143	142	142	141	139	139	141	140	139	138	138	139	141	141	139	139	139	139	140	140	141	141	142	142	141	140	140	140	141	142	143	143	148	140	146	141	145	140	141	141	141	140	141	142	142	139	142	131	135	137	144	144	137	139	140	140	140	139	139	139	139	139	138	139	139	137	136	137	137	136	135	135	135	135	135	135	135	135	135	134	133	136	136	135	135	136	135	134	133	132	133	132	132	131	133	131	129	130	130	130	130	131	131	131	131	131	131	130	131	131	129	130	129	127	127	128	127	124	121	120	118	118	120	123	127	129	128	128	128	129	131	131	131	131	131	134	132	138	140	133	147	125	124	124	126	114	112	110	103	123	123	124	125	126	124	122	123	127	129	130	131	130	130	123	136	141	149	159	156	155	157	156	158	155	158	156	156	158	158	157	157	159	158	158	158	158	158	157	157	157	155	159	155	153	157	155	153	157	157	155	155	156	155	154	153	154	154	157	156	154	157	156	155	164
74	164	165	165	165	165	165	165	166	162	163	163	163	163	165	166	165	167	166	165	166	166	167	167	167	169	166	169	165	158	148	136	136	139	139	138	136	149	141	103	148	202	220	221	193	92	111	136	141	141	143	144	145	145	145	147	148	148	143	160	160	169	170	158	146	150	150	151	151	151	151	152	154	153	157	157	154	154	158	158	155	158	157	156	156	157	158	158	158	159	158	158	158	158	159	159	159	160	159	159	159	159	159	158	157	158	158	157	157	157	156	155	154	154	154	154	154	155	157	160	162	158	163	163	162	165	165	164	167	166	164	168	164	168	164	168	168	170	170	170	170	169	169	170	170	171	172	172	171	171	172	173	172	172	172	172	172	173	173	172	171	175	175	175	175	175	175	174	174	174	174	175	175	174	174	175	175	174	175	175	174	174	175	175	173	175	175	167	180	183	186	182	178	176	176	176	177	178	179	179	180	181	180	185	179	185	179	184	182	184	184	184	184	184	185	185	186	185	185	185	184	184	184	184	185	185	185	184	182	182	183	183	183	182	182	182	182	182	182	183	183	186	185	185	184	183	183	183	183	179	176	174	174	173	170	168	168	164	166	166	163	175	169	188	183	191	192	194	195	195	195	195	196	195	195	196	196	196	197	197	198	197	197	197	197	196	197	198	199	196	196	196	197	197	197	197	197	197	200	202	201	198	197	199	202	195	194	200	234	225	246	209	174	191	193	191	186	186	176	178	170	177	165	169	165	176	161	137	134	139	149	151	154	154	155	158	154	154	157	155	154	154	158	149	156	176	189	199	202	201	201	201	200	199	199	200	201	201	201	201	200	199	199	199	200	201	200	198	196	197	203	202	198	206	204	196	207	206	202	206	199	200	199	194	192	192	191	192	196	198	198	197	197	191	190	191	195	198	199	198	199	199	199	204	201	201	206	204	208	211	193	172	151	154	147	143	149	146	153	155	150	157	156	162	152	131	132	131	149	155	155	154	154	147	147	147	147	146	145	144	144	146	146	145	144	143	142	142	141	139	142	142	139	139	143	143	139	138	139	140	140	140	140	140	140	143	142	141	140	140	141	142	143	143	143	143	144	144	144	144	144	146	145	145	144	143	143	143	143	140	142	143	140	141	143	143	140	141	140	138	137	138	140	139	138	136	133	145	141	143	135	139	147	140	140	140	140	140	140	140	140	138	139	139	138	138	138	138	137	139	139	139	139	139	139	139	139	136	135	136	137	138	138	137	137	134	134	134	134	134	133	132	131	134	131	130	130	131	130	131	132	130	131	131	131	131	131	131	132	133	133	131	128	128	128	128	127	130	130	129	130	131	133	134	134	131	130	129	129	129	128	128	127	121	123	122	122	126	122	125	114	112	112	116	108	109	109	104	122	123	123	125	125	124	123	125	128	130	131	132	130	131	124	137	143	152	160	157	156	158	156	158	156	157	156	157	158	158	157	156	157	153	154	156	155	154	153	154	154	156	158	155	154	156	155	153	156	157	156	156	156	156	154	154	155	155	158	156	155	157	157	160	167
75	160	161	162	162	161	161	162	163	162	163	163	163	164	165	166	166	166	165	165	165	165	166	166	166	166	166	173	167	157	146	137	139	137	142	141	136	143	136	103	147	202	223	226	199	95	106	134	141	141	143	144	144	144	144	146	147	147	136	155	165	174	171	159	142	147	149	152	154	154	153	152	152	152	155	155	154	155	158	159	157	158	157	157	156	157	158	159	159	159	158	158	158	159	159	159	159	160	159	159	160	160	159	158	157	159	159	158	157	157	157	156	155	154	154	154	154	155	157	159	161	161	163	164	163	164	165	166	167	166	165	169	165	169	166	169	169	171	171	171	171	171	171	171	172	174	173	173	172	172	173	174	174	176	176	176	177	178	178	176	175	176	175	175	175	175	174	174	174	173	174	175	175	174	174	174	174	174	175	175	175	175	175	175	175	176	176	169	181	184	187	184	179	177	177	178	179	179	180	180	181	180	181	185	183	187	183	185	184	181	181	182	183	184	185	185	185	185	186	188	189	188	187	185	184	185	185	185	184	183	184	184	184	182	182	183	183	183	184	184	184	187	186	185	184	183	183	183	183	180	177	175	175	174	171	169	169	165	165	168	163	177	171	188	185	192	193	195	195	195	195	195	196	195	196	196	196	196	197	197	198	196	196	196	196	196	196	197	198	196	196	197	198	198	198	198	199	202	201	200	200	200	200	199	198	200	199	208	230	227	247	211	185	194	196	194	188	188	178	180	172	170	173	176	192	185	178	134	131	140	150	153	156	156	156	159	155	156	158	155	155	155	158	149	157	176	190	201	203	201	202	202	200	202	202	202	202	203	203	202	202	199	199	200	200	201	201	200	198	199	207	203	199	207	204	197	208	206	204	203	199	200	200	196	193	191	192	195	198	199	196	193	192	189	189	192	197	200	200	198	198	200	199	204	202	202	206	204	209	211	193	173	150	152	148	143	147	149	153	153	147	153	153	161	154	131	132	130	155	156	160	156	156	154	153	153	152	151	150	149	149	148	145	141	137	136	137	140	142	141	143	144	143	143	145	145	143	144	145	146	148	149	150	151	151	146	147	147	147	147	147	146	145	143	143	144	144	144	143	143	142	143	143	143	142	142	141	141	141	143	140	138	145	141	141	138	144	146	145	144	143	143	144	143	141	142	142	144	137	141	143	144	140	141	141	140	140	140	140	140	140	139	140	140	140	140	140	139	138	138	138	138	138	138	138	138	138	139	138	138	139	139	138	136	135	135	134	135	135	135	134	132	131	132	131	131	133	134	132	131	131	131	132	132	133	133	133	134	134	133	132	131	130	131	132	133	133	130	130	130	130	129	127	125	123	125	124	122	121	120	119	118	117	118	120	119	114	119	119	113	112	111	111	113	108	108	108	107	122	124	124	124	123	122	124	128	131	132	132	132	130	130	123	137	143	153	161	158	157	159	157	158	157	156	157	157	158	158	157	156	156	154	156	158	158	157	155	156	158	156	157	156	155	156	155	155	155	157	155	155	156	156	155	155	156	155	158	155	156	157	157	164	168
76	165	166	167	167	166	166	167	168	163	163	163	164	164	165	165	166	167	167	166	166	166	167	166	166	165	166	172	167	157	148	138	139	137	143	139	138	138	137	104	139	210	231	236	208	106	105	136	144	140	142	143	144	143	144	145	146	147	131	157	182	188	179	164	137	147	149	152	154	155	154	153	153	157	155	155	157	157	155	156	158	159	158	158	158	159	160	160	160	160	160	159	160	160	161	160	160	160	160	160	160	161	160	159	158	159	159	158	158	158	157	156	155	155	155	155	155	155	157	159	160	164	163	164	165	164	164	166	166	166	165	169	166	171	167	171	170	170	171	172	172	172	172	173	174	175	174	173	174	174	175	176	177	172	172	173	173	174	174	172	171	176	176	175	175	175	175	174	174	174	175	176	176	175	174	173	173	175	175	175	175	176	176	176	177	176	178	172	184	185	187	184	181	179	179	179	180	180	181	181	181	185	186	182	184	180	186	186	190	183	183	184	185	185	185	184	183	184	185	186	187	187	186	185	183	184	184	184	185	186	185	185	185	184	184	185	185	185	185	185	185	187	187	186	185	184	184	184	184	180	177	175	175	175	172	170	170	166	165	169	165	177	173	187	186	192	193	195	196	196	196	197	197	195	196	196	196	196	196	196	197	196	197	197	197	197	197	197	198	196	197	198	198	198	198	199	200	200	198	197	199	201	203	202	200	202	202	217	229	235	245	212	183	196	198	196	190	190	180	181	173	178	171	182	167	179	162	143	137	141	151	154	157	157	157	161	157	157	159	155	156	156	158	149	157	177	191	203	204	201	202	202	200	202	201	201	202	202	203	202	201	203	203	201	201	200	199	198	197	202	204	204	204	204	203	205	207	209	208	204	202	199	199	196	191	189	193	200	205	204	196	189	185	190	191	194	198	201	200	198	198	200	198	204	202	203	206	204	210	210	196	175	148	150	149	144	145	149	153	153	147	152	151	160	154	132	132	132	163	160	165	160	161	160	159	158	157	156	155	154	153	152	152	151	150	149	147	146	146	146	145	146	149	149	147	146	147	146	147	147	148	148	148	148	147	151	151	152	152	152	151	150	149	148	148	148	148	147	146	145	144	145	145	145	145	145	145	144	144	146	145	141	149	143	145	140	146	146	146	146	146	145	144	142	141	142	146	141	142	140	146	144	140	142	142	142	141	141	140	140	140	140	140	140	141	141	140	139	139	138	138	138	138	138	138	138	138	140	140	140	140	139	139	137	135	135	135	136	136	136	135	133	132	133	132	132	134	135	133	131	131	134	135	135	134	133	132	132	133	131	131	130	131	132	133	133	133	135	133	131	130	129	129	130	129	128	127	127	127	127	127	127	126	121	123	121	116	120	122	112	117	115	113	112	109	107	107	109	120	124	125	124	123	123	126	130	132	133	133	133	130	130	123	137	143	154	161	157	158	160	157	159	159	158	159	160	160	159	159	158	157	155	157	159	158	157	156	157	158	157	156	157	157	156	156	156	155	155	154	154	156	156	155	155	156	155	158	154	156	155	156	167	167
77	160	161	161	161	161	161	162	162	164	163	163	164	165	165	165	167	167	166	165	165	165	166	165	165	168	165	168	165	160	154	141	136	139	141	136	141	139	143	109	129	192	214	220	193	107	95	128	136	139	141	143	144	144	144	145	146	151	135	157	183	190	179	168	143	149	150	151	152	152	153	155	157	157	154	154	158	159	156	157	160	159	159	159	159	160	161	161	160	161	160	160	161	162	162	161	161	162	161	161	161	161	161	160	159	160	160	159	158	158	158	157	156	156	156	156	156	156	157	159	161	166	162	164	166	164	164	167	166	166	166	170	167	172	169	172	171	170	171	173	173	173	173	174	175	175	174	174	174	175	175	176	178	178	178	178	178	179	179	178	177	175	175	175	175	175	175	175	175	175	176	177	176	175	174	174	174	176	175	175	176	177	176	177	178	177	179	174	185	186	188	185	182	181	181	181	181	181	182	182	182	185	187	183	188	182	188	185	188	184	185	187	188	188	188	187	187	186	185	185	184	184	185	186	186	183	183	184	186	186	185	185	186	186	187	187	187	187	187	187	187	188	188	187	186	185	185	184	184	181	178	176	176	175	173	171	171	168	166	169	168	175	176	185	189	192	193	195	196	197	197	197	198	196	196	197	196	196	196	196	197	198	199	199	199	199	199	199	200	197	198	200	200	199	199	200	201	199	200	201	202	202	202	203	204	203	202	215	226	237	243	219	185	197	199	197	191	191	181	182	174	171	179	188	192	187	178	140	134	142	153	156	158	157	158	162	159	159	159	157	158	157	159	149	158	178	193	204	204	201	203	203	201	203	203	203	203	203	204	203	203	204	202	201	200	200	201	201	200	205	203	204	208	202	203	210	205	206	209	202	205	201	201	200	196	198	199	201	202	200	195	192	192	194	194	196	200	201	199	198	199	200	198	203	203	203	206	204	210	209	197	176	146	148	149	145	144	147	152	153	149	154	150	157	150	129	128	133	167	163	167	164	165	160	160	159	158	156	155	153	152	148	148	148	148	147	145	143	142	150	148	149	154	154	150	150	152	155	155	156	156	156	156	155	155	156	155	153	152	152	152	153	154	155	155	154	154	153	152	151	151	152	152	152	152	152	152	152	151	147	153	148	148	142	151	147	144	143	144	145	145	143	140	140	141	140	145	142	152	143	141	142	148	144	144	143	143	142	142	141	141	141	140	140	141	140	139	139	139	140	140	140	140	140	140	140	140	139	140	140	139	140	140	139	137	137	137	137	138	138	137	135	133	136	133	132	133	133	133	133	134	133	133	134	134	133	133	134	134	135	134	134	135	135	133	132	132	132	132	132	132	132	131	130	129	127	126	126	126	126	125	124	122	122	124	119	118	119	122	113	118	117	113	111	109	107	106	112	119	123	125	126	126	127	129	130	130	133	134	133	130	131	123	137	143	155	161	157	159	160	157	159	160	158	159	159	158	158	158	158	156	155	156	156	156	155	154	155	156	158	155	157	158	155	156	157	154	156	154	154	156	156	155	155	156	155	158	153	157	154	155	168	165
78	164	164	165	165	165	165	165	166	165	164	164	165	166	165	165	167	165	165	164	164	165	165	165	165	169	166	169	165	162	156	142	137	141	137	140	141	141	143	119	127	186	207	214	188	124	105	138	144	138	140	143	145	145	145	145	146	145	142	149	160	175	167	159	146	150	151	151	151	152	153	154	157	155	155	155	157	159	159	160	161	159	159	159	161	162	162	161	160	161	161	161	162	162	162	162	161	163	162	161	161	161	162	161	161	160	160	159	159	159	158	157	156	155	156	157	157	157	159	160	162	166	161	164	168	165	165	168	166	168	167	172	169	173	169	173	171	171	172	173	174	174	174	174	174	175	174	173	174	175	174	174	176	174	173	173	173	174	174	174	173	175	175	175	175	175	175	175	175	175	176	177	177	176	176	176	176	178	176	176	177	178	177	177	179	178	179	173	186	188	191	187	183	182	182	182	183	183	184	184	184	182	185	187	190	189	188	186	185	185	185	186	187	188	189	189	190	188	187	185	184	184	185	187	187	185	184	185	187	187	186	186	187	187	188	188	189	189	189	188	188	189	189	189	188	187	186	186	185	182	179	177	177	176	174	172	171	171	169	168	172	172	180	183	191	193	194	195	197	197	197	198	198	196	196	197	197	197	197	197	198	198	199	200	201	201	201	201	202	199	201	203	203	202	201	202	203	201	200	200	201	203	204	204	203	206	207	213	232	240	248	229	189	198	199	197	192	191	181	183	175	175	173	191	182	190	165	140	134	144	154	157	159	158	159	163	160	160	160	158	160	159	160	150	158	179	195	206	205	202	204	205	203	205	205	204	204	205	205	205	204	202	201	200	199	201	203	205	206	205	207	205	208	203	202	210	204	202	208	202	208	203	205	206	205	205	204	202	199	196	195	197	202	199	199	200	201	201	199	199	201	200	197	203	203	203	205	204	211	210	195	174	147	150	148	144	146	146	151	153	150	154	149	155	149	126	125	135	169	166	166	167	167	164	164	164	163	161	159	157	156	155	153	151	149	148	148	149	150	151	152	154	156	157	156	155	155	154	155	156	157	157	157	157	157	159	158	157	155	155	155	156	156	155	155	154	154	153	153	153	153	154	153	153	153	152	152	152	152	150	156	153	149	146	153	151	147	150	150	151	150	147	145	148	153	157	150	139	147	152	148	147	142	146	146	145	145	145	144	144	144	144	142	141	142	142	140	140	141	138	138	138	138	138	139	139	139	139	140	140	139	140	142	141	139	138	138	138	138	138	138	136	135	137	134	133	133	134	133	134	135	132	133	134	134	135	135	136	137	136	134	133	134	134	132	131	131	131	132	134	135	135	132	129	126	129	129	129	128	127	125	122	120	121	124	117	120	118	119	114	116	117	113	111	112	109	108	115	119	124	126	127	126	127	130	132	131	133	133	134	131	132	125	139	145	156	162	158	159	160	156	159	160	157	159	158	156	156	157	157	155	161	160	159	159	158	159	159	160	158	154	158	159	155	156	158	154	157	156	156	157	156	155	155	156	155	159	154	158	154	154	169	162
79	163	164	164	164	164	164	164	165	166	165	164	166	166	165	165	167	166	166	166	166	167	168	168	168	166	167	173	168	161	154	143	140	143	136	146	141	140	138	128	132	181	199	205	180	130	107	138	142	138	140	144	146	146	146	146	146	140	153	151	151	173	165	154	149	149	151	153	154	154	153	153	154	157	160	160	157	157	159	159	156	158	159	160	161	162	162	161	160	161	161	161	162	162	162	161	161	164	163	162	161	162	162	162	162	160	161	160	159	159	158	157	156	155	156	157	157	158	159	161	163	166	160	164	169	165	166	170	167	169	168	172	169	173	169	172	171	172	173	174	174	174	173	173	174	175	173	173	174	174	172	173	175	174	173	173	173	173	174	174	173	175	175	175	175	175	176	176	176	175	176	177	177	177	177	178	179	179	177	177	178	178	177	178	180	179	178	171	185	190	194	189	183	182	182	183	184	184	185	186	186	184	183	187	183	189	185	191	190	189	188	186	185	184	184	185	186	185	185	185	185	185	185	184	184	189	187	186	188	188	187	187	190	187	188	188	189	190	189	189	189	190	190	190	190	189	188	187	186	184	181	179	178	177	174	172	171	173	171	168	174	171	182	182	193	193	194	196	197	197	197	198	198	196	196	197	197	197	198	198	199	198	199	200	201	201	202	202	203	202	204	205	205	203	203	204	205	208	203	200	205	214	219	216	212	199	206	210	239	241	248	223	176	198	199	197	192	192	182	183	175	179	177	190	190	191	166	138	138	145	155	157	159	158	159	164	161	160	161	158	161	160	160	150	159	181	197	207	205	202	204	206	204	204	203	203	203	203	204	203	203	205	203	201	200	201	203	205	207	204	211	205	206	206	202	207	205	204	212	204	211	204	205	208	205	202	203	205	205	202	199	199	202	203	202	202	202	201	199	200	202	200	197	202	203	203	205	203	211	211	192	171	149	151	146	142	148	148	152	152	148	151	148	155	151	128	126	140	172	170	167	170	170	164	165	164	163	161	159	157	155	153	152	152	151	150	149	149	149	150	155	157	157	158	161	160	157	161	162	162	162	162	162	161	161	161	161	161	161	160	159	158	158	159	159	158	158	158	158	159	159	159	158	157	157	156	155	155	155	158	156	155	156	155	153	153	155	152	152	152	151	147	146	153	161	163	163	154	144	147	143	153	145	147	147	147	147	146	146	146	146	147	144	143	144	143	141	142	143	142	142	143	143	143	143	143	143	141	142	141	139	140	142	142	140	139	139	139	139	139	138	137	136	135	133	134	136	136	135	133	133	137	137	137	137	136	135	135	135	137	135	135	137	137	136	135	137	137	135	133	132	133	133	134	134	129	129	130	130	130	128	126	124	124	127	118	124	119	120	118	117	118	114	113	115	112	110	118	120	127	128	126	124	126	130	133	133	132	133	134	132	133	127	141	147	157	162	158	159	160	155	158	159	159	160	160	157	157	158	158	156	160	159	157	156	156	157	157	157	158	154	158	160	155	156	159	154	159	158	157	158	157	155	154	155	155	159	154	159	154	153	170	161
80	163	164	164	163	162	162	164	165	165	164	165	166	167	167	166	164	165	165	166	167	168	166	166	167	166	167	176	164	163	159	139	142	140	140	139	143	138	147	123	132	178	193	205	181	136	112	144	134	140	142	144	146	147	147	147	147	148	143	148	169	154	171	152	150	155	151	151	158	159	154	154	159	157	159	158	157	157	159	160	158	159	159	160	161	162	163	163	164	162	162	162	163	164	164	163	163	163	164	165	165	163	162	162	163	161	161	159	159	158	158	157	156	155	158	158	155	155	159	160	159	163	164	166	167	167	167	167	168	168	168	172	169	174	170	173	172	171	173	173	169	170	174	176	174	176	175	174	173	173	174	175	176	176	174	174	175	174	173	175	178	175	176	176	177	177	177	177	177	177	177	178	179	179	179	179	179	178	178	179	179	179	179	179	179	178	179	177	187	195	194	191	183	180	182	185	186	186	184	182	182	186	186	187	187	187	188	189	189	186	186	185	185	184	184	184	184	186	185	184	183	184	185	187	189	188	192	182	193	188	187	190	190	190	190	191	191	191	190	190	189	190	190	190	191	191	190	188	187	186	182	178	177	177	175	174	173	169	168	168	174	171	179	180	190	190	198	196	196	192	201	198	195	195	197	198	197	197	199	200	199	200	200	201	202	203	203	203	203	203	203	204	204	204	205	205	205	202	212	210	199	177	171	187	198	198	203	217	241	244	243	232	177	189	206	194	195	181	180	184	176	179	181	193	186	194	172	138	139	145	157	162	162	160	160	164	160	158	164	158	156	161	163	149	158	177	201	205	204	205	204	203	201	203	206	208	207	207	208	207	204	204	203	202	202	205	207	208	208	205	205	207	205	205	206	202	201	202	211	206	201	208	212	207	207	205	205	200	203	198	203	199	202	203	203	202	201	201	200	200	200	200	201	203	204	204	204	206	207	206	194	174	147	150	147	142	144	149	148	152	148	151	141	161	138	122	127	138	176	170	166	163	167	166	165	164	162	161	159	157	156	154	153	151	150	149	149	149	150	153	155	162	156	161	157	162	161	159	163	163	160	160	164	164	160	163	163	162	162	162	161	161	161	161	160	160	160	160	160	160	159	160	160	159	159	160	160	160	160	161	161	161	161	160	159	158	157	153	155	158	152	157	147	157	174	184	180	157	141	157	152	152	152	158	156	154	151	150	150	150	151	150	150	149	146	145	148	149	148	147	144	144	146	146	144	143	143	142	142	143	144	144	143	142	142	140	140	140	140	140	139	137	135	137	135	134	133	133	133	134	134	138	138	138	137	137	137	137	138	138	137	136	136	136	136	137	138	136	136	135	134	132	132	133	133	127	128	129	129	128	128	128	128	124	123	124	124	121	117	117	120	119	120	112	114	113	114	112	126	125	131	129	127	132	131	128	133	135	132	129	132	127	127	141	147	158	160	160	157	157	160	159	156	162	161	159	158	157	157	158	158	154	156	157	156	155	156	155	153	152	160	156	153	158	160	156	157	154	153	156	158	159	158	157	157	157	159	150	156	163	158	177	157
81	163	163	163	163	163	163	164	165	165	164	164	165	166	167	166	166	166	165	165	167	168	166	166	167	166	166	174	167	160	159	140	142	141	139	139	143	137	145	123	128	177	196	206	183	138	111	140	142	140	142	144	145	146	146	147	147	149	144	154	157	154	158	155	156	154	153	153	155	156	156	156	157	158	159	159	158	158	160	160	159	159	159	160	160	161	162	162	162	165	165	164	164	164	163	162	161	164	164	165	164	163	163	163	163	162	161	160	160	160	159	158	158	158	157	155	155	155	157	160	163	164	165	166	167	167	167	167	167	169	169	173	169	174	170	174	173	170	171	173	175	176	173	171	170	174	174	173	173	173	174	175	175	176	175	174	175	175	174	175	178	177	177	177	177	178	178	179	179	179	179	179	179	179	179	179	179	179	180	180	180	180	180	180	180	179	179	177	187	196	196	193	184	185	184	182	181	181	183	187	190	185	185	186	185	185	184	185	185	185	185	185	184	184	184	184	185	185	185	186	187	187	187	187	187	190	190	186	192	190	189	190	191	191	191	191	191	191	191	191	191	191	191	191	191	191	190	188	187	186	182	178	177	177	175	174	173	175	172	171	172	173	178	184	193	191	193	196	195	197	196	197	196	195	197	198	197	197	199	200	199	201	202	203	203	204	205	205	205	205	205	205	205	205	205	205	205	206	208	207	195	159	128	138	167	198	218	221	233	241	245	225	177	193	202	189	195	188	185	185	176	172	179	195	189	192	168	136	141	143	156	160	162	160	159	163	159	161	166	162	160	159	160	148	156	175	199	204	203	206	205	207	205	205	206	205	204	204	206	207	206	205	204	203	203	204	205	205	205	210	205	205	204	203	202	202	206	202	207	204	202	208	207	203	205	204	203	202	200	201	200	201	201	203	203	203	202	202	201	201	200	200	201	203	204	204	204	206	207	207	194	174	148	150	147	142	143	148	148	151	148	150	141	159	139	122	128	140	177	171	168	166	169	166	166	165	164	163	161	159	158	155	154	152	150	149	149	150	150	154	156	162	158	161	158	162	160	165	162	162	166	166	163	163	166	163	163	163	163	163	163	163	163	163	162	162	162	162	162	162	161	162	162	161	161	161	162	162	161	161	161	160	160	160	159	158	158	160	159	160	157	160	149	161	183	192	184	156	140	155	153	156	157	156	157	157	157	157	156	156	155	156	158	157	155	153	153	151	148	152	150	148	149	148	146	145	145	146	146	146	146	146	145	145	144	144	144	143	142	142	141	139	138	137	137	137	137	137	137	135	134	137	137	138	137	137	137	138	138	137	138	138	139	139	138	137	136	133	135	137	138	137	135	132	130	133	132	131	131	131	130	128	126	126	125	125	126	123	120	120	123	119	121	115	115	115	114	117	131	125	131	129	128	133	133	131	136	135	133	130	133	129	128	142	148	162	160	159	160	160	159	158	158	159	159	160	160	160	159	158	157	155	157	157	155	155	156	155	154	158	160	155	154	159	157	155	160	155	154	156	158	158	158	158	158	154	157	154	156	158	156	171	156
82	162	162	162	162	163	164	165	164	165	165	164	164	165	166	166	166	166	165	165	167	167	166	166	167	166	166	171	171	157	161	143	141	143	139	141	145	136	144	125	123	179	198	206	185	142	111	137	148	142	143	145	146	146	147	148	149	147	147	158	159	162	158	156	156	153	156	156	153	154	157	158	157	158	160	160	160	160	161	161	160	162	162	162	163	163	164	164	164	164	164	164	165	166	166	166	165	166	165	165	164	164	164	164	163	163	162	161	161	161	160	159	159	159	155	155	157	158	157	160	165	165	166	167	167	166	166	167	168	171	170	173	169	173	170	174	173	174	171	171	174	174	170	170	173	173	173	173	174	174	175	175	175	176	175	175	176	176	175	175	177	177	177	177	177	178	179	180	180	181	180	180	180	180	180	180	180	181	181	182	182	182	182	182	182	181	181	177	187	197	199	197	187	182	183	184	185	185	186	186	187	188	188	188	188	187	187	187	188	184	184	184	184	184	184	185	185	185	186	187	187	188	188	187	187	191	188	192	189	192	191	189	191	192	192	191	190	190	191	191	192	192	192	192	192	191	190	188	187	185	181	177	177	177	175	174	173	171	169	168	168	171	173	181	187	192	189	195	194	200	192	196	196	196	197	198	198	198	199	200	199	201	201	202	203	203	204	204	204	206	206	206	206	206	206	206	206	214	214	215	199	163	127	138	184	202	213	222	243	239	249	229	173	198	201	190	196	191	184	183	178	179	184	197	189	189	164	140	145	145	157	160	161	158	158	163	160	162	165	164	164	160	161	152	160	178	201	205	203	205	204	206	205	205	206	205	203	203	205	206	206	203	203	203	204	206	207	207	207	212	206	203	204	202	198	202	208	209	210	207	209	213	209	204	207	202	199	202	197	203	198	202	201	203	203	204	203	203	202	201	201	200	201	203	204	204	204	206	207	207	194	174	148	150	146	141	143	148	148	150	146	149	142	156	139	121	129	143	179	173	171	169	172	168	167	166	165	165	163	161	160	157	156	153	151	150	150	150	151	155	158	163	160	162	160	162	161	163	160	160	164	164	160	160	164	164	164	164	164	164	165	165	165	165	165	164	164	165	165	164	164	165	164	163	163	164	164	164	164	162	162	161	161	161	161	161	161	160	157	158	158	160	153	171	197	206	193	161	143	155	155	156	156	156	156	156	156	155	154	153	153	151	152	152	151	151	151	150	148	154	152	151	152	153	152	152	153	151	151	150	150	149	149	148	148	149	148	147	146	145	144	142	141	140	140	139	140	140	139	138	137	138	139	140	140	139	139	140	141	140	140	141	141	140	139	138	137	138	137	136	136	136	136	134	133	135	133	132	132	133	131	128	124	126	126	125	125	124	122	122	123	120	121	119	116	116	116	124	136	132	134	132	131	134	132	130	133	135	134	132	135	131	130	144	148	165	161	160	162	162	158	157	160	158	159	160	160	160	160	159	158	156	157	157	155	155	156	156	156	162	159	156	157	160	156	154	160	156	155	156	157	157	158	159	159	156	155	158	157	159	160	168	152
83	162	161	160	162	164	165	165	164	165	165	165	164	164	164	164	164	166	165	165	167	167	166	166	167	167	166	168	173	156	162	145	140	145	140	143	147	138	144	127	116	185	201	210	192	144	108	139	146	146	146	147	148	148	149	151	152	146	150	150	159	160	162	152	153	155	157	156	155	155	157	159	159	159	160	161	162	162	162	162	162	164	164	164	165	165	166	166	166	164	164	165	166	168	168	169	168	169	167	165	165	166	166	166	165	164	163	162	161	161	160	159	158	157	156	158	161	161	159	160	163	166	167	167	167	167	167	168	169	171	170	173	169	173	169	173	173	175	172	171	172	172	171	172	175	173	173	174	175	175	175	175	175	176	176	177	178	177	176	176	177	177	177	177	177	178	179	181	181	182	182	181	181	181	181	182	182	183	183	184	184	184	184	183	183	184	183	178	187	199	202	200	190	179	182	187	189	189	186	183	181	183	184	184	184	184	184	185	186	183	183	183	184	184	185	185	186	187	186	185	185	185	186	187	188	191	185	195	188	193	192	189	192	192	191	191	191	190	191	191	191	193	192	192	191	191	189	188	186	185	181	177	176	176	175	173	173	169	172	168	174	173	176	181	185	189	188	193	194	198	193	195	195	196	198	198	198	198	199	200	200	200	201	202	202	203	203	203	203	206	206	206	206	206	207	207	207	203	210	213	190	162	133	145	189	205	213	220	248	243	248	224	185	196	201	196	197	189	182	185	184	171	180	199	200	201	169	138	134	148	157	158	159	158	158	164	162	163	162	163	166	160	162	155	159	180	203	206	204	205	204	205	204	204	205	206	206	206	206	205	204	201	202	203	205	207	208	209	209	209	208	203	204	201	197	203	207	207	208	207	207	209	206	201	201	198	197	200	198	203	201	203	202	203	203	204	204	203	202	201	200	200	201	203	204	204	204	206	207	207	193	173	149	151	147	141	144	147	148	149	145	147	142	152	139	120	130	145	181	175	174	172	174	170	169	168	167	166	164	162	160	159	157	154	152	150	150	151	152	156	160	164	163	163	163	164	163	164	167	168	165	165	168	168	164	166	166	166	166	166	166	166	166	167	167	166	166	167	167	166	166	167	166	165	165	166	166	166	166	165	165	164	163	163	163	164	164	162	162	163	163	162	164	186	210	213	198	165	151	159	159	158	155	158	157	156	154	153	153	154	154	155	155	154	153	154	156	157	158	156	155	154	154	155	156	156	157	154	154	153	153	152	152	152	152	152	151	149	148	147	146	145	144	144	142	140	139	139	140	141	142	143	144	144	144	144	143	144	144	145	144	143	141	140	140	141	141	143	140	137	136	137	138	137	136	135	134	134	134	135	133	130	128	129	128	127	127	126	125	124	124	122	122	121	116	117	118	127	136	137	136	133	133	134	132	131	133	135	134	133	136	132	132	145	149	165	162	161	162	162	160	159	161	161	160	159	158	158	159	160	160	157	157	156	156	155	156	158	157	159	158	158	160	161	158	155	156	155	155	157	157	158	159	160	159	158	153	158	157	164	167	164	145
84	161	160	160	161	163	165	164	163	163	164	165	166	165	165	165	164	166	165	165	167	167	166	166	168	167	167	167	174	158	163	148	141	144	140	142	146	141	143	124	104	194	213	227	209	146	93	140	144	148	148	149	149	149	150	152	153	156	157	149	155	155	159	157	161	157	156	156	158	158	157	158	163	160	161	162	163	164	163	163	164	163	163	164	164	165	166	166	166	168	167	167	167	168	168	167	166	170	168	167	166	167	168	167	166	166	165	163	162	162	161	159	158	157	160	161	160	160	162	162	161	166	167	167	168	168	168	169	170	171	169	172	168	172	169	173	172	169	172	175	175	175	176	174	171	173	174	175	176	177	177	176	176	176	178	179	179	178	178	178	178	179	179	178	179	179	181	182	183	183	182	182	182	182	183	184	184	184	185	185	185	185	185	185	184	185	185	180	188	199	204	202	192	183	184	185	184	184	183	183	183	182	182	183	183	183	184	184	185	183	183	184	184	185	185	186	187	187	187	186	186	186	187	188	189	191	185	196	187	192	192	190	191	191	191	191	191	191	191	190	190	193	192	191	191	190	189	187	186	185	181	177	176	176	174	173	172	166	173	164	175	170	176	181	184	187	191	192	195	193	198	194	194	197	198	198	199	199	199	200	201	202	203	203	204	205	205	205	205	205	205	205	206	206	207	207	207	208	220	224	194	163	128	138	173	196	229	221	231	242	238	205	206	190	197	198	194	190	186	188	183	179	185	198	195	188	158	140	139	146	156	159	161	160	159	164	161	166	163	162	166	161	161	152	155	178	201	205	203	206	206	208	207	204	205	206	206	206	205	203	203	204	205	206	207	207	207	207	206	206	210	203	199	196	197	206	205	205	209	209	206	205	206	203	196	195	197	196	202	201	205	203	205	203	203	204	204	203	202	201	200	200	201	203	204	204	204	206	207	206	191	172	149	152	147	142	145	146	147	147	144	146	142	147	139	118	131	148	183	176	175	173	174	172	171	169	168	166	164	162	160	160	158	155	153	151	151	152	153	156	161	164	166	164	166	165	166	166	170	170	167	167	171	171	167	169	169	169	168	168	168	168	167	168	168	167	167	168	168	167	167	168	167	167	167	167	168	167	167	168	167	166	165	165	165	165	165	163	166	167	162	159	169	188	204	209	195	165	157	162	164	164	163	162	162	161	161	162	163	164	165	165	164	162	161	160	160	161	161	161	160	158	156	155	156	155	154	156	155	155	155	155	155	155	155	153	152	151	149	149	148	147	146	145	143	140	138	139	140	142	143	147	148	148	148	148	147	147	147	148	147	146	144	143	143	144	144	141	141	142	143	144	143	139	135	138	138	139	139	138	137	135	135	134	133	132	131	131	130	128	126	124	123	121	118	116	121	129	133	138	133	131	133	134	135	136	136	134	135	134	136	132	133	146	149	162	163	162	159	160	162	162	160	162	161	160	159	158	159	159	160	157	157	156	156	156	156	158	158	156	158	159	159	158	159	158	154	154	157	159	159	158	160	160	157	159	152	155	155	161	165	161	139
85	160	160	160	162	163	164	164	163	161	163	165	166	166	166	166	166	167	165	165	166	167	166	166	168	167	169	166	172	162	163	150	142	142	141	141	144	145	140	116	89	202	231	249	230	156	69	133	146	148	148	149	149	149	150	151	152	149	148	147	150	154	150	156	154	156	155	157	160	160	157	159	164	161	161	162	164	164	164	164	165	164	165	165	166	167	167	168	168	167	167	167	167	168	168	168	167	170	169	168	168	168	168	167	167	168	167	165	164	163	161	160	159	159	162	161	156	156	161	164	162	165	166	167	168	168	168	169	170	170	169	172	168	172	169	173	172	170	174	175	172	173	177	177	174	176	176	177	178	178	178	178	177	178	180	181	180	180	180	180	179	182	181	181	182	182	183	184	185	183	183	183	184	184	184	185	185	185	185	186	186	186	185	185	185	185	186	181	188	198	203	202	191	182	182	182	182	182	183	184	185	185	185	186	186	186	186	186	187	185	185	185	185	186	186	187	188	187	188	189	191	191	190	189	188	190	189	193	189	191	192	191	191	191	191	192	192	192	191	191	190	193	192	191	190	189	188	187	186	185	181	177	176	175	173	172	171	164	171	161	169	166	170	181	182	187	193	192	196	191	199	194	194	198	198	198	200	200	199	200	202	202	203	203	204	204	204	205	204	204	204	205	205	206	207	207	208	208	217	218	193	158	111	131	166	170	214	216	212	215	215	194	200	210	213	215	209	212	209	204	193	184	199	223	228	213	174	149	142	147	158	162	167	167	164	166	162	165	163	161	165	164	164	150	158	178	201	206	204	206	205	207	206	207	206	205	205	204	203	203	204	203	204	206	207	207	207	208	208	207	212	199	194	192	195	210	206	207	210	211	208	205	208	206	196	194	197	196	204	201	208	203	206	204	204	204	203	202	201	200	199	200	201	203	204	204	204	206	207	205	190	172	149	153	147	142	146	145	146	146	144	145	143	142	138	118	133	151	184	176	176	174	174	173	172	170	169	167	165	162	160	160	158	156	153	152	152	153	153	157	163	164	168	164	168	167	168	169	166	167	170	171	167	167	170	171	170	170	170	169	169	169	168	169	169	168	168	169	169	168	168	169	168	167	167	168	168	168	168	168	167	167	166	165	165	165	165	161	165	165	162	156	171	186	193	203	191	165	161	161	166	167	167	165	166	167	168	168	167	166	165	163	162	162	163	162	160	158	159	161	161	159	158	158	158	158	156	157	157	157	157	157	157	157	157	155	154	152	151	151	150	148	147	144	142	141	141	141	142	142	142	148	149	150	150	150	149	149	149	149	149	150	150	149	147	146	145	146	145	145	145	146	145	143	141	141	142	142	141	139	138	138	138	137	136	135	135	135	135	131	127	126	126	121	121	114	126	132	135	144	135	132	134	133	135	137	136	134	135	134	136	133	135	148	150	162	164	162	158	159	163	163	159	160	161	161	161	161	160	159	158	158	157	156	157	157	158	157	158	158	157	158	156	153	160	162	156	153	157	159	159	160	160	159	156	159	157	157	155	160	159	162	140
86	159	160	161	162	162	162	163	163	163	164	165	166	166	166	166	167	167	165	165	166	166	166	166	168	167	171	167	169	168	163	151	143	142	144	140	142	149	139	108	76	209	246	254	241	174	50	121	149	148	149	149	150	150	150	151	152	152	152	157	176	181	178	174	158	152	155	159	159	159	159	160	161	162	161	161	164	164	164	165	167	167	167	167	167	168	168	169	169	166	166	166	167	168	169	169	168	168	168	169	168	167	166	166	166	167	165	164	163	162	161	159	158	159	159	158	156	156	159	162	164	164	165	166	167	167	167	167	168	169	168	172	169	173	170	173	172	175	175	172	171	172	175	178	180	178	178	179	179	179	179	179	179	179	181	182	181	180	182	182	181	183	183	183	184	184	185	185	185	184	184	185	185	185	185	185	185	185	186	186	186	186	185	185	185	184	185	181	187	196	200	200	189	178	180	182	184	185	184	184	184	182	182	183	184	184	184	185	185	186	186	186	186	187	188	188	189	188	189	191	192	192	191	190	189	189	193	190	192	190	193	194	192	193	193	193	193	192	192	192	192	193	192	191	190	190	189	188	187	186	181	177	176	175	173	171	170	169	174	169	168	175	169	187	183	191	192	193	196	195	195	194	196	198	198	198	200	200	199	200	202	202	202	202	203	203	204	204	204	205	205	205	206	206	207	207	207	207	214	211	195	161	108	133	155	158	179	193	189	181	188	185	180	181	177	180	176	181	177	175	170	165	172	186	190	181	151	140	139	145	153	156	160	160	158	161	158	158	160	157	161	163	161	147	160	179	202	207	204	206	204	204	203	207	205	205	205	204	201	200	201	199	201	203	205	206	207	208	210	207	210	195	193	192	194	209	207	206	205	207	206	202	204	203	195	195	197	199	204	205	206	204	205	206	206	205	204	202	201	200	200	200	201	203	204	204	204	206	207	206	190	172	150	153	147	141	146	143	145	145	144	145	144	139	138	118	136	154	186	177	177	175	174	174	173	171	170	168	166	163	161	159	158	156	154	153	153	153	154	159	165	165	169	164	169	168	170	174	170	171	175	175	171	171	174	171	171	171	170	170	170	170	170	170	170	169	169	170	170	169	169	170	169	168	168	169	169	169	169	167	167	167	167	167	166	166	166	167	168	167	169	162	176	184	187	193	185	165	166	162	165	165	166	165	166	167	167	166	164	162	161	163	162	163	165	165	164	163	164	160	161	161	160	161	163	163	161	159	160	160	160	160	159	159	158	157	156	155	154	153	151	149	148	145	144	142	141	142	143	143	144	148	149	150	151	151	151	151	152	151	151	152	152	151	150	149	148	151	150	148	146	145	146	147	147	144	143	142	142	141	140	140	139	138	139	138	138	139	139	135	129	128	130	122	126	111	131	137	142	152	139	135	136	133	134	137	135	135	137	135	137	133	136	150	152	164	163	162	160	160	161	162	161	160	160	161	161	161	160	159	159	158	156	157	158	160	158	157	158	160	155	157	157	155	158	162	157	155	157	158	158	159	160	160	157	157	160	156	158	162	158	161	131
87	159	160	162	163	162	161	162	163	166	167	167	166	165	164	165	166	167	165	165	166	166	166	167	168	166	172	168	167	171	163	152	144	142	147	141	142	152	138	103	68	213	253	253	243	190	42	111	150	149	150	151	151	151	151	152	153	149	149	145	187	187	200	180	155	148	156	160	157	157	161	162	159	163	161	161	163	164	164	165	168	166	166	166	166	167	167	167	167	168	168	167	167	167	167	166	165	166	167	169	168	166	165	165	166	164	163	162	161	160	159	158	157	157	155	155	158	159	157	159	163	163	164	166	166	166	166	165	165	169	168	173	170	174	171	174	173	175	172	173	176	177	175	176	179	180	180	180	180	180	180	180	180	180	183	183	181	181	182	183	182	183	183	184	184	184	184	184	184	185	185	186	186	186	186	185	185	185	186	186	186	186	185	185	184	182	185	181	186	194	198	197	187	180	181	182	182	183	184	185	186	183	184	186	187	187	188	190	191	187	187	187	187	188	188	189	189	190	190	189	189	189	190	190	190	189	197	187	194	190	193	196	193	194	194	193	193	192	193	193	194	193	192	191	191	190	190	189	188	186	182	177	176	175	172	170	169	166	169	172	164	180	163	187	177	195	189	194	195	200	191	194	198	199	198	199	201	201	199	200	202	203	203	204	204	205	205	205	205	206	206	206	206	207	207	207	207	206	216	211	198	163	104	117	114	114	115	111	103	110	115	114	120	117	111	117	114	121	118	125	133	133	126	129	135	141	128	132	135	137	142	140	144	144	144	151	151	151	157	153	155	156	150	136	153	176	200	206	205	207	205	206	205	205	204	206	208	207	202	198	198	202	203	205	205	205	205	206	208	206	207	192	196	196	193	207	205	211	205	207	211	206	205	205	200	197	197	203	202	209	204	206	203	208	207	206	204	203	201	201	200	200	201	203	204	204	204	206	207	206	191	172	150	153	146	141	145	142	145	145	144	145	144	137	137	119	137	156	187	178	178	175	174	174	173	172	170	169	167	164	163	158	157	156	154	153	153	153	154	161	167	165	170	164	170	168	170	168	172	172	169	169	173	172	169	171	171	171	171	171	171	171	171	171	170	170	170	170	170	170	169	170	170	169	169	170	170	170	169	167	168	168	169	169	168	168	167	169	165	163	168	159	168	171	172	179	176	163	170	164	167	166	166	165	165	165	164	164	165	165	166	166	164	163	164	164	163	164	167	164	165	165	163	163	165	164	161	161	162	162	162	162	161	160	159	159	158	157	156	155	153	150	148	149	146	142	140	141	143	146	147	147	149	151	153	153	153	154	154	154	153	152	151	151	151	151	152	148	150	152	152	150	148	147	146	148	145	143	143	144	145	144	142	141	142	142	142	144	144	139	133	129	133	123	130	109	135	142	150	153	139	134	136	133	136	140	138	136	138	136	137	134	137	151	153	167	163	161	162	162	159	160	162	161	160	160	159	159	160	161	162	157	158	159	161	161	158	157	158	161	153	157	162	158	157	159	157	156	157	158	156	157	159	160	157	155	158	152	159	168	159	158	118
88	160	155	157	163	164	159	160	166	163	164	164	165	166	166	166	166	170	167	166	167	169	170	169	167	167	169	169	168	166	163	154	144	145	146	141	143	152	138	117	61	195	232	254	248	190	77	103	144	153	148	150	150	151	154	151	155	154	149	147	176	186	191	185	159	146	154	157	161	161	159	162	161	162	163	164	165	165	165	166	167	164	163	164	167	168	166	166	168	166	166	166	166	167	167	166	165	166	166	165	165	164	163	162	161	162	161	160	160	159	158	157	156	156	156	156	155	155	156	158	160	161	164	167	167	168	169	168	166	168	169	170	171	172	173	174	175	175	175	176	176	177	178	179	179	177	178	179	179	180	181	182	183	181	179	187	180	184	181	183	186	181	183	185	186	186	185	184	183	187	186	186	187	187	187	186	185	184	181	182	186	187	184	184	186	184	186	180	188	196	195	196	184	178	188	179	181	186	181	184	185	187	187	188	188	189	189	189	189	186	186	186	187	188	188	189	189	192	188	188	191	191	190	191	195	190	191	191	191	192	195	196	194	193	193	192	192	193	193	194	195	190	191	191	191	189	186	183	181	179	177	175	172	173	169	164	177	172	171	163	171	172	177	190	181	194	196	193	196	198	197	200	197	198	199	200	201	202	203	204	205	207	207	207	207	207	207	207	207	208	207	207	209	209	207	207	209	202	224	217	188	177	115	111	120	131	129	123	128	126	137	131	127	134	130	136	135	138	127	132	138	138	139	137	131	138	135	138	143	142	140	139	141	142	143	144	144	143	145	143	145	143	143	139	156	183	197	200	201	200	197	203	205	205	205	203	200	196	195	197	199	202	202	203	203	204	205	205	205	201	198	195	193	197	193	206	209	203	207	208	206	205	206	205	205	206	204	204	206	206	204	204	206	206	206	205	203	203	204	201	197	198	199	199	199	202	206	207	206	201	187	170	148	151	146	141	144	141	143	145	139	143	139	140	133	122	138	159	185	177	176	180	174	173	172	172	171	169	167	164	162	159	158	157	156	154	153	153	154	161	167	167	170	165	170	168	169	170	172	171	170	173	171	169	171	171	171	171	171	171	171	171	170	172	171	171	171	172	172	171	171	170	170	170	170	170	170	170	170	168	168	169	168	168	167	168	168	164	170	163	169	162	165	173	176	183	173	164	165	167	167	165	165	165	165	165	165	165	165	165	165	164	165	165	165	165	165	164	164	165	165	165	165	164	164	164	164	161	161	161	161	162	162	161	160	158	157	156	156	155	154	152	150	148	149	139	145	140	144	146	149	150	152	154	155	155	155	155	155	155	155	154	154	153	152	152	152	152	152	151	150	150	149	148	148	151	149	147	146	146	146	146	146	144	144	145	146	146	144	140	137	131	131	134	125	112	132	152	165	164	157	122	134	140	134	141	142	142	140	140	138	134	139	150	154	165	164	161	160	160	162	163	163	159	164	165	161	160	162	161	157	158	155	160	162	158	159	161	157	160	160	159	158	159	159	159	159	157	158	158	158	159	158	159	158	158	161	152	168	163	160	151	124
89	155	158	160	159	160	162	164	163	163	164	164	165	166	166	166	166	165	169	171	170	166	165	168	171	167	170	170	168	167	164	155	145	140	148	148	149	155	142	116	56	197	243	254	241	193	62	109	148	153	148	150	150	152	154	151	154	153	151	145	180	186	198	180	158	149	157	158	161	160	157	161	159	160	161	162	162	162	163	163	164	165	164	165	167	167	166	165	167	165	164	164	164	165	164	164	163	166	166	165	164	163	162	161	161	162	161	160	159	159	158	157	156	156	156	156	155	155	157	159	160	163	164	163	161	162	165	167	167	168	169	170	171	172	173	174	174	175	175	176	176	177	177	178	178	178	179	180	180	180	180	181	182	183	181	187	183	184	184	183	185	186	186	185	184	184	184	185	186	182	182	182	183	185	185	185	185	186	187	186	184	183	182	181	180	183	184	179	187	194	194	194	184	180	188	181	183	187	183	185	185	185	186	187	188	189	190	191	191	187	187	188	188	188	189	189	189	191	191	191	190	190	192	192	192	195	195	195	193	193	195	194	192	194	193	193	192	192	192	192	193	197	196	193	190	188	185	184	183	184	180	176	170	174	174	165	169	168	173	167	171	171	173	188	186	193	196	194	197	198	197	200	198	199	200	201	202	202	202	203	204	204	204	205	206	207	208	209	209	208	207	207	210	210	210	210	212	209	214	214	191	161	100	103	120	128	136	127	134	139	143	142	152	139	139	138	137	140	144	145	142	141	137	140	148	143	141	135	131	135	135	136	137	137	137	134	132	132	133	129	129	126	130	131	151	174	187	188	188	187	184	187	188	188	189	189	188	187	187	190	192	198	199	199	200	200	201	201	201	197	196	196	195	199	193	204	204	203	207	208	206	206	206	206	206	206	205	205	206	206	205	205	207	204	204	203	201	201	202	199	195	195	197	199	200	204	206	206	203	201	187	170	149	151	145	140	143	141	142	145	138	142	138	139	133	123	140	162	186	177	176	180	175	173	173	172	171	170	167	164	162	159	158	157	155	154	153	154	155	161	167	167	170	165	170	167	169	170	172	171	170	173	172	170	172	171	171	171	172	172	172	172	172	172	171	171	171	172	172	171	171	171	171	170	170	170	170	169	169	169	169	169	169	168	167	167	168	165	171	161	156	157	188	196	188	199	178	162	162	163	162	165	170	166	166	166	166	166	166	166	166	166	166	165	165	165	164	164	164	165	164	164	164	164	163	163	163	164	163	161	160	160	161	162	162	159	158	157	156	155	153	151	150	146	148	140	147	143	144	146	147	151	153	155	156	156	155	155	155	155	155	155	154	154	154	153	153	153	153	152	152	151	150	150	150	150	150	150	150	149	148	146	144	145	145	146	147	147	145	141	138	138	135	135	121	102	130	162	183	171	152	116	136	145	134	138	143	139	137	138	138	136	142	153	158	165	163	161	161	161	162	162	163	165	161	160	162	161	158	159	164	160	158	160	160	158	158	160	159	161	160	159	158	159	159	159	158	158	158	159	158	159	159	159	158	151	160	155	169	165	160	147	112
90	154	158	159	158	159	162	164	162	163	163	164	165	165	166	166	166	171	167	164	166	171	173	169	165	168	170	170	169	169	166	156	146	137	147	146	143	148	143	121	66	182	241	252	240	203	51	114	144	152	148	150	150	152	154	151	154	154	152	149	171	179	186	170	158	150	158	159	161	159	157	160	159	163	164	165	166	166	166	167	167	166	166	166	167	166	165	164	165	166	165	164	164	164	164	164	163	165	165	165	164	163	162	161	161	162	161	160	159	159	158	157	156	156	156	156	155	156	157	159	160	163	166	167	167	168	170	169	168	168	169	171	172	173	173	173	173	175	175	176	177	177	177	177	176	179	180	180	180	180	180	181	182	183	182	185	185	182	186	181	184	186	186	185	184	184	185	186	188	188	187	187	186	187	187	186	186	183	186	186	181	181	184	184	180	182	183	179	185	192	193	193	185	183	188	183	185	188	185	186	187	186	186	188	189	190	191	191	191	189	189	189	189	189	190	190	190	189	193	193	190	190	194	194	190	193	194	194	193	194	195	195	193	194	194	193	192	191	191	191	190	186	186	185	184	185	185	186	187	181	180	177	170	174	177	170	170	167	174	167	169	174	172	186	187	192	196	195	197	197	196	200	199	199	200	201	202	202	203	204	205	205	206	206	206	206	207	207	207	210	208	208	209	208	207	206	207	211	207	216	197	155	111	118	131	126	147	140	146	147	131	122	133	132	132	134	129	132	130	129	123	130	118	113	121	118	133	140	136	137	137	137	137	138	138	138	137	127	130	127	127	125	130	134	158	177	188	187	187	188	186	188	186	187	188	189	189	189	190	192	194	195	195	196	197	197	197	197	197	195	196	197	196	200	194	204	203	203	207	208	207	206	207	207	207	206	205	206	207	207	206	206	208	204	204	203	202	201	201	199	196	194	195	197	200	203	205	205	203	201	187	170	149	152	145	139	143	141	141	144	138	142	137	138	132	123	144	166	187	177	175	179	175	174	173	172	171	170	167	164	162	159	158	157	155	154	154	155	156	162	167	167	170	165	169	167	169	170	173	171	171	173	172	170	172	172	172	172	172	172	173	173	173	172	171	171	171	172	172	172	171	172	171	171	171	170	169	169	169	170	170	170	169	168	167	167	168	168	173	168	158	158	206	206	195	200	179	164	163	165	167	168	167	167	167	167	167	167	167	167	167	167	167	166	165	165	164	164	165	164	164	164	164	163	163	163	163	165	164	162	160	160	161	161	161	160	159	158	157	155	153	151	149	146	148	141	147	144	144	147	148	153	155	156	157	157	156	156	155	156	156	156	156	156	155	155	155	155	155	154	154	153	152	152	152	151	151	151	151	151	150	148	147	146	147	148	149	149	147	142	139	140	135	136	125	104	136	171	188	175	151	115	134	145	137	138	141	140	138	140	139	137	142	152	157	164	163	162	161	162	162	162	162	165	161	160	163	162	159	160	165	161	162	160	158	159	158	158	162	162	161	159	159	158	158	158	158	157	158	159	161	160	159	159	157	155	164	159	168	161	158	142	109
91	158	155	156	161	162	159	160	165	163	163	164	165	165	165	166	166	166	167	168	168	167	166	167	169	167	169	170	169	170	167	157	146	145	150	147	144	146	148	130	85	173	234	250	245	207	52	116	141	152	148	151	151	153	155	151	154	155	150	154	154	168	162	162	160	150	158	158	161	159	157	161	160	159	160	161	162	162	162	163	163	166	166	165	166	165	164	164	164	167	166	164	164	164	164	164	163	164	164	164	164	163	163	162	162	162	161	160	160	159	159	158	157	156	156	156	156	156	157	159	161	160	163	166	167	168	168	166	164	168	169	171	172	173	173	172	172	174	175	176	177	177	177	176	176	179	180	181	181	181	181	181	182	182	182	182	185	181	188	180	183	183	184	185	186	186	186	186	187	187	186	184	183	183	183	182	182	181	183	183	181	181	184	185	184	182	182	181	184	190	194	193	187	187	188	186	188	189	188	188	188	189	189	190	190	190	190	190	190	190	190	190	190	190	191	191	191	189	192	193	192	192	194	194	192	191	192	192	193	194	194	194	193	194	193	193	192	191	190	190	190	189	189	189	188	187	185	184	183	178	177	180	174	172	173	170	174	170	174	164	165	179	176	186	185	192	196	195	197	197	195	199	199	198	199	200	201	202	203	205	206	206	206	206	206	206	205	205	205	209	208	207	207	206	205	204	204	207	210	220	193	154	134	140	144	141	167	165	166	157	131	120	120	113	106	112	104	106	87	92	93	92	84	73	64	68	89	108	108	106	106	105	103	104	108	113	115	119	123	121	121	119	125	130	155	176	187	186	186	188	188	190	187	187	188	189	189	188	188	189	190	193	194	195	196	197	197	197	197	198	198	197	195	199	194	205	204	204	207	207	207	207	207	207	208	206	206	206	206	207	207	207	208	205	204	203	201	200	199	197	195	194	194	195	197	200	204	206	206	199	185	169	150	153	145	138	142	140	140	143	137	141	135	136	131	122	147	169	188	178	175	178	176	174	174	173	172	170	168	165	163	160	159	157	155	153	154	156	158	163	167	167	171	165	169	168	170	171	173	172	171	174	173	171	173	172	172	172	172	173	173	173	173	172	171	171	171	172	172	172	171	172	172	171	171	170	170	170	170	170	170	170	170	169	168	168	168	167	166	169	161	155	199	194	194	195	179	168	165	167	173	172	161	168	168	168	168	168	168	168	168	168	167	166	165	165	165	166	166	165	164	164	164	164	163	163	163	163	163	163	163	163	163	161	160	161	160	158	157	156	154	151	149	149	148	141	144	143	143	149	151	154	156	157	158	158	158	157	157	158	158	157	157	157	157	157	157	156	156	156	155	154	154	154	153	154	153	151	150	150	151	151	151	149	149	150	152	151	148	143	139	143	133	134	130	110	146	175	182	173	152	119	131	141	143	142	136	141	140	141	140	138	143	152	156	164	163	162	162	162	162	162	161	159	163	165	162	161	164	163	160	160	164	160	157	160	159	158	164	162	161	159	158	158	159	158	158	157	159	159	161	160	159	159	157	158	163	162	170	159	153	134	106
92	159	157	157	161	161	158	160	164	163	163	164	164	165	165	165	165	165	166	167	167	166	166	167	168	167	169	169	169	170	167	158	147	146	146	146	149	148	147	123	84	185	237	252	249	204	61	115	144	152	148	151	152	153	155	152	154	155	151	153	155	170	162	165	163	150	158	158	161	160	158	162	161	164	165	166	166	166	166	167	167	165	165	165	165	164	165	165	164	166	165	164	163	163	163	163	162	163	164	164	164	164	164	163	163	163	162	161	160	160	159	158	157	157	157	156	156	156	157	159	161	164	165	164	163	164	166	168	168	168	169	171	172	173	173	172	172	173	174	175	177	177	177	177	177	178	179	180	181	181	181	182	183	182	181	181	185	181	188	181	184	182	183	184	184	184	184	184	184	184	183	182	182	183	184	184	184	185	182	182	183	183	182	182	185	184	183	183	185	190	195	193	191	192	188	189	190	190	190	189	190	191	192	192	192	192	191	191	191	190	190	191	191	192	192	193	193	193	191	192	195	195	193	192	193	195	194	193	193	193	193	192	191	193	193	192	192	191	191	190	190	189	189	189	188	187	185	183	182	182	176	179	177	172	169	166	172	171	174	165	165	181	175	187	186	192	196	195	197	197	195	199	199	198	199	200	201	202	203	204	205	203	203	204	205	206	207	208	208	205	206	206	206	207	207	208	208	205	216	219	181	148	137	150	162	173	193	197	192	182	170	170	162	170	163	160	156	150	140	142	149	135	147	154	138	142	120	114	114	120	122	124	122	121	123	127	128	123	125	122	121	119	125	130	154	177	189	189	188	190	190	191	188	188	189	189	189	189	189	189	189	191	191	192	194	195	195	195	195	198	199	197	194	197	194	205	204	204	207	207	207	207	206	207	209	205	206	206	206	206	206	206	207	204	202	200	198	197	195	193	193	194	193	193	196	201	204	206	207	197	183	168	150	154	145	138	143	140	139	141	136	140	133	134	129	121	150	171	187	178	176	178	177	175	175	174	173	171	168	165	163	161	159	157	155	154	154	157	159	164	167	167	171	166	170	168	172	172	174	173	172	174	173	171	173	173	173	173	172	172	172	172	171	172	172	171	171	172	172	172	171	171	171	171	171	171	171	171	171	170	170	170	170	169	169	169	170	171	164	167	157	157	200	194	200	201	177	165	165	164	168	170	165	168	168	168	168	168	168	168	168	168	167	166	166	166	166	167	167	166	166	165	165	165	165	164	164	162	163	163	164	164	164	162	161	161	160	158	157	156	154	152	150	149	148	143	144	145	143	151	152	155	156	158	159	159	159	159	159	160	159	159	159	158	158	158	158	157	157	156	156	155	155	155	154	154	152	151	151	151	152	153	153	151	152	153	154	153	149	144	139	147	136	133	129	107	148	175	182	172	150	122	134	140	143	142	138	139	138	140	141	139	145	155	160	163	163	162	162	163	162	162	161	159	163	165	162	161	164	163	160	158	163	160	158	162	160	159	164	161	160	159	158	159	159	159	159	157	159	159	161	160	159	159	157	154	156	162	175	163	148	120	94
93	156	161	161	156	156	161	162	159	162	163	163	164	165	165	165	165	170	165	162	164	169	171	167	163	168	168	168	168	170	168	159	148	143	141	140	147	146	146	117	80	185	241	252	252	212	73	108	145	154	149	152	152	154	156	153	155	154	154	144	173	182	185	176	164	151	158	159	162	160	158	161	160	158	159	160	161	161	161	161	162	165	166	166	164	165	166	166	165	167	166	165	165	165	165	165	164	164	164	164	164	165	164	164	164	164	163	162	161	161	160	159	158	157	157	157	156	156	158	160	161	165	167	167	167	168	170	170	169	168	169	171	172	173	173	173	173	173	174	175	176	177	178	178	178	178	179	180	180	180	181	182	183	182	181	183	183	181	186	182	185	184	184	183	181	180	181	182	183	186	185	185	185	185	185	185	185	186	182	182	185	185	182	182	186	186	184	186	186	190	197	195	195	196	187	190	191	190	192	191	192	192	192	193	193	193	193	193	193	191	191	192	193	193	194	195	195	196	193	194	198	197	193	192	194	197	195	194	195	195	195	195	195	193	193	193	193	192	192	191	191	186	186	185	184	185	186	187	187	187	173	174	176	174	172	169	170	170	173	170	169	180	171	189	190	193	197	195	198	198	196	200	199	200	201	202	202	202	202	203	203	204	205	205	205	206	207	207	207	204	205	206	205	205	206	207	206	205	216	215	180	150	130	159	192	219	231	243	232	225	225	227	218	220	225	211	219	202	213	198	198	187	210	236	232	232	170	137	133	147	154	159	158	154	151	147	143	138	138	132	131	128	133	133	154	168	183	184	183	182	180	182	179	183	183	183	184	184	185	185	185	193	193	194	194	195	196	197	197	196	197	196	192	196	192	203	200	205	206	206	207	206	205	206	209	205	206	206	205	205	206	206	206	204	202	199	197	195	193	193	194	193	192	195	199	203	204	204	204	196	182	167	151	155	145	138	143	139	138	140	135	139	132	133	128	122	154	173	186	179	177	179	179	176	175	174	173	171	169	166	163	161	160	158	155	154	155	157	158	165	168	167	172	167	170	169	173	172	174	173	172	175	174	172	174	174	174	173	173	172	172	171	171	172	172	171	172	172	172	172	171	171	171	171	171	171	171	172	172	170	170	171	170	170	170	170	171	171	169	169	154	171	213	202	195	198	166	159	172	168	163	168	171	169	169	169	169	169	169	169	169	168	168	167	167	167	167	168	168	167	167	166	166	166	166	165	165	165	164	163	162	163	164	164	164	161	160	159	158	156	155	152	151	147	147	145	145	149	144	151	150	155	157	159	160	160	160	160	160	161	160	160	160	159	159	159	158	158	158	157	157	156	156	156	155	152	152	153	154	155	154	153	152	153	153	154	155	154	150	145	141	143	140	136	132	107	146	170	182	173	144	122	140	142	139	139	143	141	140	142	141	139	145	155	160	163	163	162	162	162	162	162	161	165	161	160	163	162	159	160	165	158	160	160	160	161	161	160	162	161	160	159	158	159	159	160	160	158	159	159	161	160	159	159	157	157	155	163	175	161	143	114	92
94	154	160	160	154	154	160	162	158	162	162	163	164	164	165	165	165	164	167	170	169	165	164	167	170	169	169	168	168	170	169	160	150	149	145	143	148	148	153	120	81	168	246	251	253	233	81	99	143	155	150	153	152	154	157	154	157	154	155	139	183	189	193	187	164	149	157	159	162	161	159	163	161	163	164	165	165	165	165	165	166	167	168	167	165	165	167	168	167	169	168	168	168	169	169	168	167	165	165	165	165	165	165	164	164	164	164	162	162	161	161	160	159	157	157	157	156	157	158	160	161	159	162	165	167	167	168	166	163	168	169	170	171	172	173	174	174	175	175	176	176	177	177	178	178	178	179	180	180	180	180	181	182	181	179	184	179	181	181	181	184	182	182	182	181	180	180	181	182	183	183	182	182	182	181	180	179	183	183	184	185	186	186	186	187	187	184	189	186	191	199	196	198	199	187	191	192	189	193	192	193	192	193	193	194	195	195	196	196	194	194	194	195	195	196	196	196	196	196	197	198	198	197	196	197	198	195	194	196	197	197	197	199	194	194	194	194	194	193	192	192	197	196	194	192	190	188	187	187	186	174	176	176	173	176	174	173	172	171	172	171	180	171	192	190	195	198	196	199	200	199	202	200	202	203	203	203	202	202	203	203	207	207	206	206	206	206	205	205	205	207	206	204	204	205	205	203	206	212	216	188	155	119	157	188	206	216	232	217	219	219	211	213	212	217	209	217	204	212	198	195	189	196	208	205	213	172	143	130	148	157	165	165	162	159	155	151	153	153	148	149	146	145	136	148	175	194	199	197	195	193	197	195	198	198	197	197	198	198	198	198	199	199	198	198	198	199	200	201	197	198	195	189	193	191	203	201	206	206	206	207	206	204	205	208	205	207	206	205	204	206	205	205	205	201	198	196	194	192	194	196	195	194	196	201	204	204	203	204	195	181	167	152	155	144	137	142	139	137	139	135	138	130	131	127	126	159	175	186	180	179	179	179	176	176	175	174	172	169	166	164	162	161	158	156	154	155	156	158	167	169	168	173	168	171	169	174	172	175	173	173	175	174	172	174	174	174	174	173	173	173	172	172	172	172	171	172	172	172	172	171	172	172	172	172	172	171	171	171	171	171	171	171	170	170	170	170	166	168	165	148	181	216	203	188	184	160	162	176	171	166	170	169	169	169	169	169	169	169	169	169	168	168	168	168	168	167	167	167	167	167	167	166	166	166	166	166	165	164	163	163	163	164	164	163	162	161	160	158	157	154	152	150	148	146	146	145	150	144	152	151	156	157	159	160	160	160	160	160	161	160	160	160	160	160	160	160	159	159	158	158	157	157	157	157	154	154	154	155	155	155	153	152	154	154	154	155	154	151	146	143	138	141	137	134	112	150	167	179	172	142	124	141	142	140	139	143	143	142	142	141	139	145	155	160	164	163	162	162	162	162	162	161	165	161	160	162	161	158	159	164	160	159	160	161	159	160	162	161	161	160	159	158	159	160	160	159	159	159	159	160	159	159	159	158	161	158	165	172	156	140	111	89
95	156	155	155	157	157	156	158	161	162	162	163	164	164	165	165	165	169	167	165	166	169	170	168	166	170	170	168	168	170	170	162	152	146	146	144	147	145	152	112	66	160	254	250	250	247	81	92	143	156	151	153	152	154	157	154	158	156	154	139	178	188	183	191	163	146	155	158	162	162	160	164	163	163	164	165	165	165	165	165	166	168	170	169	167	166	168	169	167	168	168	168	168	169	169	168	167	167	167	166	166	165	164	164	163	165	164	163	162	162	161	160	159	157	157	157	157	157	158	160	161	165	166	166	165	166	168	170	169	168	169	170	171	172	173	174	175	176	176	176	176	177	177	178	178	179	179	180	180	179	179	180	180	180	177	184	176	179	176	179	182	177	179	181	183	183	182	181	181	182	182	183	184	185	185	184	184	183	187	187	185	185	187	187	184	188	185	190	187	191	200	196	199	201	187	192	192	188	193	192	194	193	194	194	195	196	196	196	196	196	196	196	196	197	197	197	197	194	198	199	197	198	202	202	199	202	199	196	196	196	195	195	197	195	195	195	195	194	193	192	192	189	190	192	193	193	192	190	188	186	180	185	179	170	174	175	173	177	169	169	170	182	174	195	187	197	199	196	200	202	201	203	201	202	203	204	204	204	204	204	205	204	205	205	206	207	207	208	208	205	207	207	206	206	208	209	207	208	212	218	192	152	103	137	149	174	185	201	184	198	199	187	204	202	196	199	196	197	188	194	201	192	177	160	148	167	172	161	137	156	165	174	174	173	176	178	177	179	181	180	184	181	174	155	161	180	202	209	209	207	207	212	212	214	212	211	210	209	208	208	207	206	205	204	203	203	203	204	205	201	200	194	186	190	190	205	205	206	206	206	207	206	204	204	208	206	207	207	205	204	206	205	205	202	199	195	194	192	191	193	196	200	197	196	199	202	202	203	205	196	181	168	152	155	144	136	141	139	136	139	135	138	130	130	127	129	162	177	186	181	180	180	180	177	176	175	174	172	169	166	164	162	161	159	157	155	155	156	157	168	169	168	174	169	171	170	175	173	175	174	173	175	174	172	174	174	174	174	174	174	174	174	174	172	172	171	172	172	172	172	172	173	173	173	172	172	171	171	171	172	172	172	171	170	169	170	170	172	172	164	147	188	216	212	205	179	166	169	173	164	169	174	163	169	169	169	169	169	169	169	169	169	169	169	169	168	167	167	166	167	167	167	166	166	166	166	166	164	164	165	166	166	165	162	160	163	162	160	159	157	154	151	149	150	147	145	142	148	143	154	153	157	158	160	161	160	160	159	159	160	160	160	160	160	161	161	161	159	159	159	159	158	158	158	158	158	156	155	154	154	154	154	154	153	153	154	154	154	152	148	145	143	143	132	130	114	155	168	179	168	144	128	139	139	145	143	140	141	139	141	141	140	147	159	165	164	163	162	161	162	162	162	162	159	164	165	161	160	162	161	157	161	158	161	162	158	159	163	159	162	161	159	159	159	159	159	159	159	159	161	160	159	158	159	158	155	157	168	173	156	140	106	79
96	155	157	159	159	158	158	160	162	164	162	164	161	163	168	164	163	167	167	169	171	169	165	165	168	169	169	170	169	172	166	165	149	143	149	144	146	149	163	116	82	159	252	254	249	247	89	90	140	157	150	152	152	154	156	154	159	158	159	141	173	185	194	185	166	150	157	162	162	162	164	164	164	164	165	166	166	167	167	166	166	169	169	170	170	169	169	168	167	170	166	171	166	168	174	166	166	170	165	166	169	166	168	169	164	161	164	166	165	163	160	159	159	160	157	160	157	157	160	158	162	163	167	166	169	169	167	170	167	170	168	169	172	173	172	173	175	174	174	179	174	178	172	178	178	177	177	177	177	177	178	178	178	175	176	176	177	178	179	180	180	179	180	181	181	182	181	181	181	181	185	183	186	182	188	184	183	186	186	186	185	185	185	187	188	186	187	187	188	189	202	197	198	196	188	192	189	183	198	189	195	195	192	192	195	195	192	192	195	193	194	194	195	196	196	197	197	196	196	195	194	193	193	193	193	192	193	194	196	196	195	194	193	194	196	196	195	194	193	193	195	194	195	195	193	190	188	189	191	187	183	179	178	178	176	174	174	174	175	172	170	182	171	194	192	198	199	199	200	200	201	202	203	201	203	204	206	206	206	206	206	207	205	206	208	208	207	207	209	206	205	205	206	207	208	207	207	204	219	219	189	157	109	127	128	129	121	133	138	130	133	144	149	150	152	155	155	153	158	152	170	178	134	117	127	130	152	145	132	147	160	164	162	166	169	169	175	166	177	173	169	182	168	147	161	181	203	211	204	205	210	209	208	208	208	207	206	207	208	206	202	204	204	203	203	203	203	204	204	203	201	195	189	194	194	206	204	204	206	201	202	201	200	205	204	205	207	206	205	205	206	204	201	202	196	191	189	190	192	196	199	196	198	201	202	204	205	203	200	193	181	166	152	153	142	140	140	141	138	136	136	134	129	128	129	129	163	176	189	183	177	180	178	175	173	176	172	174	167	166	161	163	159	160	156	154	155	154	158	168	169	170	171	171	171	171	172	172	173	174	174	174	174	175	176	176	175	174	173	173	174	175	176	174	174	174	173	172	172	172	172	172	172	172	173	173	172	172	171	172	172	172	172	172	172	171	170	169	169	168	142	193	221	215	201	171	165	170	173	169	168	170	164	171	170	169	169	170	170	169	168	168	168	168	168	167	167	167	167	167	166	165	166	166	166	165	165	164	165	165	165	164	163	162	162	165	164	161	158	156	154	154	154	152	147	143	144	149	144	153	155	157	159	161	161	161	160	160	160	161	161	161	162	161	161	160	160	160	160	159	159	158	158	158	157	157	157	156	155	155	154	153	153	152	154	155	155	153	149	146	144	143	137	142	130	117	155	169	174	164	141	132	141	137	144	139	142	142	140	142	143	138	152	156	162	162	164	166	166	165	163	161	161	163	163	163	162	161	160	160	161	161	161	160	159	159	160	161	162	159	162	163	161	160	161	160	159	158	156	156	159	159	156	156	162	158	160	167	181	151	129	91	71
97	156	157	157	156	155	156	159	162	160	162	167	163	161	164	163	167	171	167	164	166	168	169	168	168	171	169	168	165	168	164	168	155	147	150	145	148	147	160	115	77	148	241	251	252	247	90	85	136	158	151	153	154	156	157	155	160	155	157	145	176	182	188	181	160	151	158	162	162	161	163	164	164	166	166	167	167	167	167	167	167	167	167	168	169	170	171	172	172	171	169	173	169	169	173	168	170	170	167	168	168	167	168	168	165	168	164	161	161	163	164	161	159	160	158	160	157	157	160	158	162	163	167	165	169	169	167	170	168	170	169	170	172	173	172	172	174	172	172	177	173	178	174	179	179	179	178	177	176	176	176	175	175	180	180	179	178	177	176	176	175	179	180	180	181	182	182	182	182	182	183	185	184	185	186	186	184	186	186	187	186	186	186	187	188	187	188	188	189	189	201	197	198	198	185	191	191	189	196	188	195	191	192	191	191	191	192	193	193	194	194	194	195	195	195	195	196	198	198	197	196	195	194	194	194	195	194	194	194	194	195	196	196	195	194	194	194	194	194	194	194	194	194	195	193	191	190	191	192	188	184	180	179	179	177	175	174	174	174	171	171	183	175	196	194	200	201	202	203	203	204	205	205	204	205	207	207	207	207	206	207	208	206	206	208	208	206	206	208	207	206	206	206	207	208	208	207	206	218	219	199	156	104	111	108	84	60	66	48	65	52	47	54	59	58	55	58	60	69	61	63	76	58	46	56	53	61	65	76	72	72	71	74	81	87	90	94	99	103	109	110	119	123	129	149	179	194	203	202	202	200	197	196	194	201	206	207	207	207	208	209	205	205	205	204	204	204	204	204	210	205	195	185	189	191	206	207	204	206	202	203	202	200	205	204	204	206	206	205	205	205	204	201	199	195	191	191	191	192	195	198	199	200	200	199	201	203	203	202	192	180	166	152	153	142	139	138	136	135	135	136	136	131	130	130	125	160	172	185	179	174	177	175	176	174	176	172	174	167	166	162	162	158	159	156	155	156	154	159	168	170	171	172	172	172	172	172	175	175	176	175	174	174	174	175	176	176	175	175	175	174	174	174	173	174	174	174	173	172	173	173	173	173	173	173	172	172	171	171	171	171	170	171	171	171	170	169	167	166	166	142	191	217	213	198	166	162	167	172	169	170	172	168	169	168	168	168	169	169	168	167	168	168	168	168	168	167	167	167	167	166	166	166	166	166	165	165	165	165	165	164	164	163	162	162	161	161	161	159	157	155	153	151	148	149	151	149	148	140	154	160	156	158	159	160	160	159	159	159	160	161	161	161	161	161	160	160	159	159	159	159	158	158	158	158	156	156	155	155	154	154	154	154	153	154	155	155	152	149	147	145	142	135	139	132	125	153	162	171	162	140	133	141	137	144	140	142	142	140	142	143	139	154	157	163	165	165	164	163	162	162	163	164	163	163	163	163	162	161	161	162	161	160	160	159	159	159	160	160	160	161	161	160	160	162	161	158	159	160	160	158	156	156	155	156	157	162	171	175	144	126	87	70
98	156	156	156	156	155	155	157	159	159	160	165	162	160	164	163	168	170	166	164	165	168	169	169	169	167	167	169	168	170	165	168	156	147	145	144	149	146	159	121	78	141	241	254	253	242	101	95	140	157	152	154	155	157	159	156	160	157	155	145	175	182	193	192	168	152	158	163	162	161	163	164	164	167	167	167	167	168	168	168	169	170	170	170	170	170	171	171	172	170	170	173	170	169	171	169	171	169	170	169	168	169	167	165	167	169	166	162	162	164	164	162	160	161	158	161	158	158	161	159	163	162	166	165	169	169	167	171	169	171	170	171	172	173	172	172	173	174	173	176	173	176	174	176	175	176	175	175	175	175	176	176	177	178	178	178	178	177	177	177	177	180	180	180	181	182	183	183	184	183	182	187	182	188	184	188	185	186	186	187	187	187	187	188	189	189	189	189	190	189	201	197	199	200	184	191	192	194	193	188	194	192	195	195	192	192	197	198	195	194	194	194	194	194	194	194	194	191	191	191	192	192	192	192	192	194	193	193	193	193	194	194	195	195	194	193	193	195	196	195	193	195	195	194	194	193	193	192	192	189	185	181	180	180	178	176	175	175	174	171	171	184	179	198	196	199	200	202	203	204	204	205	205	207	208	209	209	208	207	207	207	208	207	207	208	208	207	206	207	208	207	207	207	208	208	208	207	211	216	216	200	150	109	133	141	125	132	144	131	140	131	95	107	88	97	95	93	82	85	85	80	60	63	49	55	54	47	52	60	67	58	55	58	59	62	64	65	77	73	80	74	69	87	124	157	182	186	190	191	188	184	181	182	182	189	195	198	198	200	203	204	200	200	201	203	203	204	204	204	203	201	196	189	193	192	203	201	204	206	202	204	203	200	204	203	203	204	205	204	204	204	202	200	197	193	190	190	191	193	196	199	199	200	200	199	200	202	203	202	190	179	165	152	153	141	138	137	135	135	136	137	136	130	128	126	129	165	176	190	183	180	181	180	177	175	177	172	174	167	167	163	161	157	159	157	155	157	155	160	169	170	171	172	172	172	172	173	176	177	177	176	175	175	175	175	176	177	177	177	176	175	173	172	174	174	175	175	174	174	174	175	174	174	173	173	172	172	171	171	171	171	170	171	171	171	170	169	169	169	170	149	195	218	215	199	165	164	168	171	169	169	170	167	169	168	168	168	169	169	169	168	169	168	168	168	168	167	167	167	167	167	166	166	166	166	165	165	165	165	164	164	163	163	162	162	160	160	159	158	157	154	152	151	153	147	143	144	152	147	154	152	156	158	159	160	159	159	159	159	160	160	161	161	161	160	160	159	158	158	158	158	158	158	158	158	156	155	155	154	154	154	154	155	155	155	155	154	151	149	147	146	146	137	135	130	131	151	158	173	159	139	135	142	139	144	141	142	142	140	142	144	141	156	159	164	166	165	164	162	161	162	164	166	162	163	163	163	162	162	162	162	161	160	160	159	159	158	159	159	161	160	159	158	160	162	160	157	156	160	160	157	156	158	157	156	157	164	181	176	143	125	79	64
99	152	154	156	157	157	156	156	156	161	158	160	159	162	166	163	164	164	166	169	169	167	165	167	169	165	167	170	169	171	166	169	157	149	143	143	149	145	157	129	83	128	236	254	249	230	112	101	137	156	151	154	155	157	159	156	159	161	154	144	172	180	191	191	159	153	159	163	162	161	163	164	165	167	167	167	167	168	169	169	170	172	171	171	170	170	170	171	171	171	170	172	170	170	171	170	171	168	173	170	168	171	168	165	169	165	167	168	167	164	162	161	161	161	159	161	158	158	161	160	163	164	168	166	169	170	168	171	170	171	171	171	172	173	173	173	173	176	175	175	174	175	174	174	172	174	174	174	175	175	175	177	179	176	176	177	178	179	179	180	180	181	181	181	181	182	183	184	184	184	183	187	184	188	186	189	187	185	186	187	188	188	188	189	190	191	191	191	192	191	202	199	202	203	187	192	190	196	192	192	194	190	192	192	191	191	194	194	192	194	194	194	193	193	193	193	193	193	193	194	195	195	195	195	195	192	193	194	195	195	195	194	193	196	195	195	195	196	196	196	195	196	195	195	195	195	194	193	191	190	186	182	182	181	179	176	175	175	173	171	171	183	182	197	196	198	200	201	203	204	204	205	205	207	208	209	209	208	207	207	207	208	207	207	208	208	207	207	208	209	208	208	208	209	209	208	207	211	215	219	192	141	115	172	194	196	240	255	254	253	252	212	212	225	230	219	219	209	214	211	189	151	153	128	132	137	130	130	116	119	113	114	113	104	102	103	99	90	84	84	66	51	69	115	158	178	176	173	169	165	165	166	168	172	172	172	174	178	181	182	181	182	184	186	189	191	192	192	193	192	194	194	192	197	192	200	197	203	206	203	204	204	201	204	202	203	203	204	204	204	203	201	199	197	192	188	188	190	193	198	202	198	200	201	201	202	203	203	201	188	178	165	152	153	142	138	136	136	136	136	136	134	129	125	123	127	164	174	189	180	179	180	179	177	175	176	171	173	167	167	164	162	157	160	157	156	157	155	160	169	170	171	172	172	172	172	172	174	175	176	176	176	176	176	177	177	177	178	178	177	176	174	173	175	176	176	176	175	174	175	175	175	175	174	173	173	173	173	173	173	173	172	172	173	172	172	171	167	167	169	150	193	212	212	194	163	165	169	170	169	168	168	166	169	169	169	169	170	170	170	170	169	169	169	168	168	168	168	167	168	167	166	166	166	166	166	165	165	165	164	163	163	162	163	163	162	161	158	156	154	153	152	152	148	149	149	147	149	142	153	155	158	159	160	160	160	160	160	160	160	160	161	161	161	160	160	159	159	159	158	158	158	158	158	158	157	156	155	153	153	153	154	155	155	155	154	153	150	148	147	147	145	139	134	131	140	154	158	171	156	138	138	142	141	144	143	143	142	140	142	145	143	159	161	165	163	164	165	165	164	164	164	164	162	163	163	163	162	162	163	163	160	160	160	160	159	159	159	159	161	160	159	158	159	161	160	158	156	159	160	158	157	158	158	158	154	158	179	171	140	118	70	61
100	151	153	155	156	157	156	156	156	161	157	159	159	161	165	161	163	163	167	170	169	166	165	167	168	170	169	169	165	167	164	171	161	154	145	144	150	144	154	135	87	121	228	251	251	227	122	103	137	153	150	153	153	156	158	155	158	156	153	149	174	182	190	192	159	154	160	164	162	161	163	165	165	167	167	167	167	168	169	170	171	170	170	169	170	170	171	172	173	174	173	170	172	173	173	174	172	168	173	170	168	172	169	166	171	166	168	169	168	165	162	162	162	161	159	162	159	158	161	160	164	166	169	167	170	170	168	172	170	171	172	172	172	173	173	173	173	173	173	172	174	175	176	176	176	178	176	176	177	176	174	175	178	179	179	180	180	180	180	180	180	183	182	182	182	182	183	184	185	185	186	185	189	187	190	188	190	186	187	188	189	189	189	190	190	192	192	192	194	193	204	201	206	206	192	192	187	193	192	196	194	193	191	192	195	195	193	192	193	193	193	193	193	193	194	194	194	197	197	197	197	196	195	195	194	196	196	197	198	199	198	198	197	198	198	199	198	197	196	197	197	197	197	196	196	196	195	193	191	191	187	183	182	182	179	176	175	175	173	171	171	180	184	195	196	199	201	203	204	205	205	206	206	205	206	207	207	206	206	207	207	206	207	207	207	208	209	209	209	209	209	208	208	209	209	208	208	208	213	226	185	139	111	181	199	207	244	255	246	255	245	230	208	223	228	218	219	210	215	213	192	172	164	139	147	148	137	145	124	131	133	139	136	127	129	129	120	109	111	107	92	87	94	117	152	178	183	180	172	171	175	175	174	177	175	175	177	179	180	179	178	182	183	185	187	188	189	188	188	193	192	191	188	194	191	202	202	204	206	203	205	204	201	204	202	203	203	203	204	204	201	199	197	195	191	189	189	192	195	199	203	199	200	201	201	203	204	203	200	188	178	165	153	154	142	138	136	133	134	134	134	132	129	126	123	126	165	172	188	177	179	178	177	177	174	175	170	172	166	167	163	163	158	160	157	156	157	155	160	168	169	171	171	171	171	171	172	173	174	175	175	175	176	177	178	177	177	177	177	176	176	176	175	176	177	177	176	175	175	175	175	176	176	175	174	174	175	175	175	175	174	173	173	174	174	173	172	169	167	168	154	193	210	211	190	158	164	168	169	170	169	169	169	169	169	169	170	170	170	170	170	169	169	169	169	168	168	168	168	168	167	167	166	167	166	166	165	165	165	164	163	162	162	162	163	163	161	159	156	154	153	152	152	149	150	151	148	150	145	156	157	158	159	160	160	160	160	160	160	160	160	161	161	161	161	160	160	160	159	159	159	158	158	158	157	158	157	155	154	153	153	154	154	155	155	154	152	149	147	146	146	139	138	135	135	151	160	159	165	152	138	141	142	142	144	144	143	142	140	141	146	145	161	162	166	162	164	165	166	166	164	163	163	162	163	163	163	162	162	163	163	160	160	160	160	160	160	161	160	160	159	160	159	159	158	159	160	162	160	160	161	159	155	156	158	159	157	177	169	140	111	62	61
101	153	153	152	152	153	155	157	158	157	157	162	160	159	160	159	165	167	167	166	165	166	168	168	167	169	169	169	167	170	166	171	160	152	145	144	149	145	153	141	96	127	223	244	252	223	131	108	147	152	149	153	152	155	159	155	157	156	158	153	168	174	182	192	168	154	160	164	164	163	165	166	166	167	167	167	168	169	170	170	171	171	171	171	171	171	171	171	172	174	173	168	172	174	172	174	172	170	172	170	170	172	171	169	170	173	169	165	163	165	165	164	161	161	159	162	159	158	161	160	164	167	170	167	170	170	168	172	170	170	172	172	172	173	174	174	173	174	175	173	176	174	177	175	176	178	177	178	180	179	177	178	181	182	182	182	182	182	183	183	183	185	185	185	185	185	185	186	186	188	189	185	192	187	192	188	192	188	189	190	190	190	190	191	192	193	192	193	195	194	204	202	208	208	196	191	189	192	194	197	194	197	194	195	200	200	195	194	197	193	193	193	194	194	195	195	195	194	194	195	195	196	196	196	196	200	199	198	197	198	199	200	201	199	200	201	200	198	197	198	199	199	199	198	197	196	195	194	193	192	188	184	183	183	180	177	175	175	173	172	172	178	185	193	196	200	201	202	203	204	204	205	205	204	204	205	205	205	205	206	207	206	207	208	207	208	209	210	209	209	209	208	208	209	209	209	208	208	213	227	181	141	109	177	187	208	240	246	252	250	235	219	199	199	207	204	201	189	191	190	185	188	176	161	170	162	136	146	136	147	153	158	156	156	163	163	154	159	166	164	160	168	161	151	166	183	202	204	196	200	203	196	193	191	195	200	202	200	197	197	199	198	199	199	199	199	197	196	195	197	196	193	190	194	191	203	204	204	207	204	205	204	201	204	202	204	203	203	204	204	200	197	196	192	191	192	195	197	197	198	199	200	199	197	197	201	204	203	200	187	177	165	153	154	142	138	136	134	135	134	132	130	127	124	121	130	169	175	192	178	183	180	180	176	174	175	170	172	166	166	163	163	159	160	157	155	157	156	161	168	169	170	171	171	171	171	172	173	174	175	175	175	175	175	176	177	177	176	176	176	176	177	177	177	178	178	177	176	175	175	175	176	176	175	175	175	176	176	176	175	174	173	173	173	173	173	173	173	169	170	159	197	212	215	191	157	166	170	169	171	169	167	168	168	169	169	169	168	168	169	169	169	169	169	169	169	168	168	168	169	168	167	167	167	167	166	165	165	164	164	163	163	162	162	162	161	161	160	159	157	154	151	149	153	149	145	144	153	150	158	153	158	159	160	160	159	159	160	160	160	160	161	161	161	161	161	160	160	160	160	159	159	158	158	158	158	157	156	155	154	154	154	154	156	155	154	152	149	147	147	147	142	138	132	133	153	160	163	166	150	138	144	142	143	144	145	143	143	139	141	146	147	162	163	166	165	165	165	165	164	164	164	165	162	163	163	163	162	162	162	162	160	160	160	160	160	160	161	161	159	159	160	161	159	158	159	161	162	158	158	161	159	157	157	161	161	161	177	168	141	100	53	49
102	153	152	151	151	152	154	155	156	156	155	160	160	158	159	159	166	165	166	166	165	166	169	168	167	166	167	170	170	174	169	171	156	148	145	144	148	148	153	144	103	120	218	241	247	216	141	113	143	153	150	153	152	155	160	157	159	163	165	152	160	168	174	183	162	154	161	165	165	164	166	167	167	168	169	169	170	170	170	170	170	173	173	173	172	172	171	171	170	173	173	167	172	173	169	174	172	173	170	171	172	171	171	171	168	173	169	165	163	165	165	164	161	161	159	161	158	158	161	160	163	165	169	166	169	169	168	172	170	170	172	173	172	173	175	175	174	175	178	175	179	173	177	174	177	177	177	179	183	183	180	181	186	182	183	183	184	185	186	187	187	185	186	186	187	187	188	188	188	189	188	188	191	190	190	190	192	191	191	191	191	191	191	192	193	193	192	192	195	193	202	200	207	209	196	188	195	195	195	195	193	192	191	191	192	192	192	192	193	194	194	194	195	195	195	196	196	197	197	198	199	200	201	202	203	200	199	198	197	198	199	201	202	200	201	201	201	200	200	200	200	200	200	200	199	197	196	196	197	193	189	186	185	184	181	178	176	174	173	174	173	176	186	193	197	200	201	201	202	202	203	203	204	204	204	205	205	205	205	206	207	206	208	208	207	208	210	210	209	209	208	208	208	209	210	209	209	210	215	224	181	140	109	176	193	198	239	247	255	248	238	207	203	212	209	202	201	199	200	189	189	205	190	163	161	167	146	146	137	148	158	163	161	163	167	167	166	165	170	171	171	178	167	150	156	178	207	211	204	211	210	198	199	196	199	205	209	207	203	202	204	203	203	203	203	202	200	199	198	199	198	197	195	198	192	201	202	205	207	204	205	204	201	205	203	205	204	204	205	204	199	196	195	193	193	195	199	200	198	196	196	194	193	191	194	200	205	204	200	186	176	164	152	153	142	137	136	134	136	135	132	129	125	122	118	129	169	173	190	175	181	178	177	177	174	176	171	173	167	167	163	163	158	159	156	155	158	157	163	168	169	171	171	171	171	172	172	174	174	175	175	175	174	175	176	176	176	176	176	176	176	176	177	177	177	177	177	176	175	175	176	176	176	176	176	175	175	175	174	175	174	173	173	173	173	173	173	171	166	165	158	197	210	216	190	156	168	171	169	171	169	166	168	168	169	170	169	168	168	168	169	170	169	169	169	169	168	168	168	169	168	167	167	167	167	166	165	164	164	164	164	163	162	162	161	161	160	160	159	156	154	151	150	145	150	151	147	147	142	157	160	159	159	160	160	160	160	160	161	160	161	161	162	162	162	161	161	160	160	160	160	159	159	159	159	158	157	157	156	155	155	155	155	157	156	155	153	150	148	147	147	148	136	130	137	159	160	165	167	149	138	146	142	143	143	146	143	143	139	141	146	148	163	163	165	166	166	165	164	163	163	164	165	163	163	163	163	162	161	161	162	161	160	160	159	159	159	160	161	160	158	159	161	161	159	159	160	158	157	157	157	159	159	160	162	155	161	171	161	140	108	80	81
103	151	151	151	152	153	153	153	153	158	153	155	157	160	163	160	163	158	165	170	170	167	166	167	168	170	168	167	166	171	169	173	160	149	149	146	149	148	150	141	102	108	222	252	254	223	161	122	133	154	152	154	153	156	161	158	160	156	160	151	166	188	195	197	169	154	161	166	166	165	167	168	168	170	170	171	171	171	170	170	169	170	170	172	173	174	174	174	174	173	175	169	174	174	168	175	175	175	170	171	173	170	172	173	167	168	169	170	168	164	162	162	162	161	159	161	158	158	161	159	163	164	167	165	168	169	167	172	170	169	172	173	172	173	175	176	174	172	176	174	180	174	179	177	181	181	180	182	186	184	180	181	184	186	186	186	186	186	186	186	186	186	187	188	189	190	190	190	190	192	188	191	189	194	188	192	192	193	193	193	192	192	192	194	195	193	192	192	194	192	201	199	206	209	195	185	201	198	195	192	193	191	193	192	189	189	194	195	193	195	195	195	195	195	196	196	196	199	199	198	197	197	196	197	197	200	200	201	201	202	202	202	201	201	200	199	200	201	202	201	200	200	201	202	200	198	197	198	200	194	190	187	186	185	182	178	177	173	173	175	173	176	187	193	199	202	203	203	203	204	204	205	206	205	205	206	205	205	205	206	207	207	209	209	207	208	210	210	208	208	208	207	208	209	210	210	209	209	217	223	185	136	105	171	199	205	242	255	245	248	238	209	208	206	207	207	201	194	194	185	201	209	184	131	112	147	153	147	130	134	149	157	157	154	151	152	162	155	156	160	158	157	152	149	160	178	207	209	200	209	204	192	200	200	198	199	203	205	203	201	200	202	203	204	204	204	204	203	203	203	201	197	193	196	190	202	205	205	208	204	205	204	201	205	203	206	204	204	205	204	199	195	194	197	196	196	199	199	198	196	196	185	185	186	192	202	208	205	199	185	175	163	151	152	141	137	135	130	132	133	131	130	127	124	120	130	171	174	192	175	182	178	177	177	175	176	171	174	167	167	163	163	158	159	155	155	158	158	164	169	170	171	172	172	172	172	172	173	174	175	175	175	175	176	177	176	176	176	176	176	176	176	176	176	176	177	177	176	176	176	177	175	176	176	176	175	174	173	173	176	175	174	173	174	174	174	174	174	168	167	162	201	215	221	194	152	165	170	168	172	171	169	172	170	171	171	171	169	168	169	170	170	170	169	169	169	169	168	168	169	168	167	167	167	167	166	165	164	164	164	164	163	163	162	161	162	160	158	156	154	153	153	153	151	150	147	145	151	150	160	158	160	161	161	161	161	161	162	162	160	161	162	162	162	162	162	161	160	160	160	160	160	160	160	160	157	157	157	156	156	156	156	156	158	157	156	154	151	149	148	148	145	131	133	150	172	163	163	161	149	138	147	141	143	142	147	143	143	139	141	147	148	164	163	164	165	166	166	166	165	164	163	163	163	163	163	162	161	160	160	161	161	161	160	158	158	158	159	160	161	158	158	161	163	161	159	159	158	160	159	154	155	158	159	157	158	166	167	158	150	141	144	159
104	150	151	151	151	151	152	153	154	157	158	158	158	158	159	160	161	166	165	166	167	168	167	168	171	168	171	169	171	171	169	169	163	152	147	145	149	149	147	147	101	105	217	247	254	234	173	122	124	151	150	153	159	161	159	160	164	158	164	150	171	194	207	203	184	159	162	166	168	169	168	167	168	170	170	170	170	171	171	171	171	173	173	173	173	173	173	172	172	174	174	174	175	175	174	174	173	172	172	172	173	173	173	171	170	172	170	168	166	164	164	163	162	161	162	161	161	159	159	159	159	165	166	167	166	172	166	172	167	170	170	170	170	171	173	175	177	177	178	176	174	175	179	180	179	180	181	182	183	184	185	186	187	187	186	185	185	185	187	189	190	188	189	190	191	191	190	190	190	194	194	193	193	193	194	194	195	192	192	191	191	192	192	193	194	194	195	193	195	185	203	196	207	202	201	184	184	191	186	190	194	191	191	191	191	191	192	193	194	191	194	192	197	191	196	194	197	196	195	197	199	200	200	200	201	199	201	201	200	201	203	203	201	203	203	203	203	203	203	202	202	200	200	201	201	200	200	199	198	196	191	187	185	184	181	180	181	175	177	173	178	176	187	192	200	201	202	203	204	204	204	205	205	204	206	206	205	205	207	207	205	208	210	211	209	208	210	210	209	210	209	209	209	210	210	210	210	208	221	217	185	140	103	177	197	204	243	250	254	248	237	218	202	201	206	204	203	191	196	189	194	211	181	92	79	136	154	152	128	131	152	152	155	151	147	159	153	152	153	154	157	153	151	146	160	182	206	208	203	204	204	201	194	198	198	199	202	203	202	202	203	202	203	204	205	205	205	205	205	204	203	198	192	195	193	204	204	207	205	206	204	203	204	202	203	204	203	208	202	203	194	200	202	194	199	196	197	202	199	193	196	187	183	183	188	202	209	201	200	184	176	161	152	149	141	134	134	133	130	134	133	131	127	120	121	132	167	178	190	178	182	179	181	176	177	170	173	171	164	167	163	162	159	161	157	155	157	157	163	170	170	171	172	172	170	170	172	174	175	175	176	176	176	176	175	177	175	175	178	177	174	175	178	176	176	176	176	176	176	176	176	175	175	176	176	176	176	175	175	175	174	173	173	173	173	174	174	168	170	167	159	204	219	220	193	152	168	170	171	174	169	169	168	171	170	170	170	169	169	168	168	171	171	171	170	169	168	168	167	170	167	166	167	167	165	165	167	164	164	164	164	163	162	161	160	161	160	158	156	154	153	152	152	148	150	146	145	151	152	152	157	160	160	160	161	161	161	161	161	162	162	162	162	162	162	162	162	159	160	160	161	161	160	160	159	157	159	159	156	155	157	157	156	157	157	156	155	152	149	147	147	148	131	129	154	174	160	161	159	147	142	147	143	143	146	141	146	144	142	142	147	152	166	162	163	168	165	164	166	166	164	163	164	162	163	164	163	163	162	162	162	160	164	163	157	157	162	164	159	161	160	160	160	160	160	160	160	160	160	159	159	160	161	160	160	163	160	155	157	165	172	180	190
105	148	149	150	150	151	152	153	154	154	155	156	157	157	158	159	160	164	163	164	167	167	166	168	170	168	171	168	170	171	169	170	164	153	147	146	149	149	148	148	104	100	220	251	250	228	185	137	125	153	151	153	158	161	159	160	163	159	163	149	170	193	207	202	183	158	162	166	168	169	168	168	169	171	171	171	171	172	172	173	173	174	173	173	173	173	173	173	174	172	173	173	174	175	175	176	176	175	174	173	173	172	171	169	168	169	169	168	167	166	164	162	160	161	160	159	158	158	159	162	164	164	168	165	170	170	169	171	169	171	173	175	176	176	176	176	177	176	178	179	179	180	181	181	179	181	182	182	183	184	184	185	185	185	185	186	187	188	188	187	187	186	187	189	189	189	189	190	190	190	190	191	191	191	190	190	189	192	192	191	191	191	190	190	189	191	193	191	194	186	203	199	208	201	200	186	188	193	187	189	190	191	191	191	191	192	193	194	194	194	193	190	194	196	201	198	197	197	196	197	199	200	199	199	200	199	201	202	201	202	203	204	202	203	203	203	203	203	202	202	201	203	203	202	201	200	198	196	195	194	190	187	186	184	182	180	180	176	177	173	178	176	187	192	199	199	201	202	203	204	205	205	206	205	207	208	207	208	210	210	209	207	209	210	210	210	212	214	213	210	209	209	210	211	211	211	211	211	220	217	185	135	103	180	199	201	237	250	254	252	241	216	202	208	203	196	193	189	197	196	186	169	109	19	54	128	150	157	142	140	151	147	152	154	152	156	153	156	155	153	156	155	152	142	155	182	206	208	203	204	204	201	194	197	197	200	203	204	203	202	202	203	203	204	205	205	205	205	205	203	202	197	192	196	193	204	204	206	205	205	204	204	204	203	204	205	201	204	202	207	200	200	197	199	203	201	200	202	196	188	188	182	179	184	191	205	211	202	199	184	175	160	152	149	141	134	134	134	130	133	132	130	126	121	122	133	167	178	190	178	181	177	179	175	176	170	173	172	165	167	163	162	159	161	157	155	157	157	164	172	171	170	170	170	170	173	176	175	175	175	176	176	176	176	176	176	177	177	176	175	176	177	177	176	176	176	176	176	176	176	176	176	175	175	175	175	175	175	176	174	174	174	173	173	173	173	174	171	168	167	158	210	210	222	193	153	169	170	171	174	170	170	169	169	169	169	170	170	171	171	171	169	169	169	169	169	169	170	170	170	168	166	167	167	166	165	167	164	164	164	164	163	162	161	160	160	159	157	155	153	152	151	151	149	149	146	146	150	152	154	158	159	160	160	161	161	161	161	161	162	162	162	162	162	162	162	162	161	161	161	161	160	160	159	159	157	159	159	157	156	157	158	157	158	157	156	154	152	149	148	148	146	130	131	156	174	165	165	153	147	143	148	144	144	147	142	146	144	142	142	147	152	167	163	164	167	164	164	165	166	164	164	165	163	163	163	163	162	162	162	163	160	160	160	159	159	161	163	163	160	160	161	160	160	160	160	160	159	159	159	159	160	161	160	159	156	159	158	159	164	166	164	165
106	147	148	148	149	149	150	152	153	152	153	153	155	155	156	158	159	161	161	163	166	167	166	167	169	168	171	168	170	171	169	170	164	154	148	147	149	150	148	148	111	87	211	254	254	232	194	142	114	155	152	153	157	160	159	159	161	162	165	152	173	196	212	209	193	158	161	165	168	169	169	168	169	170	171	171	172	172	173	174	174	174	173	173	173	173	174	174	175	175	175	175	174	174	173	173	173	172	172	171	171	171	171	170	169	168	168	167	167	166	164	161	159	162	161	159	158	157	158	161	163	164	169	164	173	169	172	171	171	169	171	173	174	174	174	174	174	175	178	181	181	181	181	182	181	183	184	184	184	184	185	185	185	186	187	188	189	189	189	188	187	187	188	189	190	190	191	191	192	192	193	194	194	193	192	191	190	190	190	191	192	192	192	192	191	189	190	186	190	184	197	193	199	198	196	186	189	194	191	192	194	194	194	194	195	195	196	197	197	199	196	195	195	200	199	199	196	198	197	198	200	200	199	199	200	199	200	201	201	202	203	204	203	203	203	203	203	202	202	201	201	201	201	201	201	200	199	198	197	192	189	186	185	184	181	179	178	176	176	174	177	177	186	192	198	198	199	201	202	204	205	206	207	205	207	207	207	208	210	210	209	210	212	212	211	211	212	213	212	211	211	210	211	211	212	211	211	213	218	218	187	132	105	183	198	206	236	252	254	254	246	215	203	200	206	209	202	194	195	206	187	141	39	17	31	118	154	136	139	136	151	155	152	153	153	150	152	153	155	152	155	155	150	141	159	183	206	209	204	204	203	199	193	191	193	198	204	206	204	202	202	203	204	204	205	205	205	205	204	202	200	196	192	196	192	203	203	205	205	204	204	204	204	204	204	205	202	203	203	207	202	201	198	201	203	200	198	199	193	185	182	177	176	185	193	205	211	202	198	184	175	159	151	148	141	134	134	134	130	133	130	129	126	121	123	133	167	178	190	178	180	176	177	174	175	171	173	172	166	166	163	163	159	160	156	155	157	158	165	172	170	170	170	170	171	173	176	175	175	175	175	176	176	176	177	175	178	178	174	173	177	178	176	176	176	176	176	176	176	176	176	176	176	175	174	174	175	176	176	174	174	174	174	174	174	173	173	173	168	166	158	215	201	226	191	154	170	171	171	174	171	171	170	171	171	171	171	171	170	170	170	169	169	169	170	170	170	170	171	170	168	167	168	168	167	166	167	165	165	165	164	163	162	161	161	160	159	157	155	153	151	151	150	151	148	148	148	148	153	158	158	159	160	160	161	161	161	161	161	161	161	161	161	161	161	161	161	162	162	161	160	160	159	159	159	158	159	159	157	156	157	158	157	158	158	156	154	151	149	148	148	145	126	134	159	176	172	168	144	146	144	147	145	145	146	143	144	144	142	141	148	153	168	164	166	165	164	163	165	165	165	164	165	163	163	163	162	162	162	163	163	164	161	160	161	161	158	159	162	160	160	161	161	161	160	160	160	157	158	160	159	160	161	161	158	160	164	161	159	166	170	169	167
107	148	148	148	148	148	149	150	151	151	152	152	153	154	155	156	157	159	161	163	165	166	166	167	167	168	171	168	170	171	169	170	164	156	148	148	148	150	149	149	119	93	198	243	245	224	189	147	126	155	152	152	156	159	160	159	160	158	160	150	167	186	201	197	187	158	161	164	167	168	168	167	168	169	169	169	170	170	171	171	172	171	172	172	173	173	174	174	174	176	175	174	173	172	171	171	171	171	170	170	170	170	171	170	170	170	168	166	164	163	163	162	162	160	160	160	160	159	158	159	159	163	169	165	172	170	172	173	173	175	176	177	177	178	179	182	183	178	180	182	181	181	182	184	186	184	184	185	185	185	185	186	186	188	188	188	188	189	190	191	191	189	190	190	191	191	191	192	193	190	191	191	191	191	190	189	189	190	190	190	191	191	192	192	192	192	192	188	191	188	197	194	198	199	193	186	188	193	193	195	198	195	196	196	196	197	197	198	198	199	198	202	197	200	195	199	199	199	199	200	202	202	201	201	202	200	200	201	201	202	203	203	202	203	203	203	203	203	203	202	202	200	200	200	201	200	199	199	198	192	189	186	184	182	180	178	177	175	175	173	175	176	184	191	197	197	199	200	202	203	204	205	206	205	206	207	207	208	209	209	209	211	212	212	212	211	211	211	211	213	212	211	211	212	212	211	210	212	214	220	191	129	108	184	196	210	238	254	252	250	249	214	202	196	197	197	193	197	196	207	170	130	113	78	122	117	108	126	131	146	158	157	145	151	162	155	151	150	155	154	155	150	143	139	165	183	206	209	205	205	203	198	191	183	187	195	203	207	206	203	203	203	204	204	205	205	204	204	203	201	198	195	192	196	192	202	203	205	206	203	205	204	203	205	204	205	205	206	204	203	200	202	203	203	202	198	195	194	191	184	179	176	175	186	194	202	209	203	199	183	174	158	150	147	140	133	134	133	129	132	130	129	126	121	123	133	167	178	190	178	181	176	177	174	173	172	173	172	167	165	163	163	157	159	156	154	156	157	166	169	169	170	172	172	170	171	172	175	175	175	174	175	175	176	177	175	178	177	175	174	176	177	176	176	176	176	176	176	176	176	176	176	176	175	175	175	175	176	176	174	174	175	175	175	174	174	173	173	171	164	161	215	200	230	191	155	171	172	171	174	172	173	171	173	173	172	172	171	170	170	170	172	172	171	171	171	170	170	170	170	169	168	168	168	167	167	166	166	166	165	164	164	163	162	161	161	160	158	155	153	152	151	150	152	147	148	149	147	153	160	158	159	160	160	161	161	161	161	161	161	161	161	161	161	161	161	161	162	162	161	160	160	160	160	160	158	158	158	157	156	157	157	157	159	159	157	153	150	149	149	148	146	121	136	165	180	176	168	138	142	143	145	144	144	145	143	143	144	141	141	148	153	167	163	166	165	164	164	164	165	164	164	164	164	164	163	162	161	161	162	163	164	162	161	161	160	158	159	160	160	160	161	162	161	161	160	159	157	158	160	160	160	162	160	158	160	160	155	154	162	170	172	173
108	147	148	148	148	148	148	149	150	151	152	152	152	153	153	154	155	158	161	163	165	165	166	166	166	169	172	168	170	170	168	169	164	157	148	148	148	151	149	149	128	89	181	235	246	226	189	150	128	154	152	152	155	159	160	160	160	159	161	152	162	173	184	179	173	161	162	164	165	167	167	166	166	167	167	167	168	168	168	168	168	168	169	170	171	172	172	171	171	171	171	171	171	171	172	173	174	173	172	171	170	169	169	168	167	170	168	166	164	164	163	163	162	157	157	158	159	159	160	161	162	164	167	169	170	174	169	176	173	171	172	173	173	174	176	177	179	181	182	184	184	184	184	186	189	184	185	185	185	186	187	187	187	189	189	189	189	190	191	192	193	191	191	192	191	191	191	192	193	193	193	193	193	193	193	193	193	194	193	191	190	189	188	189	189	189	190	186	191	191	196	198	200	204	194	191	191	192	193	193	194	194	194	194	195	196	196	196	196	196	196	201	197	202	197	203	203	201	200	201	203	204	203	203	204	203	203	203	204	204	203	203	203	205	205	205	205	205	204	204	203	203	203	203	202	200	198	196	195	194	191	186	182	180	179	177	176	173	172	173	172	176	182	191	196	198	199	200	202	203	204	205	205	207	207	208	209	209	209	209	209	208	208	209	211	211	211	212	214	212	212	211	212	212	212	212	211	213	213	221	191	125	110	185	196	205	238	254	248	247	250	216	199	204	200	199	192	199	196	209	169	117	128	156	180	136	98	87	119	146	159	164	154	150	153	149	152	152	156	157	158	146	135	133	160	184	206	209	206	206	202	196	190	181	185	192	201	205	204	202	202	203	203	204	204	204	204	203	203	201	198	194	192	196	191	202	203	205	208	203	205	205	202	206	203	206	207	206	205	203	203	202	202	203	201	198	196	194	190	182	172	173	174	188	196	201	208	204	197	181	173	158	149	147	140	133	133	132	129	132	131	129	126	121	122	134	168	178	190	179	182	177	178	175	173	173	173	171	168	164	164	162	156	157	155	154	155	156	166	168	168	169	171	170	169	169	171	175	174	174	174	174	175	175	176	177	175	175	177	176	174	175	178	176	176	176	176	176	176	176	176	175	175	176	176	176	176	175	175	174	174	175	175	175	174	174	173	170	176	163	167	209	205	233	190	155	172	173	171	174	173	174	171	171	171	171	172	172	173	173	173	174	173	173	172	172	171	170	170	170	170	169	168	168	169	168	166	167	167	166	165	164	163	162	162	162	161	158	156	154	152	151	150	151	147	148	148	147	154	161	158	160	160	161	161	161	161	161	161	162	162	162	162	162	162	162	162	162	161	161	160	160	160	161	161	158	158	158	157	157	156	156	157	160	160	158	153	150	150	150	148	146	116	137	171	184	177	165	135	141	144	144	145	145	146	146	143	145	141	141	149	154	167	162	165	166	165	165	164	164	165	164	163	165	165	164	162	161	161	161	162	158	160	160	159	160	162	164	162	160	160	161	161	161	160	160	159	157	158	160	160	160	161	160	157	158	157	155	159	167	166	164	166
109	145	146	147	147	147	148	149	150	150	151	151	152	152	152	153	154	157	160	163	163	164	165	166	165	169	172	168	170	170	169	170	165	158	148	149	147	151	149	149	136	109	180	221	220	201	180	157	137	151	151	152	155	158	160	161	160	162	165	158	164	170	179	174	173	164	164	164	165	166	166	166	166	167	167	167	167	168	168	168	168	167	168	169	170	171	171	170	170	172	172	172	172	172	172	173	173	173	172	171	171	171	170	169	168	168	168	167	167	167	165	163	161	161	160	159	157	157	159	161	163	165	167	171	170	176	169	178	174	176	177	180	182	182	181	181	181	179	181	183	186	185	184	184	186	185	185	186	187	188	188	189	189	188	189	191	192	193	193	192	191	191	191	192	192	191	191	191	192	195	194	194	194	194	194	195	195	193	192	190	188	188	189	190	191	189	190	185	190	190	191	196	197	203	192	193	195	194	196	193	193	194	195	195	196	197	197	197	197	201	198	198	197	203	203	203	199	202	202	203	205	206	205	205	206	206	206	206	207	206	205	205	205	206	206	206	206	206	205	205	205	203	203	203	202	201	199	198	197	195	192	187	181	179	178	177	175	172	171	173	170	177	181	191	196	199	200	201	202	203	203	204	205	207	207	207	208	209	208	208	209	209	209	210	211	211	210	211	213	211	211	211	212	213	214	214	214	216	216	220	187	120	112	186	201	200	238	254	252	250	249	218	201	198	198	204	197	197	183	185	154	108	138	213	210	204	133	96	100	96	113	139	161	163	156	152	151	152	153	157	159	140	127	128	154	185	206	208	205	205	201	196	191	186	188	194	200	203	202	200	200	202	203	203	204	204	204	204	203	202	198	194	192	196	190	201	203	205	209	202	206	205	200	207	202	207	206	202	206	206	208	199	193	193	191	194	195	193	191	182	168	170	173	193	202	203	209	204	195	180	172	157	149	147	140	132	132	131	128	132	130	129	126	121	122	136	169	178	190	180	183	179	179	177	173	175	173	171	169	163	164	161	155	157	156	154	155	156	166	171	169	168	169	168	168	170	173	174	174	174	174	175	175	175	176	177	174	175	178	178	174	174	178	176	176	176	176	176	176	176	176	174	175	176	176	176	176	175	174	175	175	175	175	175	175	174	174	170	177	163	172	205	210	232	191	154	172	173	171	175	174	174	171	172	172	172	172	172	172	172	172	173	173	173	173	172	172	172	172	170	170	170	169	169	169	168	166	168	167	166	165	164	163	163	163	162	161	159	156	154	152	151	150	150	149	148	147	148	155	160	158	160	161	161	162	162	162	162	162	162	162	162	162	162	162	162	162	161	161	161	161	161	161	161	161	158	158	158	158	157	156	156	158	160	161	158	153	150	150	150	148	146	115	139	173	186	177	161	133	141	147	145	146	147	147	149	144	145	141	142	151	156	167	162	165	166	166	166	164	164	165	164	163	164	164	164	163	161	161	161	162	158	161	161	159	159	162	163	161	159	159	160	160	160	160	159	159	159	159	161	160	160	161	160	157	161	159	157	163	170	166	164	167
110	144	145	145	146	146	147	148	149	148	149	150	150	151	152	153	154	155	159	161	161	163	165	166	165	167	170	167	169	170	169	171	166	158	147	149	146	151	149	149	142	115	171	213	215	199	179	155	130	150	151	153	156	158	160	160	160	160	161	157	163	169	179	173	174	167	166	165	165	166	167	167	168	169	170	170	170	170	171	171	171	172	172	172	172	172	173	173	173	176	176	176	175	174	173	172	172	172	172	172	173	174	174	173	172	169	169	168	168	168	166	164	163	165	164	162	159	158	158	160	162	166	171	171	174	175	172	177	176	173	175	178	180	180	179	179	178	182	181	182	185	186	184	184	185	187	187	188	188	189	190	191	191	190	191	192	192	192	192	191	191	190	190	192	192	191	191	191	191	188	188	189	189	188	188	188	188	190	190	189	189	189	191	193	194	195	197	192	195	195	191	199	200	202	189	194	195	194	198	195	195	196	197	198	199	199	199	199	199	204	202	199	201	201	204	200	198	203	203	204	206	206	205	205	206	207	206	206	208	208	206	205	207	207	207	207	207	206	206	205	205	202	202	202	202	202	201	200	200	194	192	187	182	179	179	177	174	172	170	173	170	178	181	193	197	199	201	201	203	203	204	204	205	206	205	205	208	208	207	207	208	212	211	212	213	212	210	210	212	214	213	213	214	215	215	215	215	217	219	221	186	120	115	186	205	202	241	253	254	250	240	215	202	209	200	203	202	208	187	162	126	109	182	240	241	219	141	94	102	81	87	102	133	150	160	167	152	152	151	161	159	126	112	125	156	188	207	207	202	203	200	197	194	194	194	197	200	202	200	199	199	203	203	204	205	205	205	205	205	203	198	194	192	195	189	201	203	204	209	201	206	206	200	208	203	206	206	202	207	205	208	196	188	186	184	188	191	191	192	186	171	173	177	198	206	204	209	204	194	178	171	157	150	147	140	132	132	132	128	131	129	128	126	121	123	139	171	179	191	180	184	180	180	179	174	176	173	171	170	163	165	162	155	158	157	156	156	157	167	172	171	170	170	170	170	172	175	175	175	175	176	176	176	176	176	175	176	177	178	177	176	175	176	176	176	176	176	176	176	176	176	175	175	175	176	176	175	175	175	175	175	175	175	175	175	175	175	173	174	163	176	205	209	228	191	153	172	174	171	175	174	174	170	174	174	173	173	172	171	170	170	172	172	172	172	172	172	172	172	170	171	171	169	169	170	169	166	169	168	167	165	164	163	163	163	162	161	159	156	153	151	150	150	148	151	149	146	151	157	159	160	161	161	162	162	163	163	163	163	163	163	163	163	163	163	163	163	162	162	162	162	161	161	161	161	160	159	158	159	158	157	157	159	159	161	159	153	150	151	150	148	142	118	144	172	185	178	159	131	143	149	146	147	147	146	150	143	145	141	143	153	158	169	163	166	166	167	166	164	165	166	166	163	163	163	163	163	162	162	162	163	162	162	161	161	161	159	159	160	159	159	160	159	159	159	159	159	160	161	162	160	159	161	160	157	157	158	155	157	161	164	163	167
111	145	145	145	145	145	145	146	147	147	148	148	149	150	151	153	154	154	157	160	160	161	164	166	165	166	169	166	169	170	170	172	168	158	147	149	145	150	149	149	145	123	163	202	211	201	181	160	139	149	152	155	156	158	159	160	160	163	163	160	165	172	182	174	176	169	167	166	165	167	168	169	169	172	172	172	173	174	174	175	175	177	177	175	175	175	176	177	178	176	177	177	177	177	176	176	175	176	176	175	175	175	174	172	170	172	170	168	167	166	166	166	166	162	162	163	162	162	162	163	163	167	174	170	178	173	176	177	178	177	178	179	180	181	182	184	185	189	185	184	185	186	187	188	190	188	189	189	190	191	191	192	192	194	193	191	190	190	190	192	193	187	188	190	191	191	190	190	190	189	190	190	191	190	189	188	187	190	190	190	189	190	190	191	191	190	193	188	192	193	188	200	201	208	192	195	194	191	196	195	195	196	197	198	199	199	199	199	199	200	203	201	205	199	203	201	204	204	203	204	206	206	204	204	205	206	204	205	207	207	205	205	207	207	207	207	207	206	206	206	205	205	205	204	203	202	200	198	197	192	191	187	183	180	180	177	173	172	170	174	170	179	181	194	198	199	200	201	203	204	204	205	206	207	206	207	209	210	209	209	211	211	210	211	213	214	212	213	216	217	216	215	215	216	215	215	214	216	220	223	187	122	118	185	205	207	242	248	254	245	224	206	198	206	198	203	198	194	167	135	113	125	193	232	231	219	120	96	127	132	137	124	108	90	112	157	157	155	156	168	158	110	94	119	160	190	208	206	200	200	199	198	197	199	198	199	201	201	200	200	201	203	204	205	205	206	206	206	206	204	199	194	192	195	189	200	203	203	209	200	206	206	200	209	203	205	208	204	206	199	203	194	191	192	188	189	191	190	193	189	175	180	182	202	207	202	207	204	193	177	170	157	150	148	140	132	131	132	128	130	128	127	125	122	124	141	173	180	191	180	184	180	180	181	174	177	173	170	170	162	166	162	156	158	159	157	157	157	167	171	171	172	174	174	173	173	175	175	175	176	177	177	177	177	176	173	177	179	176	176	178	177	174	176	176	176	176	176	176	176	176	176	176	175	175	175	175	176	176	176	176	175	174	174	174	175	175	176	170	164	177	207	207	225	192	152	172	174	172	175	174	174	170	172	172	172	172	172	173	173	173	172	172	172	171	171	171	171	171	170	171	171	169	169	171	169	166	169	168	167	165	164	164	163	163	162	160	158	155	153	151	149	149	148	153	150	146	153	158	159	161	162	162	162	163	163	163	163	163	163	163	163	163	163	163	163	163	162	162	162	162	162	161	160	159	161	159	159	160	159	157	158	160	159	161	159	153	150	151	150	147	139	121	147	170	183	179	158	130	143	150	145	146	146	144	149	142	145	141	144	155	160	171	165	168	165	167	166	165	165	167	167	164	161	162	163	163	163	163	163	163	162	158	158	163	163	158	159	163	159	159	159	158	158	158	159	159	162	162	162	160	160	161	160	158	155	161	161	160	163	167	165	164
112	143	145	146	145	145	145	146	145	151	149	148	149	150	150	150	152	155	153	155	160	161	162	165	165	165	166	164	169	174	172	171	164	163	149	147	151	150	150	150	144	126	153	204	209	197	185	177	130	144	157	155	153	160	162	162	162	161	163	163	162	174	182	175	176	171	168	168	172	172	169	169	174	172	173	173	173	173	174	176	177	177	178	178	178	179	179	180	180	181	178	181	178	179	181	177	179	179	175	180	175	174	178	172	175	172	172	172	171	170	168	166	165	163	163	163	162	161	161	162	163	171	171	174	177	177	175	175	176	178	178	179	181	182	183	184	185	185	185	186	187	189	190	191	192	191	191	192	192	192	192	194	195	192	193	194	194	194	193	192	191	190	190	190	189	189	189	189	189	189	191	187	189	190	189	193	190	193	192	191	190	190	191	192	193	190	193	191	193	194	193	200	200	201	197	194	195	196	196	196	198	197	197	198	199	199	200	200	199	203	203	203	203	205	206	207	208	203	204	205	207	208	207	205	203	203	204	204	204	204	204	204	204	205	205	204	203	202	201	201	201	199	201	200	197	196	197	196	194	190	186	186	181	178	178	173	174	172	172	172	172	181	181	194	194	200	202	203	204	204	204	204	204	204	208	210	209	209	213	213	211	215	214	214	214	214	215	216	216	212	214	215	214	213	214	214	215	215	219	219	182	115	119	187	193	203	238	251	251	233	224	211	193	202	201	203	204	189	151	135	108	143	209	225	231	208	115	107	120	137	141	127	92	101	96	125	160	158	152	164	148	118	88	110	160	190	200	206	201	196	185	196	198	200	200	200	201	202	203	203	203	205	203	203	206	206	202	202	204	205	203	191	191	196	188	204	202	204	207	204	206	201	206	202	202	209	202	201	197	190	187	184	191	188	191	187	191	187	194	190	190	185	193	201	206	203	205	206	191	178	168	157	151	144	135	130	130	131	129	129	129	121	123	118	123	141	169	178	196	175	186	178	175	179	180	176	176	174	168	168	163	167	156	159	159	154	158	161	166	173	174	174	174	174	174	175	176	176	179	180	177	175	177	180	181	179	179	179	179	179	179	179	179	179	177	178	179	179	176	176	177	175	175	175	176	176	176	176	176	176	176	175	174	173	173	173	173	171	176	165	171	208	206	228	187	153	176	170	172	179	172	175	172	172	172	172	172	172	172	172	172	172	172	172	172	172	172	171	171	171	171	170	170	170	170	169	168	167	167	167	166	164	162	162	162	161	158	156	156	154	152	152	153	149	149	149	150	153	157	159	161	162	162	162	162	162	162	163	163	162	163	163	164	164	164	163	163	163	162	161	161	162	162	162	162	165	161	159	159	158	157	159	162	161	165	162	154	149	150	150	147	142	124	146	167	187	182	155	131	144	146	149	150	149	147	145	144	145	143	145	155	160	168	174	163	167	166	164	164	164	164	164	164	164	163	161	160	160	160	161	161	164	162	162	162	162	161	162	165	159	159	159	159	159	158	158	158	158	160	159	155	154	157	157	154	155	155	155	158	163	166	166	166
113	142	144	145	144	144	144	145	145	141	144	147	148	149	151	149	146	150	162	169	165	160	163	166	165	163	166	169	166	170	164	173	169	165	152	147	151	150	151	152	148	130	151	194	199	192	187	186	142	143	154	154	153	160	163	163	163	163	163	165	165	174	182	177	176	171	170	171	171	171	171	171	172	172	173	174	175	175	176	177	178	180	180	180	180	180	180	181	181	182	179	181	179	180	182	178	180	180	177	181	177	176	179	174	177	175	175	174	173	172	170	168	166	164	164	164	163	163	163	164	165	171	172	174	178	178	176	176	177	178	179	180	182	183	184	185	185	187	187	187	187	187	187	187	187	191	191	191	191	191	191	191	192	192	193	194	195	195	195	194	194	189	189	189	189	189	189	188	188	192	193	189	191	191	189	192	189	189	191	193	195	195	194	192	191	192	195	192	195	195	194	200	200	201	197	195	196	196	196	196	197	198	197	197	198	198	199	200	200	202	202	202	202	202	203	204	204	203	203	204	205	206	206	205	204	204	204	204	204	204	204	204	204	203	202	202	201	200	200	199	199	199	200	199	196	195	195	194	192	191	187	186	180	177	178	174	175	172	172	171	171	180	180	193	194	200	201	202	204	204	204	205	205	207	208	209	210	210	210	211	212	210	211	212	214	215	214	214	213	212	215	216	215	214	213	211	211	214	222	217	187	109	120	191	208	206	238	245	252	229	224	203	204	206	202	213	176	156	141	152	165	161	207	226	226	205	101	99	126	147	144	124	95	108	115	134	152	157	155	169	148	114	90	118	164	190	204	209	197	188	181	199	208	200	201	202	203	204	204	203	202	206	207	207	207	207	207	206	205	204	203	193	192	195	188	204	202	203	204	205	202	203	203	204	202	206	206	206	184	183	186	190	187	189	192	189	193	190	197	194	194	193	198	202	204	200	203	206	192	177	167	156	151	144	135	130	130	128	127	127	127	121	122	117	123	140	169	181	195	178	185	180	177	179	180	175	176	174	168	167	163	164	157	159	158	155	158	161	168	173	173	174	175	175	175	176	177	179	179	178	178	179	180	177	173	178	178	178	178	178	178	178	178	177	175	175	177	178	176	177	179	177	177	176	176	176	176	176	176	175	175	174	174	174	174	175	175	174	173	164	170	206	204	220	188	154	176	170	172	178	171	174	171	174	174	173	173	173	172	172	172	172	172	172	172	172	172	172	171	171	171	170	170	170	170	169	168	168	167	166	165	164	163	162	162	161	158	156	155	153	151	150	152	149	148	148	150	153	157	160	162	161	162	162	162	162	163	163	163	162	163	163	164	164	163	163	163	164	163	162	162	162	162	162	162	162	160	160	161	161	159	159	160	159	163	161	153	150	152	153	150	137	120	149	173	186	178	153	131	145	146	148	148	148	147	146	146	144	141	148	155	159	168	171	166	167	166	165	164	165	166	166	166	166	165	164	163	163	164	164	164	166	164	163	163	161	159	160	162	160	160	159	159	158	158	158	158	159	158	157	157	157	155	155	156	156	155	156	159	163	165	165	165
114	142	143	144	143	143	143	144	144	145	149	149	146	147	153	153	149	149	155	156	160	173	182	178	171	170	168	168	160	170	164	174	167	163	152	147	149	148	149	148	145	139	152	186	192	189	186	190	150	141	150	153	153	159	164	164	164	165	162	167	168	173	182	179	175	171	173	172	170	171	173	173	170	172	173	175	176	177	177	178	179	179	179	179	179	179	179	179	179	182	179	182	180	180	183	179	181	182	179	182	179	178	180	176	178	178	178	177	175	173	171	169	168	166	166	166	165	164	164	165	166	171	172	175	179	179	178	178	179	179	180	181	183	184	185	185	185	187	187	187	187	187	188	188	188	190	190	191	190	190	189	189	189	188	188	188	189	189	189	190	190	188	189	189	189	189	189	188	188	190	192	189	192	193	192	195	193	193	193	193	193	193	194	195	195	195	198	195	196	196	194	200	200	201	198	196	196	197	197	196	197	199	198	197	197	198	199	200	201	203	202	202	202	202	202	202	202	203	202	202	202	203	204	205	205	204	204	204	204	203	203	203	203	202	202	201	201	201	200	200	200	199	199	198	196	194	194	193	191	192	188	186	180	177	178	174	176	172	171	170	170	179	180	193	194	199	201	202	203	204	205	206	207	210	208	208	211	211	208	208	213	210	211	212	214	215	215	215	215	213	214	213	211	210	213	215	217	218	214	213	174	123	122	191	194	209	234	249	248	239	223	203	205	196	200	212	167	154	142	157	173	167	199	223	230	215	112	96	122	137	143	129	103	99	113	137	157	156	152	161	144	114	101	126	156	176	198	208	197	188	178	191	197	204	203	200	200	201	203	205	206	201	205	205	202	202	205	204	201	203	203	195	192	194	188	204	204	203	202	206	200	206	201	205	202	205	205	209	180	183	183	191	185	191	193	191	195	194	199	198	198	198	201	202	203	199	202	206	192	176	167	156	151	144	135	129	129	128	128	128	128	123	123	117	126	140	169	185	193	182	184	182	179	179	180	176	176	174	168	168	163	161	158	160	157	157	159	159	170	172	173	175	175	176	176	177	177	178	177	177	177	180	181	179	175	179	179	179	179	179	179	179	179	181	179	178	178	177	176	177	178	178	178	178	178	177	177	177	177	175	175	175	176	176	175	175	175	176	171	166	170	206	204	210	188	158	176	172	174	177	172	174	172	175	175	174	174	173	173	172	172	172	173	173	173	173	172	172	172	171	171	170	170	170	170	169	168	169	167	166	165	165	165	163	162	161	159	156	155	152	150	149	150	148	147	148	150	154	158	161	162	161	162	162	163	163	163	163	162	163	163	163	164	163	163	163	163	165	164	163	162	162	162	162	161	161	160	160	161	161	160	160	160	162	164	162	154	150	151	151	149	140	120	154	183	194	183	159	133	146	146	147	147	147	147	147	148	143	139	151	154	158	169	167	168	167	166	165	165	166	167	167	167	163	162	161	161	162	162	162	162	162	162	162	162	162	160	161	162	160	160	159	159	158	158	158	157	160	157	156	159	159	154	154	157	156	156	158	160	164	165	165	163
115	141	142	143	142	143	141	143	143	146	147	145	141	141	145	146	146	150	149	144	141	142	144	155	171	168	171	170	166	171	168	174	167	163	155	151	153	154	153	151	149	143	152	182	192	191	186	193	153	143	149	155	155	159	166	164	165	167	162	169	170	172	182	181	175	174	172	171	171	172	173	173	172	173	174	176	177	177	177	178	178	178	178	178	178	178	178	178	178	182	179	182	180	180	183	179	181	182	181	181	180	180	180	178	179	178	178	177	176	174	172	170	169	167	167	167	166	165	165	166	166	171	173	176	179	180	180	179	180	179	180	182	184	185	185	185	185	186	186	187	188	188	189	189	190	188	189	190	190	189	188	188	188	191	190	190	190	190	190	190	191	188	189	190	191	191	191	190	190	190	192	189	193	194	193	197	194	196	195	194	193	193	195	197	198	196	199	196	197	197	195	201	201	200	198	197	197	198	198	198	197	200	199	199	199	199	200	202	202	201	201	201	201	201	201	201	201	201	200	199	199	200	201	201	201	204	204	204	203	203	203	202	202	202	201	201	201	201	201	201	201	199	199	198	196	195	194	193	192	193	188	187	181	178	179	174	176	172	171	169	169	178	179	193	195	200	201	202	203	204	205	206	207	211	209	209	210	210	208	209	212	214	213	212	212	213	215	217	219	212	213	213	211	211	214	216	219	213	226	215	188	116	132	189	199	210	236	250	242	243	232	205	197	210	202	176	153	164	161	178	175	164	198	225	224	197	107	88	121	147	145	126	108	98	117	138	154	152	156	166	144	99	87	125	163	183	198	201	193	191	183	198	209	204	202	200	199	200	202	204	205	204	207	207	205	205	206	206	203	203	202	197	192	193	188	203	205	204	203	205	202	205	202	204	203	205	200	207	192	192	184	187	189	193	193	193	196	197	200	199	199	197	200	202	204	201	204	206	191	174	166	156	151	144	135	129	129	128	129	128	128	124	124	117	128	142	171	189	192	187	183	183	180	180	181	177	177	175	169	169	164	160	161	161	156	158	159	159	172	173	174	175	176	176	176	177	177	176	178	179	178	176	177	180	183	180	180	180	180	180	180	180	180	183	182	181	180	179	178	178	178	179	179	179	179	178	178	178	178	177	177	177	177	177	176	175	174	177	171	171	172	205	207	205	187	161	175	175	176	177	174	176	174	176	175	175	175	174	174	174	173	173	173	173	173	173	173	172	172	172	171	170	170	170	170	169	169	170	168	166	165	166	166	164	162	161	159	157	155	152	150	150	150	148	148	148	150	154	158	161	163	161	162	163	164	164	164	163	163	164	164	164	164	163	163	163	163	164	163	162	162	162	162	162	161	163	162	160	159	159	160	162	163	164	165	162	155	151	151	150	148	140	114	149	184	196	185	158	127	146	147	147	147	146	146	147	148	145	139	153	153	160	171	163	168	167	166	165	165	166	166	166	166	165	164	164	164	164	164	164	163	160	160	161	162	162	161	161	162	159	159	159	159	158	158	158	158	159	157	157	159	158	155	154	156	155	156	159	162	164	165	164	163
116	139	140	140	141	141	139	140	142	142	141	143	146	146	143	141	144	155	141	120	103	94	98	120	142	174	195	200	200	183	177	173	169	160	156	151	150	152	153	151	152	141	149	177	192	195	189	201	163	147	148	158	157	160	167	165	165	168	163	169	170	171	182	182	176	179	171	168	173	175	172	172	176	173	175	176	176	176	176	176	177	178	178	178	179	179	180	180	180	181	179	181	179	180	183	179	181	181	181	180	180	180	178	179	178	177	177	176	175	173	172	170	170	168	167	167	166	165	165	165	166	170	173	176	178	179	180	180	180	179	180	182	183	184	185	184	184	187	187	187	187	187	187	187	187	187	188	189	189	189	189	189	189	191	191	190	190	190	190	191	191	190	190	192	193	194	194	194	194	194	196	192	194	194	192	194	191	194	195	197	198	198	197	196	194	196	199	196	198	197	196	202	202	200	199	198	198	199	200	200	199	200	200	201	202	202	203	203	203	201	201	202	202	203	203	203	203	203	202	201	201	202	202	201	201	204	204	204	203	203	202	202	202	200	200	199	199	199	199	200	200	199	198	198	197	196	195	195	195	192	189	188	182	179	180	174	176	172	171	169	169	178	179	194	195	201	202	202	203	204	205	206	207	209	211	211	209	209	211	212	212	215	214	213	212	213	214	216	217	211	215	217	217	216	215	213	213	216	224	221	170	122	129	202	203	209	243	241	252	233	237	200	200	223	191	140	138	166	183	192	185	166	193	228	224	205	111	92	117	151	137	110	95	82	107	135	158	157	153	149	127	83	78	121	159	163	184	195	197	199	184	191	201	201	201	202	203	204	204	202	201	206	205	205	207	207	204	203	204	202	202	199	191	192	189	202	205	205	206	203	206	202	205	202	203	204	199	205	203	199	191	188	195	197	196	196	197	199	199	199	199	197	199	200	202	200	204	206	190	174	165	155	150	144	134	129	129	127	129	127	126	123	121	113	128	145	174	191	190	189	183	183	181	181	183	178	179	176	170	170	165	161	162	162	156	158	160	159	172	174	175	176	176	176	176	176	177	180	180	181	179	177	176	178	181	180	180	180	180	180	180	180	180	178	179	180	180	181	181	181	181	179	179	179	179	179	180	180	180	178	178	178	178	178	177	176	175	177	173	174	172	200	210	206	186	163	173	175	176	176	175	176	176	175	175	175	175	175	175	175	175	173	174	174	174	174	173	173	173	172	171	171	171	171	171	170	169	170	168	166	166	167	166	164	162	161	160	158	155	153	152	151	151	149	148	149	151	154	158	161	163	162	163	164	165	165	164	164	163	165	165	164	164	164	163	163	163	163	162	162	162	162	162	162	161	163	162	161	159	159	161	162	163	161	162	160	155	152	153	152	150	139	114	150	183	194	183	157	128	146	147	148	148	147	146	146	147	147	141	152	153	163	173	161	166	167	166	165	165	165	165	165	164	165	164	164	163	164	163	163	162	161	163	163	162	161	160	159	158	158	158	158	158	158	159	159	159	157	159	159	157	156	157	156	153	155	156	159	162	165	165	165	164
117	139	138	139	140	140	138	139	141	143	140	141	146	147	144	145	152	158	126	91	71	72	86	92	84	99	132	150	173	168	177	175	173	166	163	153	148	149	149	146	149	144	148	171	190	196	190	207	171	149	147	160	160	160	169	166	167	168	165	169	169	172	182	181	179	185	173	168	174	177	172	173	179	175	176	177	177	176	176	177	177	178	178	178	179	179	180	180	180	181	178	181	179	180	183	179	181	180	182	179	181	180	178	180	178	177	176	175	174	172	171	170	170	168	168	167	166	165	164	165	165	169	172	176	177	178	179	179	178	178	179	180	182	183	183	183	182	183	183	183	184	185	185	185	186	184	185	186	187	187	187	188	189	186	186	186	186	187	188	189	189	191	192	193	194	195	196	196	196	194	196	193	195	196	193	196	193	197	197	197	198	198	197	197	197	196	199	196	198	198	197	203	203	202	201	199	198	199	202	202	200	201	202	202	203	204	204	204	204	200	200	201	202	202	203	203	203	205	204	203	203	203	203	202	201	203	203	203	203	203	202	202	202	201	201	200	200	200	201	201	201	200	199	198	199	198	196	196	197	193	189	189	183	180	180	175	176	173	172	170	170	179	180	195	196	201	203	203	205	205	206	207	208	208	212	212	209	209	213	214	212	215	215	216	217	217	216	215	215	215	216	216	214	213	214	216	217	216	228	207	173	115	140	194	196	211	240	242	252	232	217	201	209	217	179	152	156	177	197	180	180	174	192	232	223	210	99	86	106	109	108	104	107	102	118	134	149	165	151	133	123	104	110	140	160	177	198	202	194	193	181	195	215	206	204	202	201	202	203	205	206	205	202	202	205	204	200	198	201	202	200	199	190	191	190	200	204	206	207	202	208	201	205	201	204	203	203	206	203	198	200	196	199	201	198	200	198	201	197	199	198	199	200	199	200	199	203	206	190	173	164	154	149	143	134	129	129	127	131	127	125	124	121	113	131	148	177	190	190	190	184	182	181	182	184	179	180	177	171	171	166	163	162	163	157	158	161	163	172	174	174	175	174	174	174	175	176	179	176	176	178	181	180	178	176	181	181	181	181	181	181	181	181	178	179	180	180	180	181	180	178	179	179	179	180	180	180	180	180	178	178	179	179	179	179	178	178	179	173	175	176	196	208	209	185	164	170	176	176	174	174	176	176	175	175	175	175	175	175	175	175	174	174	174	174	174	174	173	173	173	172	172	171	172	171	171	170	170	169	167	167	167	166	165	163	162	161	159	155	153	153	152	151	150	149	150	152	155	159	162	164	163	164	165	165	165	165	165	165	166	166	165	165	164	164	164	164	162	162	162	162	163	163	162	162	161	162	163	162	162	162	161	160	162	162	160	156	153	152	150	148	138	121	156	183	189	178	157	135	146	147	148	148	147	146	146	146	147	144	151	154	166	173	162	166	167	166	165	165	165	164	163	163	163	162	161	160	160	160	160	159	160	162	163	161	160	160	160	159	158	158	158	158	158	158	158	158	156	159	159	155	154	157	156	152	155	157	160	163	165	165	165	165
118	140	139	140	142	142	139	140	143	142	140	139	140	140	140	144	151	136	105	76	51	32	34	36	23	21	35	34	50	73	122	163	182	173	172	162	155	156	154	150	153	150	148	164	186	196	191	210	175	149	144	160	161	160	171	167	169	168	168	170	167	174	183	181	183	188	177	170	173	175	174	174	178	176	177	177	177	177	177	178	179	179	179	179	179	180	180	180	180	182	179	182	180	181	183	180	182	181	184	179	182	181	178	182	179	178	177	176	174	173	171	170	170	168	168	167	166	164	164	164	165	168	172	175	176	176	178	178	176	177	178	179	180	180	181	181	181	179	180	181	182	183	185	186	186	183	184	185	185	186	186	188	189	189	190	190	190	191	192	193	193	192	193	193	194	194	195	195	195	193	195	193	196	198	196	199	196	199	198	196	195	195	197	199	201	196	199	197	199	198	197	203	203	204	203	201	199	200	202	202	201	202	202	202	203	203	204	205	205	201	202	202	203	203	203	202	202	205	204	203	203	203	203	202	202	203	203	203	203	203	202	202	202	203	203	202	202	202	202	203	203	201	200	199	200	199	197	196	197	194	190	189	183	180	180	175	177	173	173	171	171	180	182	196	197	201	202	204	206	207	207	208	209	210	211	212	212	212	213	213	213	216	217	218	219	218	218	216	215	215	216	214	211	211	214	218	221	214	227	222	177	125	127	193	203	209	234	247	245	237	199	210	208	191	166	164	174	187	197	184	184	164	204	250	249	215	103	81	96	103	97	86	88	101	123	136	142	142	139	120	114	105	119	144	158	169	199	207	196	197	184	190	199	209	206	201	199	199	202	206	208	207	207	206	206	205	203	202	201	202	199	199	188	190	191	199	203	205	204	203	205	204	203	202	204	203	202	207	198	200	202	201	200	202	198	200	197	201	194	196	195	198	199	199	201	200	205	206	189	173	164	153	148	142	134	129	129	128	132	127	125	125	122	114	134	151	180	188	189	190	186	181	181	183	184	179	180	177	172	171	166	166	161	163	159	157	163	167	172	175	176	175	175	175	176	177	179	178	175	175	179	182	182	180	179	180	180	180	180	180	180	180	180	181	183	182	180	179	180	179	177	180	180	180	180	180	180	180	180	179	179	179	179	179	179	179	179	180	172	176	187	200	207	210	181	168	170	178	177	174	175	176	176	176	176	176	175	175	175	175	175	174	174	175	175	175	174	174	174	174	173	172	172	172	172	171	171	170	170	169	168	167	166	165	164	163	162	160	156	153	153	152	150	150	149	150	152	156	160	164	165	165	165	165	166	166	166	166	166	168	167	166	165	165	164	164	165	164	163	163	164	164	164	163	162	161	163	164	163	162	163	162	159	163	163	161	157	154	151	148	144	136	124	154	173	180	171	152	136	146	147	148	148	147	147	146	147	145	147	149	157	169	170	165	168	166	166	165	165	165	165	164	163	166	165	164	163	163	164	164	164	158	161	162	161	160	162	162	161	159	159	159	158	158	158	157	157	157	158	157	155	155	155	155	154	156	158	160	163	164	165	165	165
119	143	142	143	145	145	142	143	146	143	146	147	145	144	144	145	145	156	121	97	72	35	25	37	39	56	78	91	99	108	126	145	149	161	164	159	155	159	157	150	153	149	144	158	183	197	194	214	178	147	141	160	161	161	172	169	171	168	170	170	166	176	184	181	186	191	182	174	172	175	176	177	177	178	178	178	178	178	179	180	181	182	182	182	182	182	182	182	182	182	179	182	181	181	184	180	182	182	185	180	183	183	179	184	180	179	178	177	175	173	171	170	170	168	168	167	166	165	164	164	165	167	171	174	175	175	177	177	175	177	177	177	178	179	180	180	180	182	182	182	183	183	183	183	183	183	184	184	184	185	186	187	188	188	188	188	189	189	189	189	189	193	193	193	193	193	193	194	194	196	198	195	198	199	196	199	195	195	196	198	199	199	199	198	198	198	200	197	199	199	198	203	203	206	205	202	199	200	202	202	200	203	202	202	202	202	204	205	206	202	203	203	203	202	201	200	199	201	200	199	199	199	200	200	200	202	202	202	202	203	203	203	203	202	202	202	202	201	201	202	202	202	200	199	200	199	196	195	197	195	190	189	182	179	180	176	178	174	173	172	172	181	182	196	198	200	202	204	206	208	209	209	210	212	210	211	215	215	211	211	215	216	216	215	215	215	215	216	216	212	215	218	217	216	215	212	211	218	222	204	172	120	130	191	207	203	236	244	245	233	202	215	200	134	133	143	171	191	189	198	184	172	191	181	183	159	111	103	119	114	128	133	128	130	135	139	141	151	145	113	105	109	134	155	159	168	200	205	193	200	196	199	200	202	202	203	204	205	204	202	201	203	206	206	202	200	202	200	196	202	198	199	187	189	192	199	202	205	201	204	202	206	200	204	203	205	197	206	196	206	199	202	201	202	197	199	195	200	192	194	193	194	197	199	204	204	207	206	187	173	164	153	147	141	133	129	130	126	131	124	122	124	120	113	135	152	181	186	189	189	188	181	182	182	184	179	179	177	171	171	166	167	160	163	159	156	165	170	173	176	176	176	175	176	177	179	181	180	179	180	180	178	176	178	183	178	178	178	178	178	178	178	178	180	181	180	178	178	180	181	179	181	180	180	180	180	180	179	179	182	181	180	179	179	179	179	179	179	170	178	200	208	207	210	177	171	172	180	180	175	177	177	178	176	176	176	175	175	174	174	174	175	175	175	175	175	174	174	174	174	174	173	173	173	173	172	171	170	170	170	168	166	165	165	165	163	163	160	155	153	152	151	149	149	149	150	152	157	161	165	167	166	166	166	166	166	167	167	167	168	168	167	166	165	165	165	165	165	165	165	165	165	164	163	162	164	165	163	160	160	162	162	161	160	160	159	157	155	152	149	146	143	129	153	169	181	175	154	137	146	147	147	147	147	147	147	148	142	149	149	158	170	168	167	170	165	165	165	165	165	165	164	163	164	162	161	160	161	162	162	163	161	164	164	161	160	161	161	159	160	160	159	158	158	157	156	156	159	155	154	156	156	152	153	156	157	159	161	163	164	164	164	164
120	132	130	136	137	139	141	141	147	153	151	151	154	156	154	150	149	154	145	127	93	58	50	54	51	79	124	167	183	153	140	132	117	106	115	100	108	125	139	144	159	156	148	170	187	190	190	215	177	150	143	159	160	163	177	172	172	174	174	173	178	173	182	185	185	186	184	172	176	176	180	175	179	178	180	180	179	180	182	182	181	186	185	183	181	181	183	185	186	184	183	182	182	183	183	183	182	183	182	178	183	183	177	178	177	179	178	172	177	171	173	169	172	167	167	167	165	164	164	164	165	167	172	174	172	172	175	177	175	175	175	176	178	178	177	179	181	182	182	183	184	185	185	185	184	185	184	184	192	183	190	190	188	189	191	194	193	190	189	191	193	191	193	193	193	195	197	197	196	199	197	197	198	197	196	197	199	196	197	198	198	199	199	199	199	198	199	200	200	198	198	202	206	207	207	200	201	202	201	204	201	202	202	201	201	201	202	203	203	202	202	203	203	203	203	203	202	205	201	201	205	205	201	200	202	202	202	202	202	202	202	202	202	203	202	202	202	203	203	203	202	201	206	198	200	199	201	194	199	196	192	191	182	184	177	180	177	176	173	174	172	182	186	196	199	203	205	205	207	208	210	211	213	208	211	213	213	214	216	215	213	213	213	214	215	215	214	213	213	212	213	215	216	217	217	216	218	216	222	211	171	120	123	189	204	204	239	229	249	231	217	218	195	108	56	151	204	195	204	204	177	151	124	106	106	97	101	111	111	130	136	138	137	144	141	134	141	148	143	98	86	98	134	147	161	175	198	201	200	202	199	197	195	201	201	200	200	200	202	204	206	203	203	205	205	202	198	198	200	202	201	196	188	190	186	199	199	204	202	207	202	202	206	199	201	200	210	198	207	200	199	192	202	201	198	201	198	196	196	189	189	194	191	200	204	199	204	203	188	172	164	154	147	140	132	129	130	127	127	128	126	126	120	118	134	152	182	186	191	188	187	185	182	184	182	179	177	176	173	169	166	165	161	162	159	159	164	168	177	176	176	176	176	176	176	178	179	177	180	180	179	179	181	182	181	181	181	180	179	179	179	180	180	179	180	181	181	181	181	180	179	179	179	179	179	179	179	179	179	179	176	179	177	177	179	175	176	179	172	185	205	205	208	208	183	168	173	178	178	177	177	177	175	178	178	177	177	176	175	175	175	176	176	177	176	175	175	175	176	176	175	174	173	173	172	171	170	172	171	170	169	168	167	165	164	165	162	158	154	153	153	152	151	148	148	146	154	159	160	165	164	168	166	167	168	168	167	167	169	169	166	165	167	167	165	166	169	166	166	166	165	165	164	164	164	165	164	162	161	161	162	162	162	161	162	161	158	156	152	147	142	141	127	158	174	185	168	154	138	146	147	147	148	149	148	147	145	145	143	155	158	168	168	167	167	166	166	166	165	164	164	164	164	164	164	163	162	162	163	163	164	162	161	160	159	161	163	163	159	157	160	154	159	159	155	159	154	156	155	154	154	154	154	153	152	156	154	157	164	167	164	163	164
121	88	92	100	100	102	107	107	109	112	115	117	119	125	132	134	133	140	133	131	125	107	95	91	85	84	110	146	153	143	141	139	124	92	85	67	75	90	105	132	167	168	177	172	193	201	204	220	182	155	144	160	158	169	173	172	175	175	173	176	180	174	186	187	185	188	186	177	180	179	182	176	180	180	182	182	181	182	183	184	182	180	182	185	187	187	184	181	179	182	181	182	183	184	184	182	180	180	182	179	181	182	181	183	179	176	181	178	173	170	175	172	167	167	167	166	165	164	163	164	164	165	171	173	172	173	176	177	175	176	176	177	179	180	179	179	181	183	183	184	185	185	186	186	186	185	185	186	189	186	189	190	189	190	189	189	191	193	194	194	192	193	194	194	194	195	197	197	195	199	197	197	198	198	196	197	200	196	197	197	198	199	199	199	199	199	198	198	197	195	196	201	207	208	207	200	201	202	200	203	200	205	205	204	203	202	201	201	200	202	203	203	203	203	203	203	203	205	202	203	206	206	203	202	204	201	201	201	201	201	201	201	201	202	201	200	201	201	201	200	200	201	202	201	199	202	199	198	199	195	192	191	182	184	178	180	177	176	173	174	172	182	186	196	199	205	206	206	207	208	208	210	211	213	213	212	210	210	214	217	217	216	215	214	213	213	214	215	216	216	213	209	206	206	208	211	216	214	217	208	171	121	121	190	211	207	238	243	242	228	201	224	206	70	81	161	205	193	181	146	162	138	188	212	220	173	123	101	114	124	130	131	131	137	135	131	137	148	139	105	95	105	142	151	162	171	193	198	198	201	199	199	198	199	198	198	198	200	202	203	204	204	202	201	201	199	197	198	201	202	201	195	187	189	186	198	199	200	199	204	201	201	206	201	203	202	205	198	199	208	205	202	197	202	198	199	195	193	194	188	189	195	193	201	204	201	204	203	187	170	163	154	147	139	132	128	129	127	127	128	126	126	119	118	134	154	184	186	192	188	187	184	182	183	182	180	179	177	174	169	165	165	160	161	158	158	163	167	176	176	176	177	177	176	177	178	180	178	180	181	179	179	180	181	180	182	182	182	182	182	182	182	182	181	181	181	182	182	181	181	181	183	182	181	180	179	178	177	177	179	176	179	178	178	181	178	180	174	166	204	229	214	218	211	168	173	176	178	177	177	178	178	176	175	175	175	176	177	177	178	178	176	177	177	177	176	176	176	177	176	175	174	174	173	173	172	171	172	171	170	169	168	167	165	164	163	161	159	157	156	154	151	149	150	150	146	152	158	160	167	167	167	166	166	168	169	168	168	170	169	168	167	168	167	166	166	167	167	167	167	166	166	165	165	165	164	163	162	162	162	163	164	163	162	162	161	158	156	153	147	142	144	132	151	170	178	164	148	144	149	149	149	150	150	150	149	148	146	144	156	158	168	168	167	167	165	166	166	166	165	164	163	164	164	163	163	162	161	161	161	162	162	163	163	161	162	162	159	155	158	160	155	158	158	155	158	154	156	156	155	154	154	154	153	152	154	157	160	162	164	165	164	162
122	71	75	81	76	76	82	82	83	83	86	86	84	89	102	108	107	118	118	127	136	137	135	136	134	119	100	106	103	117	129	137	134	167	177	175	164	154	139	131	119	103	106	126	146	184	202	200	191	163	150	160	155	172	169	170	177	181	173	178	178	170	187	186	183	185	185	178	181	181	182	178	180	180	182	182	181	181	182	182	181	183	183	184	184	184	184	183	183	182	182	182	183	184	184	182	181	181	186	182	180	180	181	183	177	177	179	179	171	172	173	173	166	167	166	166	165	163	163	163	164	164	169	173	173	174	176	177	175	176	177	178	181	181	180	181	182	185	185	185	185	186	186	187	187	186	187	188	186	190	188	189	191	191	190	190	192	194	196	195	194	194	195	195	195	195	197	196	194	198	197	197	198	198	197	198	200	197	197	198	198	199	199	199	199	202	201	201	201	200	200	205	211	208	207	200	200	201	199	202	199	201	201	202	202	202	202	202	202	202	202	203	203	203	203	203	203	205	203	203	206	206	204	203	205	202	202	202	202	202	202	202	202	202	201	200	200	200	200	199	199	204	199	204	199	203	198	202	197	195	192	190	184	184	179	180	178	176	173	175	173	182	186	197	199	205	206	206	207	208	209	210	211	209	211	212	211	212	213	213	212	217	216	215	215	215	215	216	217	220	219	217	216	215	214	215	217	215	217	208	172	121	119	189	213	212	231	236	238	234	206	223	193	133	87	148	163	146	121	116	106	124	193	224	244	211	118	83	103	126	132	132	132	136	136	136	139	140	131	116	107	106	136	143	158	174	195	199	199	202	199	200	199	199	196	194	194	197	201	203	203	203	201	199	199	198	198	200	202	202	201	195	186	187	185	198	198	199	198	202	200	201	204	201	202	193	205	205	202	201	198	201	200	198	194	196	191	190	192	189	191	196	196	202	204	202	205	202	187	168	162	153	146	139	131	128	128	127	126	128	126	125	118	118	136	157	185	187	192	189	187	184	182	182	181	181	180	178	174	168	164	165	160	161	157	157	162	166	175	176	177	177	177	177	178	179	180	179	180	181	180	180	180	180	179	177	177	178	178	178	178	178	178	181	181	181	181	181	181	181	181	181	181	181	180	180	180	180	179	181	178	180	177	177	179	175	176	173	176	207	217	209	213	199	175	180	180	179	178	179	180	179	177	177	177	177	177	177	177	177	177	177	178	178	178	177	177	177	178	177	176	175	174	174	174	173	172	173	172	171	170	169	168	166	165	163	161	159	157	156	154	151	149	151	150	147	153	159	161	168	168	167	166	166	168	169	168	169	170	169	170	169	168	167	168	167	166	167	167	167	166	166	165	165	164	164	163	162	163	164	164	165	164	162	162	160	158	156	154	148	143	142	141	156	179	186	168	143	146	149	149	149	149	150	150	149	148	148	145	157	158	168	168	166	167	165	166	167	166	165	164	163	163	163	163	162	161	160	160	160	160	160	161	162	161	161	161	160	159	159	160	156	157	157	155	157	154	157	156	155	155	154	153	152	151	152	159	162	161	162	164	164	160
123	48	55	69	73	77	80	77	77	76	80	83	84	88	95	98	98	99	107	115	116	118	126	133	133	115	90	96	92	95	106	124	153	180	194	207	205	207	184	132	62	32	13	48	84	163	189	199	203	191	181	178	169	179	175	170	177	177	168	176	177	170	189	187	184	181	181	177	178	180	181	178	180	180	181	181	180	180	181	181	180	185	183	181	179	180	182	185	188	184	183	181	181	181	182	183	184	184	187	182	181	180	178	181	177	179	174	176	174	177	168	169	169	167	166	166	164	163	162	163	163	164	169	174	175	176	178	178	177	176	177	179	182	183	181	182	183	186	186	185	186	186	187	188	188	187	189	189	183	193	188	189	192	190	193	195	195	192	191	193	196	195	196	196	195	196	197	196	195	197	197	198	198	198	198	199	200	199	199	199	199	200	200	200	200	198	198	199	201	200	198	201	206	209	208	200	200	200	199	202	199	196	197	199	200	201	202	202	202	202	203	203	204	204	204	204	204	204	203	204	206	206	204	205	207	202	202	202	202	202	202	202	202	203	202	202	202	202	202	202	201	207	201	206	204	202	199	202	195	196	193	190	185	184	180	180	178	176	173	175	173	183	187	197	200	203	205	206	208	210	211	212	213	207	209	211	212	212	212	210	209	211	212	213	213	213	213	212	211	207	209	211	212	212	210	207	207	215	218	208	170	121	123	192	211	206	231	233	248	226	210	214	194	135	89	125	170	179	179	168	169	157	202	224	234	216	89	80	118	124	130	128	127	130	131	135	135	129	128	140	137	125	142	146	162	175	195	199	200	203	200	201	201	202	197	192	191	194	199	203	204	201	200	200	201	202	202	201	201	201	201	194	184	186	185	198	198	202	203	203	201	200	201	199	198	198	204	193	203	195	199	190	187	189	187	191	189	189	192	190	193	195	197	202	203	203	206	201	187	165	160	153	147	139	131	127	128	127	126	128	126	125	117	118	137	159	186	188	193	190	187	185	183	183	182	181	180	177	173	168	164	165	160	161	158	157	163	166	175	176	177	177	177	177	178	180	181	179	181	182	182	181	181	180	180	182	183	183	184	184	184	183	183	182	182	181	181	181	181	182	182	180	180	180	180	180	181	181	181	181	178	180	177	177	178	174	175	171	181	212	218	215	211	186	177	182	182	181	180	180	181	181	180	179	179	179	179	178	178	178	177	179	179	179	179	178	177	178	178	177	176	175	175	175	175	174	173	173	172	171	170	170	168	167	165	165	162	158	156	154	153	152	151	148	150	148	156	162	162	167	165	167	167	167	168	169	169	169	170	167	170	170	168	168	170	170	167	166	166	166	165	165	164	164	164	163	163	163	163	164	165	165	164	162	161	159	157	157	155	149	143	144	150	155	165	178	161	144	152	149	148	148	148	149	149	149	148	148	146	157	159	168	168	167	168	165	166	167	167	166	164	163	163	163	162	162	161	160	160	159	159	161	161	160	159	158	160	162	163	159	159	157	156	156	155	156	155	157	156	155	155	154	153	152	150	152	158	162	162	161	161	162	161
124	13	5	6	6	13	23	35	49	52	55	64	74	78	77	75	78	76	82	84	81	79	80	80	79	85	77	90	94	86	87	80	99	78	84	101	112	115	103	96	72	56	49	51	78	116	113	158	157	143	145	141	148	160	174	170	176	175	170	176	179	173	189	188	188	185	183	178	175	180	180	179	180	181	181	181	181	181	181	181	181	180	181	182	183	183	183	182	182	183	183	181	180	180	181	183	184	184	182	178	183	183	176	180	182	179	172	175	173	178	168	170	170	167	167	166	165	163	163	163	164	165	170	175	177	178	179	179	179	176	177	179	182	183	182	182	184	186	186	186	186	186	187	188	189	188	190	190	184	194	188	190	192	190	193	195	195	192	191	193	195	194	195	195	195	196	198	197	195	196	197	198	198	198	198	199	199	200	200	200	200	200	200	200	200	199	198	199	201	200	197	200	206	210	208	200	200	200	198	202	199	199	200	200	200	200	200	199	199	202	202	203	203	204	204	204	204	203	203	204	205	205	204	205	207	204	204	204	204	204	204	204	204	206	205	205	205	206	206	206	206	207	204	204	208	200	203	201	197	196	195	190	188	184	182	180	179	176	173	175	174	184	188	199	201	204	206	207	210	212	213	214	215	215	213	212	211	211	212	214	216	215	215	216	217	217	216	215	215	214	214	213	213	213	214	215	218	211	218	208	167	122	132	199	210	210	237	230	248	216	210	212	206	163	125	128	155	184	197	190	194	174	206	227	236	211	74	76	115	121	128	124	123	124	125	133	128	103	104	132	142	133	143	144	156	170	191	195	198	203	201	203	204	203	199	194	193	196	200	202	202	201	202	202	202	203	204	203	202	202	201	194	183	184	185	199	199	204	205	204	202	201	200	200	197	202	202	191	204	191	189	180	179	182	182	189	189	190	192	189	191	193	197	200	200	203	207	200	187	164	160	153	147	139	131	128	129	127	125	128	126	124	116	118	139	161	187	188	194	191	188	186	185	184	184	182	180	176	173	169	166	165	161	162	158	158	164	168	177	176	177	177	177	178	179	180	182	180	181	182	183	183	182	182	182	179	179	180	180	180	179	179	178	182	182	182	182	182	182	182	182	183	183	182	181	180	180	179	178	180	177	181	179	180	183	179	181	184	175	206	213	197	197	189	183	182	183	184	184	182	181	181	183	179	179	179	180	180	181	181	181	181	181	181	180	179	178	178	178	177	177	176	176	176	176	175	174	174	173	172	171	170	169	168	166	165	162	159	156	155	154	152	151	148	149	148	157	163	163	166	165	167	168	168	168	168	169	169	169	167	170	171	169	169	171	170	167	167	167	166	166	165	165	164	164	164	164	163	164	165	165	165	164	162	160	158	157	158	156	149	142	131	154	168	169	189	163	143	141	150	150	149	149	150	150	150	149	148	146	158	159	169	169	168	168	165	166	167	167	166	164	163	163	162	162	162	161	161	161	160	160	164	163	161	159	158	157	159	160	158	157	157	156	155	156	155	156	157	156	155	155	155	153	152	150	153	156	160	164	162	158	159	162
125	96	86	83	79	74	65	58	62	59	56	57	61	59	55	56	63	61	58	56	62	68	63	59	64	63	61	61	63	60	64	37	27	7	5	23	57	75	71	66	53	46	50	41	38	15	11	37	38	58	70	76	107	132	170	179	189	190	186	177	176	169	177	184	192	198	193	184	174	179	179	180	180	180	179	179	180	180	180	180	181	181	182	183	183	183	182	180	179	180	181	183	183	182	181	181	181	185	182	178	185	184	175	178	182	176	176	177	172	173	173	173	169	168	168	167	166	164	164	164	164	167	171	175	178	179	180	180	180	177	178	180	183	184	183	184	186	186	186	187	187	187	188	189	189	189	190	190	187	192	189	190	191	192	191	191	192	194	195	194	192	193	194	195	194	196	198	197	196	195	197	198	197	197	198	198	197	199	199	199	198	198	199	199	199	204	200	200	201	199	198	203	212	209	208	200	199	199	198	201	198	201	201	201	201	201	200	200	200	200	201	201	202	202	202	202	202	201	202	203	203	203	203	204	206	207	207	207	207	207	207	207	207	205	205	204	205	206	207	206	206	206	206	203	208	201	206	202	201	197	197	191	190	184	185	180	180	178	174	176	174	184	189	200	203	206	208	209	211	212	213	214	215	209	208	208	209	209	209	210	211	211	210	209	209	209	209	210	211	213	212	211	211	211	212	214	217	213	221	209	166	121	134	201	208	211	236	231	241	219	207	210	209	205	168	185	179	182	186	198	165	169	202	223	239	204	88	83	110	122	130	125	125	123	125	135	125	98	84	98	115	126	142	148	156	171	191	196	200	204	201	203	205	202	200	199	199	201	202	200	199	203	203	202	201	201	203	204	203	202	202	194	182	183	185	199	199	202	205	202	203	202	201	204	201	201	200	202	204	191	174	179	181	181	182	190	190	190	192	188	190	193	198	199	198	202	207	199	187	163	159	152	147	139	131	128	130	126	125	128	126	124	115	118	141	164	188	188	194	192	189	187	186	186	185	183	180	176	172	170	168	165	161	162	159	159	165	169	178	177	177	178	178	179	180	182	183	183	183	184	185	185	184	184	185	186	186	186	186	185	185	184	184	183	183	183	183	183	183	183	183	184	183	183	183	182	181	181	181	181	179	181	179	180	183	179	181	175	176	200	210	202	190	177	179	181	182	185	185	183	181	181	184	181	181	181	181	181	181	181	180	181	181	181	180	179	178	178	179	178	177	177	176	177	177	176	175	175	174	173	172	171	170	168	167	163	162	160	159	158	155	151	149	150	150	148	155	161	162	167	167	167	168	169	168	168	170	170	169	170	171	171	170	169	169	169	167	169	169	168	168	167	167	166	166	165	165	164	164	165	166	166	165	162	160	158	157	158	156	147	139	144	169	175	164	183	160	151	151	149	149	149	149	150	150	149	149	148	146	158	161	170	170	168	168	165	166	167	166	165	164	163	163	162	162	162	162	162	161	160	160	161	160	160	161	161	159	158	158	157	155	158	156	155	157	154	157	156	156	155	155	155	154	152	150	155	155	160	165	163	158	158	163
126	146	135	127	115	104	90	76	73	63	57	49	39	29	23	23	28	34	32	28	33	41	38	37	46	49	56	56	53	53	57	53	53	63	63	63	71	65	61	61	58	55	47	50	45	36	58	46	48	51	52	57	87	113	150	171	181	181	187	170	175	171	170	185	200	211	201	187	171	178	177	180	179	179	178	178	180	180	179	179	181	183	182	181	180	180	181	182	183	180	182	183	184	183	182	181	181	185	185	181	186	183	176	179	180	178	179	176	175	172	175	173	171	169	169	168	167	165	165	165	165	168	171	175	178	179	179	180	180	179	179	181	183	184	184	185	187	187	187	188	189	189	189	190	190	188	188	188	191	187	190	190	189	190	189	188	190	192	193	193	191	193	194	194	194	195	197	197	195	195	197	198	197	196	197	197	196	197	197	196	195	195	195	196	196	198	194	193	195	194	193	199	209	208	206	198	198	198	197	200	198	199	199	199	200	201	202	203	203	199	199	200	201	201	201	201	201	201	202	203	203	202	202	204	206	207	207	207	207	207	207	207	207	205	204	204	205	205	206	206	205	206	207	204	204	205	205	202	203	198	198	191	192	185	186	181	181	179	175	177	174	185	190	202	205	207	209	210	212	213	213	213	214	218	219	221	224	225	222	221	221	219	218	217	216	216	217	218	219	211	212	214	215	215	214	213	214	218	223	210	166	120	130	198	208	201	236	240	244	222	200	202	211	207	217	217	207	187	192	191	189	165	204	231	238	194	81	79	113	119	128	123	124	121	122	134	121	88	61	54	77	108	132	147	153	174	194	198	202	206	201	202	204	202	202	202	202	202	202	201	200	202	204	205	202	201	202	203	203	203	203	194	181	183	185	200	200	201	206	201	203	203	202	207	202	208	201	199	201	193	182	182	175	184	184	191	190	190	191	188	191	194	200	199	196	202	206	198	186	161	158	151	145	137	130	128	130	126	125	128	126	123	114	118	142	167	190	189	195	192	189	186	186	187	186	184	181	176	173	170	169	165	160	162	159	160	166	170	179	177	177	178	179	179	180	182	183	185	184	184	186	185	184	184	186	183	183	183	183	183	183	183	183	184	184	185	185	185	185	184	184	184	184	184	184	184	185	185	185	184	181	183	180	180	181	177	178	184	195	195	195	200	188	178	192	183	182	183	184	183	181	181	183	183	182	182	181	180	180	179	179	180	181	181	180	180	179	179	180	178	177	177	177	177	177	177	176	175	175	173	173	172	171	169	168	163	162	160	159	158	155	152	149	150	151	149	157	162	163	168	167	166	168	169	168	168	171	171	170	172	170	170	170	170	168	168	169	170	169	169	169	168	167	167	167	166	165	165	165	166	167	168	168	162	160	158	158	158	155	145	135	144	174	178	172	182	157	145	144	149	149	149	150	150	150	149	148	149	147	160	162	171	170	167	167	165	166	166	166	165	164	163	164	162	162	162	162	161	161	160	159	159	157	158	161	163	161	159	159	157	155	160	156	154	157	152	156	155	155	155	155	155	154	152	151	155	157	161	164	164	162	161	162
127	127	124	126	124	124	122	110	105	94	93	88	75	62	51	44	41	28	35	31	23	21	17	13	18	20	21	24	29	39	31	41	48	47	47	40	48	40	38	40	46	48	49	50	49	51	55	55	62	58	43	38	55	74	99	125	134	142	163	157	180	186	179	194	210	216	203	186	168	175	175	179	178	180	179	179	181	182	181	181	183	180	180	181	182	183	184	184	184	182	183	183	183	182	181	183	184	180	183	182	184	183	180	184	182	183	179	173	181	175	174	169	176	170	170	169	168	166	165	166	166	168	171	175	178	179	179	179	180	180	180	181	184	185	185	187	189	187	188	189	190	190	191	190	190	188	187	187	194	185	191	190	188	186	189	192	192	189	189	191	193	193	194	194	194	195	197	196	195	195	197	198	196	196	197	196	195	195	194	194	193	193	193	193	194	195	192	192	196	196	194	199	208	207	205	197	197	197	196	199	197	198	198	198	199	200	201	202	202	198	198	198	199	200	200	200	200	200	202	203	202	200	201	203	205	206	206	206	206	206	206	206	206	208	207	207	207	208	208	207	207	207	208	207	200	209	203	202	204	198	199	192	193	185	187	181	182	180	176	177	174	185	190	203	207	206	208	210	212	213	213	213	213	210	208	207	208	209	209	210	213	212	213	214	215	215	214	213	212	214	214	214	214	215	215	215	217	217	220	207	166	119	128	198	214	211	239	229	240	228	214	201	206	208	210	205	193	206	191	184	180	171	201	233	236	208	84	79	115	121	130	126	128	123	125	138	122	79	52	41	73	116	140	158	161	170	190	196	201	205	202	202	205	205	204	202	200	200	201	202	204	200	205	208	207	204	203	202	201	203	203	194	181	182	185	201	200	203	208	202	204	203	200	206	201	202	208	203	209	183	181	180	179	186	186	191	190	189	192	190	195	195	202	200	195	202	206	197	186	160	157	150	144	136	129	127	130	126	125	128	126	123	113	118	143	169	191	189	196	192	189	186	185	187	187	185	182	177	173	170	169	164	160	161	159	160	166	170	180	178	178	179	180	180	182	183	185	187	186	186	187	186	184	184	187	186	185	185	185	185	186	186	187	185	185	186	187	187	186	185	185	188	188	187	186	185	185	184	184	184	181	184	182	182	184	181	182	178	186	196	203	196	186	182	175	185	182	181	183	183	181	181	182	179	179	179	180	181	181	182	182	179	180	180	180	180	180	180	181	178	178	177	177	178	178	177	177	176	175	174	173	172	171	169	168	165	163	159	157	156	154	153	151	149	151	151	160	165	165	168	165	166	168	168	168	169	171	172	171	171	168	168	170	170	168	168	171	169	169	169	168	167	167	167	166	167	166	165	165	167	169	170	171	163	161	159	158	158	154	143	132	158	184	179	177	177	157	146	153	150	150	151	152	153	152	151	149	149	148	160	163	172	170	167	166	166	166	166	165	164	164	164	164	163	163	163	162	161	160	158	158	164	160	158	159	161	159	158	158	157	155	161	156	154	157	151	155	155	155	155	155	155	154	152	151	154	160	164	163	163	165	165	161
128	95	106	116	120	125	134	140	142	140	145	143	137	137	141	139	131	125	112	107	101	88	83	80	69	68	55	43	38	34	34	42	53	47	53	47	38	41	45	42	42	46	47	47	42	55	49	49	49	41	42	37	43	55	77	84	106	112	121	145	162	179	171	207	225	221	221	201	170	173	175	181	173	177	174	184	178	177	187	175	178	182	182	181	181	181	182	183	183	185	181	185	184	185	185	182	185	184	184	184	185	185	185	184	183	180	181	177	180	175	178	172	173	172	168	167	169	169	166	165	167	171	171	177	177	179	182	180	182	182	185	180	187	188	184	191	189	187	188	189	189	189	190	190	191	195	194	192	191	191	192	194	195	196	195	194	193	194	194	195	195	197	197	196	196	195	194	194	193	193	193	193	193	193	193	193	193	193	192	192	194	194	192	191	193	194	194	193	191	194	189	203	206	209	204	198	194	194	196	198	198	195	196	197	199	199	200	200	200	198	201	197	203	204	198	203	201	203	203	203	203	203	204	205	206	206	206	206	206	206	205	205	205	206	207	208	208	206	205	205	205	206	205	205	204	205	204	204	203	200	191	190	189	188	179	186	177	179	179	175	174	182	194	202	203	207	209	211	212	213	214	215	216	212	215	215	213	212	214	212	211	208	212	210	212	218	214	210	216	213	213	214	214	214	215	217	220	216	223	208	166	107	126	202	214	208	242	229	248	224	203	208	204	203	211	199	203	191	197	189	183	166	207	232	238	202	78	81	112	123	125	129	131	130	127	143	118	77	35	40	71	106	135	148	167	172	189	195	201	204	202	205	204	201	202	203	203	202	202	202	202	205	205	206	205	204	203	203	204	203	203	192	184	181	186	199	201	204	203	202	202	202	203	203	203	204	204	199	203	186	190	176	183	181	181	188	190	194	190	195	196	197	197	197	197	197	209	197	184	160	152	150	145	136	129	128	128	126	121	125	127	121	114	117	141	168	195	187	197	187	190	187	189	184	183	181	177	178	167	169	162	161	158	157	158	157	168	168	177	180	180	179	180	181	182	183	183	185	185	184	184	182	182	183	183	187	185	184	184	186	186	185	183	185	186	186	186	186	187	187	187	187	186	186	185	184	183	182	182	186	180	183	186	182	181	184	182	179	186	191	194	191	181	177	182	180	182	178	178	183	178	173	182	179	179	179	179	180	180	180	179	177	177	177	177	178	177	176	175	177	175	173	173	175	176	174	173	177	176	174	173	171	170	169	168	165	162	159	157	156	154	152	151	148	149	153	159	163	165	166	168	168	169	170	171	172	172	172	172	172	171	171	171	171	171	170	169	169	169	170	170	170	169	167	167	166	167	167	167	169	171	170	168	169	156	159	163	154	157	138	132	163	187	189	182	176	154	146	153	150	151	152	152	151	150	150	149	149	149	162	166	166	169	167	168	170	165	166	164	167	169	163	162	165	163	162	163	163	161	160	162	161	160	158	158	157	157	156	156	156	158	155	157	157	154	157	154	154	154	154	154	154	153	151	150	154	160	166	167	165	164	163	162
129	122	119	119	122	122	123	130	139	145	148	150	151	154	159	160	158	162	159	150	141	132	119	105	98	85	73	63	53	36	17	10	14	8	13	16	17	21	24	26	29	30	36	45	41	45	38	41	45	43	48	46	45	47	60	59	71	78	76	74	85	109	112	128	145	164	168	174	181	187	179	179	180	183	179	186	176	176	179	180	188	183	183	183	183	183	183	184	184	187	182	184	183	183	185	183	188	186	186	186	186	186	186	185	183	182	181	180	178	178	176	175	173	171	171	170	168	168	168	168	166	172	172	178	178	180	183	181	184	182	184	181	187	188	185	190	189	193	194	194	195	195	195	196	196	192	193	193	194	195	194	194	193	196	195	194	195	195	196	196	196	195	195	196	196	197	198	198	198	200	200	199	198	197	196	196	196	194	193	194	195	195	194	193	194	195	195	195	192	195	191	203	207	209	204	198	195	195	196	197	197	195	196	197	198	199	199	199	199	200	202	198	203	204	199	203	201	204	203	203	203	204	205	205	206	205	205	205	205	206	206	206	207	206	207	208	208	207	206	207	207	207	208	203	208	202	207	202	203	202	194	192	190	188	179	184	175	177	180	180	177	180	190	200	205	204	206	208	209	210	210	211	212	212	214	215	213	213	214	213	212	210	213	211	213	217	214	211	216	214	215	216	217	216	215	214	216	214	225	203	172	100	131	206	217	212	236	234	245	229	200	206	205	207	211	199	205	194	196	188	185	169	199	226	241	205	70	71	113	125	128	129	128	130	128	142	123	97	81	94	105	119	141	149	158	175	191	196	201	203	200	202	201	203	202	202	201	200	201	203	205	205	205	205	205	204	203	203	204	202	202	191	183	180	185	198	200	206	205	204	204	204	205	205	205	203	203	200	194	186	192	187	190	191	190	195	194	197	190	193	194	198	197	197	198	197	209	197	183	162	154	151	146	135	127	126	125	125	120	125	126	122	114	117	143	169	196	189	198	188	190	186	187	185	184	181	177	177	167	169	163	161	158	157	158	156	168	169	177	180	179	178	179	179	181	182	183	185	185	184	184	183	183	183	183	186	185	184	185	186	187	186	185	185	186	186	186	186	186	186	186	186	186	186	185	184	184	183	183	185	181	182	184	182	180	181	181	178	185	191	194	191	181	177	182	180	179	180	180	178	179	180	178	179	178	177	178	178	178	177	177	178	178	177	178	178	177	176	175	177	175	174	174	175	175	175	174	177	176	174	173	172	171	170	168	166	163	160	157	156	154	152	150	148	150	154	160	164	165	167	168	169	169	170	171	171	172	172	172	172	171	171	171	171	171	170	170	167	168	169	169	170	170	170	170	169	169	167	166	169	173	174	174	166	157	159	165	156	157	131	126	173	200	194	182	167	150	147	154	151	152	153	152	151	150	149	149	150	151	163	167	166	168	166	167	167	164	166	165	166	169	164	165	165	162	161	162	160	158	158	159	160	159	158	158	158	158	157	156	156	158	155	157	156	153	156	153	155	154	154	154	153	153	151	150	152	158	164	166	165	165	165	164
130	139	132	127	125	119	112	109	111	104	104	105	107	107	107	107	109	105	113	112	115	128	129	123	128	128	121	115	115	114	105	90	79	74	66	62	61	55	50	49	48	47	38	36	33	39	41	45	40	40	48	49	42	38	43	36	38	43	36	15	7	17	27	32	57	88	110	141	178	202	217	200	178	179	172	176	176	186	180	180	178	183	184	184	185	185	185	185	185	188	184	186	184	184	186	184	188	188	187	187	187	187	187	185	184	184	181	183	176	181	175	178	174	171	173	172	167	167	170	170	166	171	172	178	179	181	184	182	185	182	184	182	187	188	186	190	189	187	188	189	189	189	189	190	191	191	192	194	195	196	196	195	194	196	196	196	196	197	198	198	197	197	197	198	198	198	198	198	198	198	198	198	198	198	198	198	198	196	195	195	197	197	196	195	196	195	196	196	194	197	192	204	207	209	205	200	197	196	197	196	196	199	200	200	201	202	203	203	203	200	201	199	203	203	200	202	201	202	202	202	202	203	203	204	204	203	203	204	205	205	206	207	207	206	207	207	207	207	207	208	209	208	211	203	211	201	209	201	204	202	196	193	192	190	182	185	177	178	180	180	178	180	189	199	203	209	210	212	213	214	214	215	215	212	214	214	214	214	215	213	213	215	217	215	216	219	217	215	218	214	214	215	216	216	216	216	218	216	230	200	179	89	133	207	216	218	233	245	245	237	202	208	210	211	211	199	207	196	194	188	187	174	201	231	246	210	70	71	115	125	132	129	127	131	129	138	127	123	120	131	125	123	138	147	156	173	190	195	201	203	201	203	201	202	202	201	201	201	201	203	205	205	205	205	205	204	203	203	204	203	202	191	183	179	184	198	201	202	202	201	201	201	202	202	201	202	200	202	188	189	194	196	196	196	194	198	196	199	193	197	197	198	198	198	198	197	209	196	182	159	151	150	145	135	128	127	127	125	122	125	126	122	113	116	144	171	197	191	198	189	190	186	185	185	184	181	176	177	167	170	163	160	158	157	158	156	168	169	178	180	179	178	178	178	181	182	183	184	184	185	185	183	184	184	184	185	185	184	185	187	188	188	187	186	186	187	186	186	186	186	186	186	186	185	185	185	184	184	184	183	184	182	182	183	180	179	181	178	185	190	193	191	182	177	180	180	177	182	181	174	181	186	176	180	179	179	178	179	178	178	177	179	179	178	178	178	177	176	175	176	176	176	175	175	175	175	175	176	175	175	174	173	172	170	169	166	164	160	158	156	154	152	150	149	151	155	161	165	166	168	169	169	170	170	170	171	172	172	173	172	171	171	171	172	172	171	171	170	170	170	170	170	169	169	169	169	169	167	167	170	175	177	177	165	160	157	165	157	157	125	123	169	208	198	187	163	150	149	151	153	153	153	152	150	149	149	149	151	152	164	167	166	168	166	166	169	167	169	166	164	165	161	163	164	162	161	160	159	158	158	159	159	159	159	159	159	158	157	156	156	158	155	156	155	152	155	152	155	154	154	153	153	152	151	150	159	165	169	169	167	165	164	163
131	140	140	136	129	125	123	115	106	105	105	104	101	97	94	93	93	89	94	96	103	118	128	134	142	151	165	174	172	171	176	177	172	157	142	132	124	111	101	92	80	74	63	56	43	30	27	32	31	32	35	40	39	40	46	42	44	44	52	60	62	66	74	69	84	90	84	93	122	128	153	170	193	187	185	185	189	188	180	184	186	184	185	185	186	186	186	186	186	186	184	189	187	187	189	185	187	187	187	187	187	187	187	185	184	184	182	182	177	179	175	177	175	173	173	171	168	168	170	170	168	171	171	178	180	182	185	183	185	183	183	184	187	188	187	189	189	194	195	196	196	196	197	197	198	193	193	193	194	195	196	197	197	196	196	196	197	198	198	197	197	198	198	198	198	198	197	197	197	194	194	195	195	196	197	197	197	197	197	197	197	198	197	197	198	196	197	198	196	199	193	205	207	210	206	202	199	199	199	198	197	197	197	198	198	199	200	200	200	200	201	200	202	202	200	201	200	203	203	203	203	203	204	204	204	203	203	204	204	205	206	206	207	208	208	207	207	207	208	209	209	208	210	203	210	202	208	202	204	197	195	190	190	189	183	185	179	180	178	175	176	182	192	198	199	206	207	209	210	211	212	212	213	212	213	214	214	214	214	213	213	213	213	213	213	215	214	214	216	216	214	213	212	214	216	218	222	217	230	199	180	80	134	210	217	216	229	247	241	234	205	206	210	211	212	201	206	197	195	190	187	169	201	233	236	201	70	70	107	121	133	130	128	134	131	132	127	134	126	130	127	124	131	142	160	172	188	194	200	203	201	203	202	201	202	203	203	202	202	202	202	204	205	205	204	203	203	203	203	204	203	192	184	180	184	198	203	205	205	204	204	204	204	204	203	201	198	201	192	194	197	196	196	196	194	197	196	200	195	199	200	197	197	198	198	197	209	196	182	156	150	149	145	135	128	128	128	126	124	126	126	122	112	114	145	173	198	193	197	190	190	188	185	186	186	182	176	177	168	171	164	160	159	157	157	156	169	170	178	181	179	178	178	179	181	183	184	184	184	185	186	185	185	185	184	184	183	185	186	187	188	188	187	186	186	186	187	186	186	186	186	185	185	185	185	185	185	185	185	182	186	182	181	185	182	179	183	180	186	190	193	191	183	177	179	180	178	181	181	177	180	183	178	181	180	179	179	179	179	178	178	179	178	177	177	177	176	175	175	175	176	176	176	175	174	174	175	175	174	174	174	174	172	170	169	166	164	160	158	156	155	153	151	150	152	156	162	166	168	169	170	170	170	170	170	171	172	173	173	172	172	171	172	172	173	172	172	173	172	171	171	170	169	169	169	167	167	168	168	171	175	176	175	167	163	156	163	156	156	123	126	168	211	200	188	158	151	152	150	153	153	152	152	151	149	149	151	151	153	165	167	165	169	166	166	170	167	169	165	163	164	160	162	164	162	161	160	160	160	160	161	158	158	159	159	159	159	157	156	155	157	154	156	155	152	154	152	155	154	153	153	152	152	151	150	153	159	165	166	166	166	166	165
132	143	143	140	137	140	145	145	140	143	147	147	143	141	142	143	141	136	129	127	124	118	118	121	118	121	130	135	132	131	135	139	140	134	130	129	129	124	124	121	111	102	94	87	76	56	46	41	35	29	22	27	29	33	35	33	36	37	28	39	35	33	37	34	30	23	3	0	6	10	62	116	174	204	199	186	187	182	183	186	189	185	185	186	187	187	187	187	186	187	186	190	188	188	190	186	187	187	187	187	187	188	187	186	185	184	184	180	181	177	179	175	176	175	172	170	170	170	168	168	170	170	171	178	180	182	185	183	185	184	183	185	187	189	189	188	190	189	190	191	191	191	191	192	193	193	193	193	194	194	196	197	197	197	196	196	196	197	196	196	195	195	195	195	196	197	198	198	198	198	198	197	197	197	196	196	196	197	198	198	198	198	199	199	199	197	198	199	197	200	194	206	208	210	207	204	202	202	203	202	201	200	201	201	201	202	202	203	203	202	202	204	203	203	204	202	202	200	200	200	201	201	201	201	201	206	206	206	206	207	207	207	207	209	209	208	207	207	208	208	208	208	207	206	206	205	205	204	203	201	202	193	193	192	188	186	182	178	175	173	174	182	191	197	199	202	204	206	208	209	210	211	212	213	213	214	214	214	213	212	213	214	213	214	214	214	216	217	216	219	217	214	212	213	214	216	218	215	223	199	173	76	138	215	221	215	233	248	242	231	215	209	212	208	213	204	203	197	196	193	185	169	200	234	227	196	70	70	104	119	132	130	128	133	132	128	129	130	124	127	131	130	130	140	159	174	190	195	199	201	199	201	199	202	203	203	203	202	201	201	201	204	205	205	204	203	203	203	203	203	202	191	184	180	183	197	203	206	205	205	205	205	205	204	203	201	196	196	197	196	198	193	198	199	196	198	196	199	193	197	197	196	196	197	198	197	210	197	183	158	151	150	145	133	126	125	126	126	126	126	126	123	111	114	148	175	199	193	194	190	190	191	187	187	187	183	176	177	169	171	164	160	160	158	157	156	170	171	179	182	181	180	180	181	183	185	186	185	185	186	187	186	186	186	185	185	184	184	186	187	187	187	186	186	186	186	187	187	187	187	187	185	185	185	185	185	185	185	185	183	187	184	182	186	185	182	185	182	188	191	192	191	184	178	179	180	182	179	179	183	179	176	182	179	178	178	178	178	178	178	177	178	177	176	176	176	176	176	175	175	175	176	176	174	174	173	174	174	173	173	173	173	172	170	168	165	163	160	158	157	155	154	152	151	152	157	163	167	168	169	171	171	171	170	170	171	172	173	173	173	172	172	172	173	173	173	173	171	171	171	171	171	172	172	172	168	168	168	168	171	174	175	173	168	162	157	163	158	156	126	130	174	209	195	179	149	149	154	154	153	152	152	152	151	149	150	152	151	154	166	167	166	169	167	166	168	164	166	163	164	167	163	165	163	163	161	160	160	160	161	161	158	158	158	159	159	159	157	156	154	156	153	155	155	152	155	152	155	154	153	152	152	152	151	150	159	164	169	170	168	168	167	167
133	148	142	141	145	149	149	150	154	148	152	153	149	149	154	155	152	154	146	148	144	128	123	121	111	103	90	83	89	94	90	85	85	89	95	104	107	111	122	132	136	147	142	138	142	139	139	130	123	122	104	102	94	88	76	68	64	56	42	50	47	40	42	46	34	43	40	37	39	34	69	84	108	165	179	191	193	189	189	185	184	186	187	187	187	188	188	188	188	191	189	191	187	187	191	188	190	187	187	187	188	189	189	188	187	185	186	180	183	176	181	175	176	176	171	170	172	172	168	168	171	171	171	179	180	182	186	183	185	183	180	185	186	187	188	185	188	188	189	190	190	190	190	191	192	191	192	193	195	196	196	195	194	197	196	195	195	195	195	194	194	195	195	195	196	196	196	197	197	198	198	198	199	199	199	199	199	197	198	198	198	198	200	200	200	198	199	200	198	201	195	207	209	211	208	205	204	205	206	206	205	208	208	208	208	208	209	210	210	206	205	209	206	206	209	206	206	212	212	212	213	213	213	213	213	210	210	210	210	210	210	210	210	211	210	209	209	209	208	208	207	210	209	209	207	209	207	207	206	194	197	185	184	181	178	173	171	173	174	175	175	178	186	196	203	204	206	208	210	211	213	214	215	214	214	214	215	215	213	212	213	216	214	216	217	215	218	221	217	217	215	214	215	216	217	216	217	218	222	202	166	72	142	213	222	215	237	245	244	229	220	212	213	207	212	206	202	198	197	194	184	176	197	231	226	197	66	66	106	119	130	128	127	129	131	127	132	128	132	134	132	130	129	141	158	172	188	193	197	200	199	202	202	206	204	202	199	198	199	201	203	204	204	204	204	203	202	202	203	200	200	190	184	179	181	194	201	204	203	203	203	203	202	201	200	202	193	193	197	196	198	193	201	200	196	198	196	200	194	197	197	196	196	197	198	198	210	197	183	156	150	149	144	133	125	126	127	123	125	125	125	124	111	114	153	177	200	194	193	191	190	193	188	186	188	184	177	177	170	172	163	161	160	158	157	156	171	173	180	183	182	182	182	183	185	187	188	187	187	187	188	186	186	187	187	186	186	186	186	187	187	187	187	186	186	186	187	188	188	188	189	185	185	185	186	186	186	186	186	183	186	185	183	185	186	185	185	183	189	191	191	191	185	179	179	181	184	178	179	185	179	174	183	180	179	179	179	179	179	179	178	178	177	176	176	176	176	176	176	175	175	175	175	175	174	173	172	174	173	173	172	172	171	169	168	164	162	159	157	156	155	154	152	151	153	158	164	168	169	170	171	171	171	171	171	172	172	173	173	174	173	173	173	174	174	173	173	173	173	172	172	172	172	171	171	172	171	169	168	170	174	175	175	167	159	161	164	161	155	132	134	166	190	183	168	147	152	153	153	153	151	152	153	153	150	150	153	152	155	167	167	166	170	168	165	168	164	165	163	164	167	163	164	163	163	162	159	158	159	159	158	158	158	158	158	158	158	156	155	154	156	153	155	155	152	155	152	154	153	152	151	152	152	151	151	157	162	167	167	165	164	163	162
134	145	142	144	148	148	143	141	144	147	147	145	144	145	145	145	144	142	142	143	141	135	130	128	125	126	122	120	121	116	107	106	112	108	112	112	111	114	118	127	136	137	147	150	157	156	162	163	172	164	146	142	128	118	106	100	92	81	69	51	37	10	2	4	1	9	12	27	38	27	24	12	35	90	137	201	199	197	187	190	193	188	188	188	188	189	189	189	190	191	190	193	188	188	192	189	190	189	189	189	189	190	189	188	187	186	185	183	183	180	180	177	176	175	174	172	172	172	171	170	170	172	172	180	181	183	186	183	185	183	180	186	186	187	189	184	189	188	189	189	190	190	190	191	191	191	191	192	194	194	194	194	194	196	195	194	194	194	195	195	194	197	196	196	196	196	196	196	196	196	197	197	198	200	201	201	202	198	199	199	198	199	201	202	201	200	201	201	199	202	196	208	210	210	207	204	204	205	206	206	205	205	205	205	205	205	205	206	206	208	207	212	208	209	213	209	210	208	208	209	209	209	209	209	208	212	212	212	212	212	212	212	212	213	212	211	210	211	210	209	207	210	210	207	209	206	208	205	205	199	204	189	188	185	184	178	178	174	174	174	175	178	185	196	204	203	204	207	208	210	211	212	212	215	214	215	216	216	215	213	215	213	211	214	215	211	215	218	213	216	215	214	216	218	219	219	219	223	224	205	162	68	148	207	222	213	232	236	239	226	214	209	208	209	211	206	204	201	195	193	184	175	189	224	219	193	59	57	99	118	127	129	129	127	132	127	132	131	138	137	132	129	128	141	158	169	185	190	195	200	200	205	206	206	204	201	198	197	199	202	205	204	204	204	204	203	202	202	203	199	198	189	184	179	180	193	200	206	206	205	205	205	205	203	202	200	191	195	193	199	198	197	199	198	194	197	196	201	196	199	198	196	196	198	199	198	210	196	182	153	147	147	143	133	126	127	129	121	124	124	123	124	110	113	154	177	200	196	192	193	191	194	188	186	188	185	178	178	170	172	163	161	161	159	157	156	172	174	181	184	183	183	184	184	186	188	188	189	189	189	189	187	187	187	188	188	188	188	187	186	188	188	188	187	188	188	188	188	188	189	189	186	186	186	186	186	186	186	186	184	184	185	185	183	185	186	183	183	188	189	189	190	186	180	180	181	181	180	180	181	180	179	181	182	181	181	181	181	181	180	179	180	179	178	177	177	177	176	176	176	175	175	175	176	175	173	172	175	174	173	172	172	171	170	168	164	162	159	157	156	155	153	151	151	153	158	165	169	169	170	171	171	171	171	172	172	173	173	173	175	174	174	174	174	174	173	173	175	175	174	174	173	171	170	169	173	172	170	169	171	174	175	174	169	155	164	163	161	152	139	140	158	167	172	159	150	156	152	153	154	152	152	154	153	150	149	152	153	156	168	167	165	170	167	164	169	166	167	164	162	164	161	163	161	162	161	159	158	159	159	157	159	158	157	157	157	156	156	155	155	157	153	156	155	152	155	152	153	152	151	151	151	152	152	151	158	165	171	173	174	176	178	178
135	139	144	146	143	143	146	147	145	147	142	141	144	146	143	143	146	141	147	142	138	143	142	141	150	143	148	148	144	145	150	151	148	149	146	140	140	140	128	119	124	120	126	121	128	130	134	124	126	130	118	123	114	115	118	125	121	120	130	119	132	115	108	96	92	81	80	79	69	64	67	39	38	62	99	172	168	195	194	197	186	190	189	189	189	189	190	191	191	189	190	194	191	191	194	189	188	191	191	190	190	191	190	189	187	187	185	187	181	185	178	180	176	174	176	175	172	171	174	173	169	173	173	181	182	184	187	183	186	183	179	187	186	187	190	184	189	187	188	189	189	189	189	190	191	192	191	190	189	190	191	193	194	195	194	193	192	193	194	194	194	193	193	194	195	197	198	199	199	198	199	199	199	199	199	199	199	199	200	200	199	199	202	203	202	201	202	202	200	203	197	209	212	211	208	205	204	205	206	206	205	207	206	206	206	206	206	207	208	209	207	214	209	209	215	209	211	211	212	213	213	213	213	212	212	211	212	212	212	212	212	212	212	213	212	212	212	212	212	210	208	205	208	200	207	198	205	197	200	192	199	183	183	182	183	177	178	178	174	170	173	180	189	197	201	205	207	209	210	211	212	213	213	215	214	215	217	217	216	215	217	219	216	220	221	216	219	223	216	222	219	216	215	217	218	218	220	223	223	205	161	65	155	205	226	219	235	236	242	233	213	212	211	211	210	206	206	204	193	191	185	176	192	226	217	192	62	58	96	115	124	130	134	129	134	127	130	131	135	133	137	138	130	140	157	171	186	190	195	199	199	204	205	204	203	202	200	199	200	202	203	204	204	204	204	203	202	202	202	199	199	190	185	180	180	193	200	203	203	202	203	202	202	200	199	198	191	201	190	203	198	200	194	198	195	197	196	200	195	197	196	197	197	198	199	198	209	196	181	155	149	149	144	132	124	125	127	121	125	123	122	123	109	111	153	177	200	197	193	194	191	194	187	186	188	186	178	178	171	172	163	161	162	160	158	157	173	175	182	184	183	183	184	185	187	188	189	190	190	189	189	187	187	188	188	189	189	189	188	188	187	187	189	189	189	188	188	188	188	188	188	186	186	186	186	186	186	185	185	185	183	185	185	180	183	186	180	182	187	187	187	189	186	181	181	181	178	183	182	176	181	186	177	182	181	180	180	180	179	178	177	182	181	179	178	178	177	177	176	177	176	175	176	177	177	174	171	177	175	174	173	172	171	170	169	165	162	159	157	156	154	152	150	151	153	158	165	169	169	170	171	170	171	172	172	173	173	172	172	176	175	174	174	174	174	173	173	172	173	173	174	174	173	172	172	170	171	171	171	173	174	173	170	172	154	165	159	158	149	145	145	166	162	167	152	149	158	153	157	154	152	153	155	154	149	148	151	154	157	169	168	165	170	167	163	165	164	168	164	162	164	162	167	160	161	161	159	159	161	160	159	159	158	157	156	156	156	155	154	155	158	154	156	155	152	154	151	152	152	151	151	151	152	152	152	158	163	166	166	163	161	161	160
136	141	140	139	139	138	139	139	140	142	141	142	144	144	142	142	143	142	143	144	145	145	145	145	145	147	150	151	150	150	152	152	150	154	150	157	146	149	132	129	121	121	121	122	122	124	124	124	124	122	122	122	122	124	128	132	135	145	150	167	163	173	177	173	167	146	133	130	112	104	101	75	66	59	35	80	99	167	186	195	204	198	193	191	194	195	192	191	192	192	191	193	194	191	202	191	194	193	193	192	193	193	193	192	191	191	190	188	186	184	183	180	178	178	177	168	172	173	169	173	168	175	176	181	187	187	184	184	187	185	184	184	186	187	186	186	189	187	188	189	190	191	191	191	191	191	194	195	195	192	191	192	193	193	193	195	195	196	196	197	198	197	199	195	199	194	199	197	200	200	200	199	199	199	199	200	200	200	198	202	198	204	200	204	203	201	203	200	204	204	202	210	212	210	209	208	206	206	207	208	209	208	209	209	210	210	210	210	210	206	209	210	210	212	214	214	212	214	213	213	214	213	211	211	213	214	215	215	214	212	211	212	213	212	210	211	213	213	210	210	211	210	215	199	212	202	207	203	201	195	192	188	185	183	181	177	175	175	172	177	170	181	191	199	201	205	208	210	210	211	213	214	213	217	217	218	218	218	218	216	215	217	218	219	219	219	219	220	221	220	220	220	220	220	220	222	225	227	224	204	159	66	157	202	231	217	233	235	240	235	211	209	213	212	209	209	201	203	196	193	186	176	192	227	216	187	59	58	95	111	127	128	127	134	133	133	132	134	135	138	136	136	134	137	156	172	188	193	198	201	201	205	206	205	205	203	202	202	202	202	202	202	203	204	204	204	203	201	201	199	196	187	184	181	180	192	199	203	203	203	203	203	202	200	198	196	198	201	194	201	202	201	192	199	196	198	194	199	196	200	198	198	196	200	196	200	209	197	179	155	146	151	139	132	125	127	130	125	121	125	127	120	106	114	153	183	203	193	195	191	190	190	187	188	182	184	182	178	169	175	164	161	157	160	157	160	168	174	183	185	185	185	185	186	188	189	189	188	188	191	190	186	189	191	188	187	190	190	187	186	189	190	188	191	191	190	189	187	187	189	190	184	187	188	185	183	183	184	185	182	184	180	185	180	185	182	184	181	184	186	187	185	183	181	180	183	178	181	183	179	181	184	179	182	182	181	181	181	181	180	179	173	178	173	178	178	173	177	172	178	176	175	176	178	178	176	173	174	173	173	172	172	170	169	167	164	162	159	156	155	153	152	151	151	153	156	172	166	169	173	169	172	173	169	172	172	171	175	172	173	174	174	174	174	173	174	174	174	175	176	176	176	174	172	171	169	171	168	174	170	176	172	174	168	159	163	159	160	149	143	144	153	157	158	155	155	156	155	152	154	150	156	149	153	150	151	153	156	160	168	166	170	165	167	164	168	165	163	164	164	162	162	163	160	160	160	160	159	159	158	158	157	161	155	158	157	153	159	156	156	156	155	154	152	151	151	151	150	150	150	150	151	152	153	154	158	157	153	148	147	145	135	124
137	142	142	141	141	141	141	142	142	142	140	141	142	142	141	141	142	142	143	144	144	144	143	144	144	144	146	146	145	146	147	147	146	146	145	145	141	143	139	139	138	140	139	139	141	143	144	144	144	142	144	146	147	146	144	142	141	141	137	145	137	141	140	136	135	138	125	125	116	116	122	114	119	106	87	107	113	152	173	180	189	189	191	190	187	185	187	191	195	195	192	197	195	193	198	195	201	198	197	196	196	195	194	192	191	193	192	190	188	186	184	182	180	178	180	174	176	173	168	174	174	174	177	179	180	181	184	188	190	185	184	184	187	188	188	189	191	189	190	190	191	192	192	192	193	194	192	191	193	195	196	194	192	194	194	195	196	196	197	198	199	199	198	199	197	199	198	200	200	200	200	201	201	201	201	201	201	200	201	200	201	201	202	201	202	201	203	200	203	202	200	207	209	212	211	209	207	206	206	206	206	209	209	210	210	210	211	211	211	209	212	213	213	213	213	211	209	211	211	211	213	213	212	213	215	212	212	213	212	211	210	211	212	212	210	210	210	209	206	204	205	208	212	201	210	203	205	203	201	196	193	189	186	184	182	178	176	175	173	178	171	181	191	199	202	205	209	211	211	212	214	215	214	217	218	219	220	221	222	220	220	218	219	219	219	219	219	219	220	220	220	220	219	219	219	220	223	223	225	205	155	69	158	206	228	215	231	233	240	234	212	211	215	211	209	208	202	202	197	193	187	176	191	224	219	193	59	56	98	110	126	127	127	134	133	133	132	135	136	138	136	136	134	136	155	172	188	193	198	202	201	204	204	205	204	203	202	202	202	202	202	203	203	203	203	203	202	202	202	199	197	187	184	180	180	192	199	205	203	201	200	200	201	201	201	197	199	203	195	197	196	201	199	200	197	197	196	198	196	198	197	199	196	199	196	200	208	197	180	149	143	151	141	134	125	124	124	124	123	125	126	121	106	112	154	184	204	194	196	192	191	191	188	188	184	184	181	177	169	174	163	162	159	159	159	160	170	174	183	184	184	184	185	186	188	189	190	189	189	191	190	185	188	191	188	189	189	189	189	188	188	189	190	188	191	192	192	190	189	188	188	188	189	189	186	183	183	183	183	184	183	184	183	184	182	183	182	182	184	187	187	186	183	182	181	182	180	180	181	180	181	181	179	180	179	178	178	178	178	177	177	183	184	177	177	176	173	179	177	172	171	171	172	173	174	172	171	174	173	173	172	172	170	169	167	163	161	158	156	154	153	152	151	153	155	156	170	164	168	173	171	171	173	170	172	173	171	175	172	174	174	175	175	174	174	175	175	175	176	176	177	176	175	174	173	171	173	170	175	171	176	172	173	172	162	167	162	163	152	146	147	154	157	158	155	154	155	154	150	155	153	155	153	150	153	149	152	156	160	168	166	169	165	167	164	167	165	163	164	164	162	161	162	161	161	160	159	159	158	158	157	158	161	156	159	158	155	160	158	154	155	155	155	154	152	152	152	150	150	151	149	147	146	146	147	139	138	136	133	127	122	120	120
138	141	141	141	141	142	142	142	142	142	141	141	142	142	141	141	143	143	143	144	143	143	142	143	144	144	145	145	144	144	146	146	146	150	150	146	147	146	150	152	153	148	147	145	145	146	147	147	147	148	148	149	149	148	147	146	146	139	131	133	127	128	123	121	124	126	118	124	125	129	135	133	143	155	158	163	155	151	159	164	174	162	170	176	177	181	189	196	197	198	196	201	201	200	198	191	192	193	193	193	193	193	193	192	191	192	190	188	186	184	182	180	179	175	177	173	174	171	166	171	172	171	178	182	182	182	186	185	182	183	183	184	187	188	189	191	193	191	192	192	192	192	193	193	194	193	192	191	193	196	197	196	194	195	196	197	197	197	198	199	200	201	199	202	197	203	198	203	201	201	202	202	203	203	203	203	203	203	205	201	206	200	205	201	203	203	204	202	204	203	200	207	208	208	208	207	207	207	207	208	208	209	210	210	210	211	211	212	213	211	212	213	212	212	213	213	212	213	212	213	214	213	211	212	213	218	219	219	218	218	218	218	219	218	217	216	217	216	214	213	214	207	210	205	208	205	203	204	201	197	194	190	187	185	183	179	177	176	173	178	172	182	191	199	202	206	209	212	213	214	215	215	215	214	214	215	217	218	219	218	218	219	220	220	220	219	219	220	220	222	222	222	221	220	220	220	223	221	226	205	148	74	157	212	228	218	233	234	241	231	211	210	212	210	210	206	205	200	199	193	188	181	194	223	224	200	56	50	98	110	125	127	128	135	134	134	133	135	136	139	136	136	132	135	155	172	188	193	199	202	200	203	203	205	204	203	202	202	202	202	202	204	203	203	202	202	202	202	203	200	197	187	183	180	180	193	199	204	202	200	199	199	200	201	202	199	198	201	196	198	195	200	201	200	199	196	198	196	198	196	197	200	195	198	197	201	207	196	181	152	145	151	139	132	125	126	128	123	125	125	124	122	105	110	156	184	204	194	195	191	190	190	188	189	185	184	180	177	168	172	163	163	160	157	160	158	174	173	182	184	184	184	185	186	188	190	190	190	189	191	190	185	188	190	188	191	188	188	191	191	187	188	192	189	190	193	193	192	190	189	188	188	189	187	185	185	186	186	185	186	184	187	181	186	180	184	181	182	185	187	188	186	184	183	182	181	182	180	179	181	181	179	180	183	183	182	182	182	182	181	181	176	178	175	177	177	174	176	174	177	177	177	176	176	175	174	173	174	173	173	172	172	170	169	167	163	161	158	156	154	152	151	150	152	156	157	170	165	169	172	171	171	173	170	173	173	171	174	172	173	174	175	176	175	175	176	176	177	177	177	177	177	176	175	175	174	175	172	175	173	175	172	173	170	161	165	159	160	150	145	146	150	153	155	154	154	156	156	154	155	155	154	156	149	155	147	151	156	160	168	165	169	164	166	163	166	164	164	164	164	162	161	161	162	161	160	159	158	157	157	157	157	159	156	157	157	155	159	157	152	153	154	154	153	152	152	152	151	150	150	150	149	145	139	134	126	118	112	113	114	111	110	112
139	139	139	140	140	140	140	140	140	142	141	140	141	142	141	141	143	143	143	143	143	142	143	144	145	145	146	145	145	145	146	147	147	145	144	145	144	146	146	147	147	148	147	146	146	146	147	145	145	145	145	145	145	145	147	148	150	142	139	140	140	141	139	138	139	138	136	143	145	145	146	141	145	149	152	145	145	142	147	145	140	143	147	153	162	174	186	193	194	201	201	199	201	202	206	198	193	196	195	195	195	195	195	194	194	195	192	189	188	187	184	183	183	181	177	172	173	174	173	172	171	170	176	182	184	184	185	183	179	182	182	184	186	188	189	191	193	192	192	192	192	192	193	193	194	191	193	195	195	194	194	196	198	196	197	197	198	198	198	199	200	202	200	203	200	203	201	203	203	202	203	204	205	206	206	205	205	204	205	203	206	202	205	203	204	203	205	202	205	203	200	206	208	207	207	207	207	208	208	209	209	209	209	209	210	210	211	212	212	212	211	210	209	210	212	215	216	214	213	213	213	212	210	210	212	208	208	208	208	207	207	208	208	208	207	207	207	207	207	206	207	207	207	209	206	208	201	204	201	198	194	190	187	185	183	180	177	177	173	178	173	183	191	199	203	206	209	212	214	215	215	215	215	218	218	219	219	220	220	219	219	220	221	221	221	221	220	221	221	223	223	222	222	221	221	221	224	224	227	204	143	82	156	214	230	220	235	235	243	229	212	210	211	210	211	205	206	199	201	192	189	182	198	224	225	203	56	49	98	110	125	126	128	135	134	134	135	136	136	139	136	135	131	134	155	170	187	193	199	202	200	203	202	204	204	203	202	202	202	202	202	203	203	203	202	202	202	203	203	201	198	187	182	179	181	193	198	201	200	200	200	201	200	200	199	200	195	198	198	205	199	198	195	199	199	194	200	195	199	196	197	201	194	197	198	202	206	195	182	153	145	150	137	130	125	127	129	122	126	124	123	122	104	108	158	185	205	194	195	190	190	191	188	188	186	183	179	178	168	171	164	162	161	155	161	158	178	175	183	185	184	184	185	186	188	189	190	191	189	191	191	186	187	190	188	189	189	189	191	190	188	189	191	192	191	192	191	190	190	191	191	189	189	187	185	186	188	189	188	187	185	187	183	186	182	184	183	184	186	188	188	186	184	182	182	182	185	181	179	183	181	178	181	182	181	181	181	181	181	180	180	176	178	179	181	181	179	179	177	174	174	175	174	173	171	171	171	174	173	173	172	172	170	169	167	163	161	158	155	154	152	151	150	148	157	159	172	169	171	171	170	170	173	171	174	174	171	175	172	173	174	175	176	176	176	176	176	177	177	177	177	176	176	176	176	176	176	174	175	175	175	174	173	173	165	169	162	161	152	148	149	148	151	154	154	155	156	157	155	156	155	156	156	151	154	148	151	157	161	168	165	168	164	166	163	165	164	164	164	164	162	161	160	161	160	159	158	157	157	157	157	157	157	155	155	155	154	156	155	153	153	153	153	152	152	152	153	153	149	147	150	153	149	138	127	115	107	100	102	106	107	107	106
140	141	142	142	142	142	142	142	142	143	142	141	142	143	142	142	144	143	143	144	143	143	144	145	146	145	145	144	144	145	145	146	146	146	144	150	145	153	147	151	146	145	144	144	145	147	148	149	150	144	146	148	149	148	146	145	144	145	148	148	149	149	151	150	147	153	153	155	151	151	153	149	148	139	136	128	128	132	129	133	128	134	130	128	134	142	151	160	166	170	176	167	170	169	190	194	195	194	193	192	190	189	188	186	185	187	184	181	181	180	177	175	176	180	174	172	171	173	173	170	170	172	172	175	180	183	183	185	189	182	183	183	185	186	188	190	190	192	191	191	191	191	192	193	193	192	194	196	195	194	193	195	198	196	197	198	198	198	198	199	200	201	202	200	203	200	204	202	203	203	204	205	206	207	207	206	206	204	203	205	202	206	203	205	204	202	205	202	205	204	201	207	208	210	209	209	208	207	207	207	207	209	209	209	209	210	210	211	211	213	211	210	209	209	209	210	212	210	209	210	212	212	211	212	214	211	211	210	209	209	209	209	209	211	211	210	209	208	207	207	206	206	204	209	202	207	200	202	200	197	194	190	187	185	183	179	177	178	173	178	173	183	191	199	203	206	208	211	214	215	214	214	214	219	219	219	219	219	219	218	218	220	220	221	221	221	221	222	223	220	220	220	220	220	220	221	224	226	225	205	143	92	158	211	231	219	233	233	244	227	215	214	214	210	210	204	206	199	201	192	188	178	200	224	224	203	58	56	102	112	126	126	128	135	133	134	135	137	136	139	136	135	129	133	155	168	185	192	198	202	201	203	202	203	203	203	202	202	202	201	201	202	202	203	203	204	203	202	202	201	199	187	182	179	181	193	197	200	200	200	200	200	200	199	198	199	194	198	200	206	199	198	195	198	198	194	200	195	200	196	198	201	195	197	198	202	206	194	181	146	141	150	139	132	125	124	122	122	126	124	123	122	103	108	160	189	208	197	198	193	193	193	191	187	187	183	178	180	169	171	165	162	161	155	161	159	180	177	185	186	186	185	186	186	188	189	189	192	189	191	192	187	187	190	189	187	189	190	189	188	190	190	189	190	190	188	190	190	191	192	192	192	192	189	187	186	187	187	186	186	187	185	187	184	186	184	185	185	187	188	188	186	183	182	182	183	186	183	181	185	183	179	182	182	181	181	181	181	181	181	180	184	182	180	177	176	177	177	179	176	177	178	179	178	178	178	178	174	173	173	172	172	170	169	167	163	161	158	155	154	152	151	150	147	158	160	171	170	172	172	172	170	174	172	174	174	171	175	173	172	173	175	176	176	175	176	176	177	177	176	176	176	176	177	177	176	175	176	175	177	175	175	174	174	166	170	161	161	152	148	149	151	153	155	154	154	154	154	153	156	153	159	153	154	152	150	151	158	161	168	165	168	163	165	162	164	164	163	163	163	162	160	159	160	159	158	157	157	157	157	158	158	156	155	154	154	154	153	153	154	154	153	152	151	151	152	153	151	149	147	149	151	148	140	134	132	135	136	132	131	134	137	138
141	144	144	144	144	144	144	144	144	145	144	144	145	145	144	144	146	143	143	144	144	144	144	145	146	145	144	144	145	145	145	145	146	143	139	145	137	149	140	146	141	143	143	143	144	146	147	148	148	148	148	148	147	146	146	146	146	148	153	148	151	150	154	155	151	149	152	152	149	149	152	150	145	140	141	143	138	135	122	130	134	124	121	121	121	120	119	125	133	138	149	143	145	147	170	187	194	197	196	195	194	194	192	191	190	191	188	186	186	185	181	180	181	175	171	174	170	167	167	166	171	172	171	175	182	185	184	184	188	183	184	185	185	186	188	189	189	191	191	191	191	192	192	193	193	196	194	193	194	196	198	197	195	197	198	199	199	198	198	199	200	201	203	199	205	199	205	201	203	204	204	205	206	206	206	206	206	203	201	205	200	207	202	206	204	202	204	202	205	204	201	207	209	210	209	209	208	208	208	208	208	209	209	210	210	210	210	210	210	208	207	209	211	211	209	208	209	209	209	209	210	210	209	209	211	209	208	207	207	207	207	206	205	205	205	205	203	203	204	204	203	205	201	207	200	204	200	200	199	197	194	189	186	185	182	179	177	179	173	178	174	184	191	198	203	206	207	210	213	214	213	213	214	215	215	215	216	216	217	216	216	219	219	220	220	220	221	222	222	219	220	220	220	220	221	222	225	226	222	207	142	98	163	205	230	221	234	234	245	224	214	214	212	210	210	205	204	200	199	192	187	178	203	227	226	201	58	61	103	114	127	127	128	135	132	133	136	136	136	138	136	134	128	133	156	167	184	191	198	201	200	203	202	203	202	202	202	202	201	201	201	201	202	203	204	204	203	203	202	201	199	188	182	179	182	193	196	202	201	199	198	199	199	199	199	198	196	201	199	202	195	198	200	197	197	195	199	197	199	197	198	200	195	199	198	202	207	195	180	147	142	150	137	131	125	125	124	122	123	124	124	120	102	110	161	190	209	197	198	192	193	194	192	186	188	184	178	182	170	170	166	161	160	157	160	161	180	180	186	188	187	186	187	187	188	189	189	191	189	191	193	188	188	190	189	186	190	191	187	188	191	191	188	188	188	188	190	192	192	191	190	190	191	190	188	187	188	189	188	186	188	184	189	184	189	185	187	186	188	189	189	186	184	183	183	185	186	184	183	185	184	182	183	184	183	183	183	183	183	183	182	180	177	180	176	176	178	174	177	174	174	174	173	172	171	170	169	174	173	173	172	172	170	169	167	163	161	158	156	154	152	151	150	149	161	160	168	168	171	172	175	171	174	172	175	174	171	175	174	172	174	175	176	176	175	175	175	177	176	176	176	176	176	177	177	177	175	177	175	178	175	177	175	171	165	168	159	158	150	146	146	150	152	154	155	155	155	154	154	155	151	159	151	155	151	152	152	158	161	168	164	167	162	164	162	163	164	163	162	161	162	160	158	158	158	157	157	157	157	157	157	160	156	157	154	154	156	152	153	155	154	153	152	151	150	151	152	147	149	150	148	144	142	144	146	143	147	147	144	145	148	149	146
142	143	142	142	142	142	143	143	144	145	143	144	145	145	144	144	145	142	143	144	144	144	144	144	145	146	145	145	147	147	145	145	146	149	146	149	144	150	146	148	145	146	146	146	147	147	148	147	147	151	150	148	147	147	148	152	154	150	153	145	153	150	151	154	153	148	151	151	153	153	151	151	148	152	148	153	154	160	156	154	152	153	155	158	158	154	150	149	151	143	145	145	146	160	169	195	201	190	190	190	190	191	191	190	189	189	185	184	185	184	180	178	179	179	175	178	174	171	172	169	175	172	174	179	185	187	186	184	183	183	185	186	185	186	189	190	189	190	191	191	192	193	193	193	193	198	196	194	195	197	199	198	197	199	199	200	200	199	199	200	201	201	202	201	203	202	203	202	203	204	205	205	205	205	205	205	205	202	202	203	202	204	203	204	204	203	205	203	206	205	202	208	209	210	209	208	208	208	209	210	211	209	210	211	211	211	210	209	208	206	205	207	209	210	209	208	209	210	209	209	209	208	206	206	207	208	207	206	206	206	207	206	205	203	204	204	203	203	205	206	205	206	200	205	199	202	203	199	200	197	194	190	187	185	183	179	177	179	173	178	174	184	190	198	203	206	206	209	212	213	212	213	215	217	217	217	218	219	220	219	220	217	218	219	219	219	219	219	220	220	220	220	221	221	222	223	226	227	222	208	136	95	169	202	232	223	235	234	246	221	213	212	209	210	208	207	201	201	196	192	186	182	205	231	232	201	55	63	102	117	128	127	128	134	131	133	136	136	135	138	136	134	128	133	156	168	184	191	197	201	200	203	202	202	202	202	202	202	201	201	201	201	202	202	203	203	203	203	203	201	199	188	182	179	182	193	195	200	200	199	199	200	200	200	200	199	198	202	197	200	195	200	201	198	197	197	197	199	197	198	196	198	196	200	198	201	208	195	178	150	144	149	135	128	125	128	127	122	120	124	126	118	101	112	162	190	208	196	196	191	191	193	191	186	190	185	179	184	171	169	166	161	160	160	158	163	178	181	186	188	187	187	187	188	189	190	190	190	188	191	194	189	188	190	189	188	189	190	190	189	190	190	190	188	188	189	190	191	192	191	189	187	189	190	188	187	189	190	190	187	188	187	188	187	188	187	187	186	188	190	190	188	186	186	186	186	184	185	186	184	185	186	183	182	181	181	181	182	182	181	181	180	178	185	183	183	185	178	180	181	179	178	177	176	175	172	170	174	173	173	172	172	170	169	167	163	161	158	156	154	153	152	151	150	164	161	167	168	171	171	175	171	175	173	174	173	171	175	175	173	175	176	177	177	176	175	175	176	176	176	177	177	177	177	177	177	175	178	174	179	175	177	175	174	169	173	163	162	153	149	150	148	149	152	154	156	156	156	157	155	153	156	152	152	153	150	153	158	161	168	164	167	162	164	161	163	164	163	160	160	161	161	158	158	158	157	157	157	156	156	156	160	155	157	153	154	157	151	153	153	153	153	152	151	150	150	150	147	150	151	149	144	143	145	149	147	145	142	142	146	148	145	141
143	144	144	143	143	144	145	146	147	145	144	145	147	147	145	145	146	142	143	144	144	144	143	143	143	145	143	144	146	146	144	144	145	143	143	142	144	147	148	146	144	141	142	143	144	146	147	147	147	145	147	149	150	150	149	148	148	153	154	144	157	152	148	150	152	151	150	148	151	150	147	151	155	153	154	160	159	158	163	160	164	159	161	160	158	158	159	156	150	147	132	130	127	158	157	191	195	194	193	193	192	193	192	191	190	190	186	185	187	186	182	179	181	181	172	174	170	172	175	168	171	174	177	179	179	183	189	190	188	185	187	187	186	187	190	191	190	191	191	192	194	194	195	195	195	195	197	199	198	196	197	199	202	200	200	201	201	200	200	201	201	202	200	204	200	205	201	204	202	205	205	204	204	204	204	205	205	202	204	200	205	201	205	202	204	204	207	204	207	206	203	208	209	213	212	210	208	207	207	208	209	210	211	212	212	212	211	209	208	212	209	207	207	206	205	206	209	206	206	206	208	207	206	207	209	206	205	204	204	205	206	205	204	208	208	207	204	203	204	204	203	208	202	205	201	202	206	199	201	198	194	190	187	185	183	180	177	179	173	178	174	184	190	197	203	206	206	208	212	212	212	212	215	215	215	215	215	216	217	216	217	217	217	218	218	217	217	217	218	218	219	219	219	219	220	221	224	229	223	207	127	88	173	203	235	220	232	231	245	219	214	214	210	210	207	208	200	202	194	192	185	182	202	231	237	203	56	66	106	119	129	127	128	134	130	132	135	136	135	137	136	134	128	133	157	169	185	191	197	200	199	202	201	202	202	202	202	202	201	201	201	202	202	202	202	202	203	204	204	200	199	188	182	180	183	193	194	197	198	200	202	203	202	200	198	200	197	199	195	202	200	201	196	199	196	199	196	201	195	198	195	197	197	201	198	201	209	196	176	144	141	150	137	131	126	125	122	123	118	124	127	117	101	114	162	192	210	198	197	192	192	194	192	186	191	186	180	185	171	168	165	161	160	162	158	164	177	182	186	188	187	187	188	188	190	191	191	190	187	191	194	190	189	190	190	190	188	189	192	191	189	189	192	192	190	188	188	189	192	192	191	189	192	192	190	187	187	188	188	189	187	190	185	190	185	188	186	186	188	190	190	189	188	188	188	187	182	185	187	183	185	188	183	186	186	185	186	186	186	186	185	185	180	184	178	177	181	176	180	178	177	176	176	178	178	176	174	174	173	173	172	172	170	169	167	164	162	159	156	155	153	152	151	149	165	163	169	170	171	169	173	171	175	173	174	173	170	176	175	174	176	177	178	177	176	175	175	176	176	177	177	178	178	178	177	178	175	179	174	179	174	177	174	172	167	172	162	160	152	148	147	150	151	153	155	156	155	155	155	155	155	154	155	148	154	148	153	159	161	168	164	166	162	164	161	163	164	162	160	159	161	161	158	158	158	158	157	157	156	155	155	159	153	156	152	153	157	151	153	150	152	153	153	152	150	149	148	149	149	150	151	151	149	146	144	147	145	145	146	143	140	141	146
144	140	137	143	139	140	146	139	139	143	144	144	144	144	143	144	144	144	142	142	144	144	143	144	146	142	145	146	143	144	147	148	145	145	145	145	146	146	145	145	144	144	143	144	147	148	147	147	148	147	146	144	146	148	149	148	146	149	148	148	149	149	148	149	152	152	149	148	149	149	149	150	153	152	152	152	154	155	156	156	155	155	156	157	158	157	155	154	154	158	158	160	152	171	166	195	193	198	198	198	197	195	194	195	195	195	193	190	188	187	186	185	184	177	176	174	173	172	171	170	170	173	174	181	182	185	190	188	189	187	185	190	187	194	191	195	194	194	196	198	198	199	198	199	201	197	198	200	200	200	200	200	201	201	200	200	201	202	203	203	202	203	203	202	202	203	204	205	206	204	204	204	204	205	205	206	207	204	202	201	202	206	207	206	204	204	205	206	205	203	204	208	213	214	208	206	205	202	208	212	208	211	206	208	205	210	205	209	209	209	209	209	208	207	207	206	206	203	204	205	205	206	206	206	206	206	206	207	207	207	206	205	205	207	206	206	206	207	207	207	206	204	203	203	203	202	201	200	200	195	195	189	188	186	181	180	176	178	171	177	174	183	189	197	205	204	207	210	211	210	210	211	212	214	214	214	214	215	215	215	215	215	216	216	216	216	216	216	217	218	215	219	218	218	219	216	220	228	218	199	118	91	168	202	232	221	235	231	243	226	209	210	209	209	204	205	197	202	194	193	187	184	206	233	232	209	50	62	109	122	130	129	131	134	130	132	132	136	136	139	136	134	129	134	157	166	182	188	194	199	198	202	201	201	202	202	202	202	202	203	203	201	201	201	202	202	202	201	200	201	196	187	180	180	185	190	191	199	200	202	203	201	200	198	197	200	195	199	203	198	197	199	196	196	198	197	196	191	201	194	196	198	198	199	200	202	206	196	178	148	143	143	135	127	122	119	126	125	122	127	123	122	99	114	164	194	207	193	193	192	193	191	189	191	185	184	181	178	168	171	160	163	156	158	163	160	178	182	183	187	187	186	186	186	187	189	190	191	191	192	192	192	192	191	191	192	194	196	196	193	193	193	195	194	194	194	193	193	193	193	193	192	190	189	189	189	190	190	190	190	188	188	189	189	186	185	186	186	190	192	191	190	190	190	189	187	187	187	187	187	186	186	186	186	185	185	184	184	184	185	185	182	181	182	183	181	178	177	179	178	178	178	175	175	177	178	176	168	174	172	170	174	173	167	165	164	161	159	158	156	153	151	152	154	160	168	173	167	176	174	175	171	174	175	173	173	174	174	172	174	175	175	175	176	176	177	177	177	177	177	177	177	177	177	177	176	178	178	176	175	176	175	173	171	175	168	161	159	152	145	148	150	150	151	153	154	155	156	156	156	153	156	153	151	153	149	152	156	163	167	165	162	161	164	165	163	163	162	161	160	160	160	160	157	155	158	156	156	158	155	157	159	156	155	156	156	154	154	156	155	153	152	153	153	152	152	154	149	149	150	151	151	150	147	146	149	148	147	146	145	145	145	146
145	141	139	144	140	140	145	139	140	140	141	141	141	141	141	142	142	142	142	143	146	146	143	142	142	144	144	144	145	145	145	145	146	144	144	145	145	145	145	145	145	145	143	144	146	146	145	146	148	144	146	148	147	146	145	147	149	148	148	148	150	149	148	149	151	149	152	153	152	153	155	155	152	153	153	152	154	155	155	155	154	154	154	154	155	156	158	160	162	164	165	163	159	171	171	194	195	195	195	196	196	195	195	196	197	193	192	192	191	190	187	184	182	178	177	175	173	172	172	171	170	173	174	182	182	186	191	188	190	189	188	189	189	193	193	195	195	195	196	198	198	198	200	201	203	200	200	201	202	201	201	202	202	203	202	203	203	204	205	204	204	203	202	202	202	202	202	203	203	204	204	204	203	203	204	204	204	202	205	207	206	203	202	205	207	203	204	205	205	203	203	207	213	215	212	209	206	204	206	206	202	204	203	202	206	205	204	201	202	204	204	204	203	203	203	203	203	206	205	204	203	203	204	206	207	206	206	206	207	207	207	206	206	207	206	205	204	204	203	202	201	203	203	203	203	202	201	200	200	195	195	188	187	185	180	180	176	179	172	177	174	183	189	197	205	204	207	210	211	211	211	212	214	212	212	213	213	214	214	214	214	215	216	216	217	217	218	218	218	218	215	218	217	216	217	215	219	225	219	194	120	91	167	203	229	218	230	229	239	224	206	208	206	208	203	203	196	201	193	192	187	184	207	233	234	209	50	61	109	123	131	130	131	134	131	133	132	135	136	139	136	133	129	134	157	166	182	188	194	199	198	201	200	201	202	202	201	200	200	200	201	202	201	201	202	202	202	201	200	201	196	187	180	180	185	189	190	198	200	201	201	200	199	198	197	199	197	199	201	199	198	198	196	199	194	200	193	198	195	195	197	199	198	199	199	202	205	195	176	143	143	145	135	127	125	121	122	125	122	125	123	121	98	115	166	198	212	198	198	197	195	195	193	187	184	182	179	179	169	172	164	161	158	160	161	160	181	185	184	186	186	186	186	187	188	190	190	190	190	189	189	189	189	190	190	191	193	192	194	191	192	191	193	193	193	192	192	192	192	191	191	191	190	189	188	188	188	188	188	187	186	186	188	188	186	185	187	186	190	193	192	191	191	190	188	187	187	187	187	187	187	187	187	186	186	185	185	185	185	186	186	186	184	183	182	180	179	180	183	180	180	180	177	176	177	175	173	172	175	172	170	171	172	168	165	163	161	159	158	156	153	152	152	152	160	167	173	167	175	173	173	173	176	176	175	175	176	176	175	176	176	177	177	177	177	177	177	177	177	177	177	177	177	177	177	177	179	179	178	177	177	176	173	172	175	168	161	159	152	146	149	148	150	152	155	156	156	155	154	156	153	156	153	151	153	150	152	160	164	167	165	161	160	160	159	159	160	161	161	160	159	157	156	157	155	158	156	155	157	153	155	158	156	156	157	156	154	154	155	157	155	154	154	153	150	150	151	152	150	149	149	149	150	150	150	148	147	146	146	145	145	146	146
146	141	141	144	140	139	142	139	141	142	142	143	144	144	144	145	145	142	142	143	145	145	143	142	142	146	142	142	146	146	143	143	147	144	144	144	144	145	145	146	146	145	144	143	144	144	144	145	147	143	146	147	147	145	145	147	149	147	147	148	149	149	148	149	150	144	150	151	148	149	154	153	148	153	153	153	154	154	155	154	153	156	156	156	155	156	157	160	162	159	162	157	159	166	171	192	194	198	198	198	197	196	195	195	196	194	194	194	193	192	189	186	183	179	177	176	174	173	173	172	171	174	175	183	183	187	192	190	191	191	191	189	192	192	195	195	197	197	197	198	198	199	200	201	204	202	202	202	202	202	202	203	203	204	204	204	205	206	206	206	205	207	207	207	207	207	207	207	207	206	206	206	206	205	205	204	204	205	204	203	203	205	205	205	203	203	203	204	204	202	202	206	212	214	213	207	203	205	206	204	204	205	206	202	209	204	207	202	203	204	204	205	205	205	205	206	206	206	206	204	203	203	204	205	206	206	206	206	206	206	207	207	207	207	207	206	206	207	207	206	206	202	203	203	203	202	201	200	199	196	195	187	186	184	179	180	176	179	173	178	174	183	189	197	204	204	206	209	211	212	212	214	216	213	213	214	214	215	216	216	216	215	216	217	219	219	219	219	219	220	217	220	219	218	219	216	220	223	220	189	121	95	164	205	226	218	227	231	236	226	205	207	206	206	202	201	195	198	192	190	186	183	208	234	236	208	49	60	109	125	133	132	132	134	132	134	133	135	135	138	135	133	128	133	156	166	183	189	195	199	198	201	199	202	201	201	199	198	198	198	199	202	202	201	202	202	201	200	199	200	196	188	181	180	184	188	190	198	199	200	200	199	198	198	197	198	199	198	199	201	198	196	198	200	192	198	194	199	193	194	198	199	198	199	199	202	204	194	175	141	144	146	133	125	127	123	121	125	123	125	122	119	97	117	169	196	209	196	196	195	193	192	190	189	189	183	177	179	168	169	163	159	160	160	159	161	184	187	184	186	186	187	187	189	190	191	192	191	190	190	189	189	190	190	191	192	194	190	194	189	194	191	193	192	192	192	192	192	191	191	191	191	190	188	187	187	187	187	186	186	185	186	187	187	186	186	186	186	190	194	194	193	191	189	188	188	188	188	188	188	188	188	188	187	187	186	186	186	186	186	186	188	186	185	184	182	181	182	184	177	178	179	179	179	179	177	175	176	174	173	172	169	171	169	163	163	161	159	158	156	153	152	153	153	164	169	175	170	176	175	175	175	176	177	176	176	177	178	178	178	178	178	178	178	178	178	178	178	178	178	178	178	178	178	178	178	179	180	180	179	178	176	174	173	174	168	161	157	152	148	151	149	151	153	155	156	156	155	155	156	153	156	152	151	153	150	153	159	162	163	163	162	161	160	158	160	160	161	161	161	159	157	156	157	154	157	154	154	156	152	154	157	156	156	157	156	154	154	154	154	153	153	153	153	151	151	152	152	151	149	148	149	150	151	151	149	149	149	148	148	148	148	148
147	139	140	142	140	138	139	139	141	139	140	140	141	140	141	141	142	143	142	142	142	142	142	143	144	145	143	143	145	145	143	143	145	144	144	144	144	144	145	145	146	144	143	143	144	145	145	146	147	146	144	143	144	147	148	147	145	146	147	148	149	149	148	149	149	149	152	152	149	150	154	155	152	153	153	152	153	154	154	154	153	157	157	158	158	157	156	157	157	158	161	158	158	169	173	196	198	200	200	199	198	196	195	195	196	197	195	194	192	191	189	187	186	180	178	176	175	174	173	172	172	174	176	183	184	188	193	191	192	193	194	190	195	191	198	195	198	199	198	198	198	200	201	202	202	202	202	202	202	201	202	203	204	204	204	204	205	206	206	206	205	203	203	204	204	204	203	203	203	207	207	208	208	207	206	206	205	205	201	199	201	204	206	204	200	203	202	203	203	201	201	205	212	214	214	205	198	202	204	203	207	204	204	200	203	200	204	202	203	202	202	203	203	203	204	204	204	205	205	206	207	207	207	206	205	207	206	206	206	206	206	207	207	204	204	204	204	205	206	205	205	203	203	204	203	202	201	199	198	196	195	187	186	184	179	180	176	180	174	179	174	183	189	197	204	205	206	209	211	212	213	215	216	214	214	215	215	216	217	218	218	217	218	219	220	221	220	220	219	221	218	221	220	219	220	218	222	224	220	189	121	103	160	209	222	219	225	233	234	226	204	206	205	205	202	199	195	196	193	190	186	184	209	234	238	207	49	58	110	127	135	133	132	135	132	135	134	135	135	138	135	132	127	132	155	166	183	189	196	200	198	200	198	202	201	200	198	197	197	198	199	201	200	200	201	201	201	200	199	199	195	188	182	180	183	188	191	200	200	200	200	198	197	197	197	198	200	198	198	202	198	194	199	199	196	195	199	193	198	192	198	198	198	199	199	202	204	193	175	142	144	144	130	123	125	123	124	124	121	126	122	119	97	118	172	199	213	199	200	199	196	196	193	190	192	184	175	180	168	167	163	160	160	159	159	163	184	185	186	187	187	188	189	190	191	192	193	194	194	194	193	193	194	194	194	192	193	188	194	188	194	190	192	191	191	191	190	190	190	190	190	191	190	189	188	188	188	187	187	187	187	187	187	187	186	186	186	187	190	193	194	193	191	190	189	189	189	189	189	189	189	188	188	187	187	187	187	186	186	186	186	186	186	186	186	185	183	182	182	177	177	179	179	180	180	178	177	175	172	175	176	171	171	170	161	162	160	158	158	156	153	153	153	154	167	169	176	173	177	176	176	176	176	177	176	176	177	178	179	179	179	179	179	179	179	179	179	179	179	179	179	179	179	179	179	178	179	181	181	180	179	176	174	175	173	168	161	156	152	151	152	153	153	152	153	153	155	156	157	156	153	156	152	151	153	150	154	157	160	162	163	162	161	160	159	162	161	159	158	158	158	158	158	156	153	156	153	153	155	151	154	156	156	156	156	156	154	154	153	151	151	152	153	153	152	151	151	150	150	150	150	150	150	149	148	149	149	149	149	149	148	148	148
148	138	140	139	140	139	137	140	141	139	140	140	140	140	140	140	141	142	142	141	140	141	142	144	144	142	144	144	142	142	144	144	142	145	145	144	144	144	144	144	145	142	143	144	145	146	147	147	146	145	144	142	143	146	147	146	144	145	146	148	148	148	148	149	149	150	150	150	150	151	151	151	152	152	152	151	153	154	154	154	153	154	155	156	156	156	157	157	158	160	160	161	155	172	168	196	195	197	198	198	198	197	197	198	199	196	195	194	192	191	189	187	186	180	178	176	175	174	173	173	172	174	176	183	184	188	194	191	193	194	195	190	195	192	198	196	199	199	199	198	199	200	201	201	201	202	203	203	202	202	202	203	204	205	205	205	205	206	206	206	205	208	208	209	209	209	209	209	209	206	206	206	207	207	206	205	205	201	203	205	204	201	200	201	203	203	201	202	203	201	200	205	212	215	215	205	198	201	202	201	204	204	202	203	200	204	202	205	204	204	204	204	204	204	204	204	204	204	205	207	208	208	208	207	206	208	207	207	206	206	206	207	207	208	207	206	206	206	205	204	203	205	205	205	204	203	201	199	198	196	196	188	186	184	180	181	177	180	175	180	175	184	191	199	204	205	207	209	211	213	214	214	215	213	213	214	214	215	216	217	217	218	219	220	221	221	220	219	218	220	217	220	218	218	220	218	222	227	219	192	120	112	158	213	220	218	223	232	231	223	202	204	204	205	203	198	196	196	194	190	187	185	210	233	240	207	49	57	110	127	136	134	133	135	134	136	134	135	135	138	135	132	127	132	154	166	183	189	196	200	198	200	198	201	201	200	198	197	198	199	200	199	199	199	200	200	200	199	198	197	193	188	183	181	183	188	193	201	201	201	200	198	197	197	197	198	201	198	198	201	198	194	199	197	198	197	197	191	200	194	196	198	198	199	200	202	204	193	175	143	141	141	131	124	123	122	126	122	120	126	123	119	99	117	173	203	217	202	204	200	199	199	197	188	191	184	176	181	171	170	166	162	159	156	161	167	183	182	189	189	189	190	191	192	193	194	194	196	196	197	197	197	197	196	196	193	194	190	193	190	194	192	193	190	190	190	190	190	189	189	189	192	191	190	190	190	190	189	189	188	189	188	188	187	188	187	187	188	190	192	193	192	191	191	192	190	190	189	189	189	189	189	189	187	187	187	187	187	186	186	186	185	185	185	184	184	183	182	180	182	180	180	180	179	177	176	175	175	171	174	177	172	171	170	162	161	159	158	157	156	153	152	153	152	169	167	175	174	175	174	175	177	177	177	177	177	178	179	180	178	178	179	179	180	180	180	180	180	180	180	180	180	180	180	180	178	179	180	182	181	178	176	174	175	172	167	161	154	152	153	153	154	154	153	153	154	155	157	158	156	153	156	152	151	153	151	154	159	161	164	164	161	158	157	159	159	158	157	155	155	155	155	156	154	152	155	152	152	154	151	154	155	155	156	155	155	154	153	152	153	154	153	152	151	150	149	148	150	149	149	149	149	149	148	147	147	147	147	146	146	145	144	144
149	138	140	138	141	141	138	141	141	142	142	143	142	142	141	142	142	138	140	141	141	142	143	143	142	141	144	144	141	141	145	145	142	145	144	144	144	144	144	144	144	141	143	144	145	146	147	147	146	143	146	147	147	145	145	147	149	146	148	149	149	149	150	151	150	147	146	147	150	150	148	147	148	151	151	151	152	153	154	154	153	155	155	154	154	154	155	157	159	156	156	159	151	171	166	196	194	199	199	199	198	197	197	198	198	194	194	194	194	192	190	186	184	179	178	176	174	174	173	172	171	174	175	183	184	188	194	191	193	193	193	191	194	193	197	197	198	199	198	199	199	200	200	200	200	202	203	203	203	203	203	204	205	206	205	205	205	206	206	206	206	204	204	204	204	204	204	204	204	206	206	206	206	207	207	207	207	205	205	205	204	203	202	201	201	203	201	201	203	201	199	204	212	211	211	205	201	203	205	203	203	204	203	208	203	210	206	209	205	208	208	208	207	207	207	207	207	206	206	206	206	207	208	209	209	209	209	209	208	208	208	208	208	211	211	210	210	210	210	209	208	207	207	206	205	203	202	201	200	197	196	189	188	186	181	182	177	180	176	181	175	184	192	200	205	206	208	210	212	214	215	215	214	214	215	215	216	216	217	217	218	219	219	220	221	220	220	219	218	221	217	220	219	219	221	219	224	228	216	192	120	116	160	213	219	219	223	232	232	221	205	203	206	205	203	197	198	195	195	190	188	187	211	232	240	206	50	56	110	126	137	135	133	136	135	137	134	135	136	138	135	132	127	131	154	166	183	189	195	199	198	201	199	200	200	200	199	198	199	200	201	200	199	199	200	200	200	199	198	196	193	189	185	182	183	189	194	201	201	201	200	198	197	197	197	199	199	198	199	200	198	196	199	197	196	202	191	196	197	197	195	199	198	200	200	202	204	193	174	141	139	141	133	126	123	120	124	122	120	125	122	120	100	119	175	202	215	201	200	198	198	198	195	191	193	187	179	181	172	172	164	163	159	155	161	170	183	181	192	191	191	192	193	194	195	196	196	196	196	197	197	197	197	196	196	194	193	194	193	193	193	194	193	191	190	190	190	190	189	189	189	194	193	192	192	192	192	191	191	189	190	190	188	189	190	190	190	190	190	191	191	190	189	191	193	190	190	190	190	189	189	189	189	187	188	188	187	187	187	186	186	186	185	183	181	181	182	182	181	182	180	179	179	178	177	176	177	176	173	172	173	171	170	169	165	161	158	157	156	155	152	151	152	153	173	167	175	176	175	175	176	178	178	178	179	179	178	179	181	178	178	179	179	180	180	181	181	180	180	180	180	180	180	180	180	178	178	180	182	181	178	175	174	175	170	167	161	153	151	154	153	152	153	155	156	157	157	156	155	156	153	155	152	151	154	152	155	158	160	162	163	160	157	158	161	157	157	157	157	156	155	154	153	154	151	154	151	151	154	151	154	154	155	155	153	153	153	153	151	152	153	152	151	150	150	150	148	151	149	147	146	146	147	147	147	147	147	147	146	145	144	144	144
150	139	141	136	141	142	137	141	138	138	138	139	139	139	139	139	140	138	140	141	141	141	143	143	141	141	142	142	142	142	143	144	143	143	143	144	144	144	144	144	144	141	143	144	143	144	146	147	145	143	145	147	147	145	144	146	148	146	148	149	148	148	150	151	150	149	150	151	152	152	153	152	151	152	152	151	152	153	153	153	152	156	156	155	154	154	154	156	157	157	158	158	155	171	170	197	197	201	201	200	199	197	196	196	196	195	194	194	193	192	189	186	184	179	177	175	174	173	172	171	171	173	174	182	183	187	193	191	192	191	190	192	191	195	195	197	197	197	199	200	200	199	199	201	202	201	202	203	203	203	204	204	205	206	205	204	204	204	205	205	205	206	205	205	204	204	204	205	205	204	204	204	204	204	204	205	205	208	204	201	202	205	206	203	199	204	201	201	203	201	199	204	213	210	207	205	204	204	207	208	204	202	204	206	204	207	207	207	204	207	207	207	207	207	207	207	207	209	209	208	208	209	209	210	210	211	211	211	211	211	211	211	210	208	208	207	208	209	210	210	209	208	208	207	205	204	204	203	203	198	197	190	190	187	182	183	178	181	177	182	176	185	194	202	207	207	209	211	214	216	217	216	215	216	216	217	217	218	218	218	219	219	219	219	220	220	219	219	219	223	219	222	220	219	221	220	224	227	214	188	122	113	165	209	221	220	224	231	233	219	209	204	210	205	204	197	198	194	196	190	189	190	212	230	240	205	51	56	110	125	136	135	133	136	136	138	134	136	136	139	135	132	127	131	154	166	182	188	194	199	198	201	200	200	200	200	200	199	199	200	200	202	201	201	201	200	200	198	197	196	194	190	187	183	183	188	195	199	199	200	199	198	197	197	197	200	197	198	200	198	197	198	198	198	194	200	192	197	195	196	196	201	200	201	201	203	204	192	172	140	141	142	131	123	124	121	121	124	120	123	120	120	100	121	175	207	219	204	202	200	200	200	198	195	194	191	183	180	172	174	161	162	161	156	161	171	187	184	193	191	191	191	192	193	195	196	198	196	196	196	196	196	196	196	196	194	193	199	192	198	191	196	195	192	192	192	192	191	191	191	191	196	195	194	194	194	194	192	191	190	192	191	189	189	191	191	190	191	190	191	191	190	188	189	192	190	190	190	190	189	189	189	189	188	188	189	188	188	187	187	186	186	186	183	181	181	183	183	181	181	179	178	179	179	177	177	178	175	174	171	171	172	170	166	166	160	158	156	156	154	151	150	151	154	176	167	175	177	175	176	177	178	178	178	180	180	178	178	180	179	180	180	180	180	181	181	181	180	180	180	180	180	180	180	180	179	178	180	182	181	178	175	175	175	168	166	161	152	151	155	153	152	154	156	157	158	157	156	155	156	153	155	152	151	154	152	156	157	157	159	160	159	158	158	161	157	157	157	157	156	155	154	154	154	152	154	151	151	153	151	153	153	154	154	152	151	152	152	150	150	151	151	149	150	151	152	150	149	148	147	146	146	147	147	147	149	148	147	147	146	146	146	146
151	139	140	134	141	142	136	140	136	139	140	141	141	141	141	142	143	141	142	141	138	138	141	143	142	142	140	140	143	144	142	142	145	142	143	143	144	145	144	144	144	142	144	144	142	142	145	146	145	146	144	143	144	147	148	147	145	146	148	148	147	147	150	151	150	147	151	150	145	146	152	154	151	152	152	151	152	153	153	152	151	151	153	155	157	157	157	157	157	156	159	154	155	163	167	188	190	196	196	196	196	195	195	196	197	196	194	191	189	187	187	186	185	178	177	175	173	172	172	171	170	172	174	181	183	187	193	191	192	190	188	192	189	196	193	198	196	196	198	201	201	200	199	200	202	198	200	201	202	202	203	203	204	204	203	202	201	202	203	204	204	205	204	203	202	201	202	202	202	202	202	201	201	201	202	202	203	201	202	203	203	202	202	203	205	204	201	201	203	201	198	204	213	217	210	207	205	201	205	209	204	210	212	207	210	206	213	211	211	211	211	212	212	212	212	212	212	210	211	212	213	213	212	211	210	211	212	213	213	213	213	213	213	214	213	213	212	212	212	211	210	209	208	207	206	205	205	205	206	198	198	191	191	188	183	183	178	181	177	182	176	186	195	203	208	208	209	212	216	218	218	217	216	216	216	216	216	216	217	217	217	218	218	218	219	219	219	219	220	222	218	221	218	218	219	218	222	225	212	183	125	108	170	205	222	217	222	227	232	215	209	202	211	205	204	196	198	194	197	190	190	191	213	229	240	205	52	56	110	124	136	135	134	137	136	138	134	136	136	139	135	132	127	131	154	166	182	188	194	199	198	202	201	200	200	201	200	199	199	199	200	204	203	202	202	201	200	198	196	197	194	191	188	184	183	188	195	197	198	199	199	198	197	197	197	201	196	199	201	197	197	200	197	199	195	194	199	194	198	191	199	202	202	202	202	203	203	191	171	140	144	143	126	119	125	123	122	125	119	121	118	119	100	122	177	206	219	201	201	199	199	200	198	194	191	191	185	181	174	178	163	160	164	158	159	171	190	187	194	191	191	191	192	194	196	198	200	199	199	198	198	198	198	199	199	196	194	203	193	202	191	199	197	194	194	194	194	194	193	193	193	197	196	196	195	195	194	192	191	193	194	193	190	189	190	190	188	192	191	191	192	190	187	187	190	190	190	190	189	189	189	189	189	189	189	189	189	189	188	187	187	185	186	185	183	184	184	182	179	184	181	180	180	179	175	173	174	172	175	171	172	175	170	163	164	160	158	156	155	153	150	149	150	153	175	165	173	176	173	175	176	177	176	177	179	179	176	176	178	181	181	181	181	181	181	181	181	180	180	180	180	180	180	180	180	180	179	180	182	182	178	176	176	175	167	166	161	151	151	155	153	154	155	155	156	156	156	157	157	156	153	155	152	151	154	152	156	162	159	158	159	159	156	155	155	158	157	155	153	152	153	154	154	155	152	154	151	150	153	150	153	153	154	153	150	150	152	152	150	152	153	152	149	148	150	149	148	146	146	147	149	149	148	146	145	148	147	146	145	145	146	146	147
152	137	140	137	139	139	137	142	141	139	144	143	138	138	142	141	136	139	140	141	141	140	140	140	140	141	141	141	141	141	141	141	141	140	144	140	139	147	145	140	143	146	141	138	140	143	144	145	147	143	141	141	143	146	148	146	143	147	147	147	148	148	148	147	147	150	145	149	153	149	150	153	147	152	152	152	152	153	153	153	153	153	154	155	155	155	155	156	156	156	158	155	152	165	162	193	194	198	200	197	198	196	193	196	194	195	195	194	191	189	188	185	182	179	178	177	176	174	173	171	170	174	175	179	186	190	190	192	194	187	190	191	192	194	197	197	195	197	198	199	200	200	201	202	203	199	200	201	202	203	203	204	205	202	203	203	203	203	202	203	203	199	200	201	202	203	204	204	204	203	203	203	203	203	203	203	203	203	203	199	205	200	203	200	204	203	202	202	202	200	198	204	212	212	211	208	205	205	208	210	210	208	211	209	214	208	212	210	213	214	214	214	213	213	212	212	212	215	214	213	212	212	212	212	212	216	214	215	215	213	214	217	215	217	216	215	214	214	214	213	213	212	211	212	206	205	209	205	204	201	198	194	191	189	187	183	180	182	180	179	181	186	194	202	206	210	212	215	215	216	218	218	218	217	217	217	216	217	217	218	218	217	216	216	216	217	218	218	218	219	217	217	220	215	220	215	221	222	211	179	116	116	164	206	220	218	221	219	227	208	207	208	204	205	201	198	197	196	191	188	188	197	216	230	234	204	45	60	113	125	133	134	135	136	136	139	135	138	136	140	137	132	127	134	154	164	174	185	192	195	197	199	200	200	200	200	199	199	199	200	201	203	202	202	201	200	199	199	198	199	194	194	187	183	186	188	195	194	196	197	195	196	198	198	197	199	200	201	199	197	196	197	199	195	198	198	194	194	198	198	195	204	202	202	198	202	205	187	171	142	139	142	127	124	121	121	120	122	120	119	117	117	100	125	177	206	220	203	204	201	201	200	196	196	193	193	180	183	171	178	164	164	163	154	169	168	195	188	194	192	192	192	193	195	196	196	196	197	198	198	199	200	201	201	202	201	201	201	201	200	199	198	197	197	197	196	195	195	196	196	193	197	196	196	195	195	195	194	194	192	191	191	192	192	190	190	192	192	190	190	190	189	187	188	191	190	189	188	188	189	189	189	189	184	191	189	186	191	190	185	187	186	186	184	182	181	182	183	182	180	179	179	179	179	178	176	175	175	174	172	173	171	168	166	164	161	157	156	157	153	147	148	154	157	173	169	174	178	172	180	173	178	179	180	180	180	180	181	182	179	180	180	181	180	180	181	182	181	180	179	179	179	179	180	181	179	180	181	183	183	181	177	174	175	171	165	158	149	155	151	156	152	155	156	154	155	159	158	155	153	155	151	151	155	151	149	158	160	157	160	160	154	156	159	152	158	157	156	155	155	154	153	152	149	151	151	149	149	151	152	151	154	152	152	153	153	150	149	150	150	150	151	151	150	149	148	148	149	144	147	147	146	146	143	149	145	145	145	145	144	143	143	142
153	139	141	138	140	140	138	142	141	142	143	143	142	141	142	142	141	138	139	140	140	140	140	141	141	140	140	141	141	141	141	141	141	143	146	142	141	145	143	138	141	138	141	144	145	142	140	143	148	147	145	143	143	144	146	148	149	146	146	147	147	148	148	148	148	150	146	147	149	146	149	153	150	151	152	151	152	153	153	153	153	153	154	155	155	155	155	156	156	156	158	155	151	163	161	191	194	200	202	197	198	198	195	197	195	195	195	194	191	190	189	186	183	181	180	178	176	175	174	172	171	175	176	180	186	190	191	192	193	191	192	191	190	192	196	198	197	197	198	199	199	199	200	198	199	198	199	200	200	199	199	199	199	199	200	201	201	200	201	201	202	200	201	201	201	200	199	199	198	202	202	202	202	202	202	202	202	201	200	200	201	202	200	200	201	201	200	201	202	200	199	205	214	211	210	206	203	203	206	208	208	212	212	214	213	214	213	214	214	214	214	214	214	214	214	214	214	216	215	215	215	215	215	215	215	218	216	217	218	215	216	218	216	216	216	215	215	215	215	214	214	214	210	211	209	208	209	204	206	202	199	195	192	190	187	184	181	181	179	179	181	187	195	202	207	210	213	215	216	217	218	219	218	216	216	216	217	218	219	220	220	221	220	218	217	217	217	216	216	218	216	216	219	214	219	214	221	223	211	178	111	115	167	204	223	217	218	216	223	207	205	206	203	204	201	198	197	196	191	188	187	197	216	230	234	203	45	61	113	125	133	134	135	136	135	139	135	137	135	140	137	132	127	134	155	165	176	186	192	194	196	198	199	199	199	199	199	198	199	200	201	203	203	202	201	200	199	198	197	199	195	194	187	184	187	187	194	193	195	196	196	197	199	199	198	199	200	200	199	197	197	198	199	197	196	196	196	196	196	196	197	201	200	201	197	202	204	186	169	141	138	140	125	123	121	120	120	122	121	120	116	116	100	127	178	207	218	203	203	201	201	200	195	195	191	191	179	182	170	176	162	162	160	154	166	168	192	187	192	193	193	193	194	196	197	198	198	196	197	197	198	198	199	199	199	199	199	199	199	199	198	198	198	198	200	200	198	196	196	196	195	194	194	194	194	194	194	193	192	192	191	191	191	191	189	189	191	193	191	191	192	191	189	189	191	189	189	188	188	189	189	189	188	186	192	190	187	191	189	185	187	186	186	185	183	182	183	183	182	181	180	180	179	179	178	176	175	175	174	173	173	172	169	167	165	162	158	156	157	153	147	148	154	154	171	166	175	177	176	181	177	178	179	180	180	180	180	181	181	181	182	183	183	182	182	182	183	181	180	180	180	181	182	183	184	183	182	181	181	181	181	179	177	175	172	165	158	149	155	150	155	152	152	152	154	156	156	156	156	154	155	151	151	154	150	149	157	158	156	159	159	154	156	158	152	155	154	154	154	155	155	155	154	152	153	152	149	148	149	149	147	151	149	150	152	152	151	151	152	149	149	149	149	149	149	148	148	149	148	151	147	147	150	147	149	145	145	145	145	144	143	143	143
154	138	141	137	139	138	136	140	139	142	140	140	142	142	140	140	142	138	138	139	139	139	140	141	142	139	139	140	141	141	141	141	140	140	143	142	142	145	143	141	143	145	140	138	141	147	148	144	141	137	140	144	146	145	143	141	140	145	145	146	147	147	148	148	148	149	145	146	148	146	149	152	150	151	151	151	152	152	153	153	153	153	154	154	154	154	154	155	156	156	156	154	150	160	160	189	195	202	202	197	198	198	196	199	196	195	195	194	191	190	189	187	184	183	181	178	176	175	174	173	172	174	176	180	186	189	190	191	193	193	193	192	191	192	196	198	198	198	199	197	197	197	197	198	199	199	200	200	200	199	198	198	198	199	200	201	201	201	202	202	203	203	203	203	204	204	204	204	203	203	203	203	203	203	203	203	203	202	199	204	200	206	199	202	201	201	201	202	203	201	201	207	215	215	214	211	208	208	211	212	212	211	208	212	207	214	209	213	210	214	214	214	214	215	215	216	216	214	214	215	215	216	216	216	216	217	215	217	218	215	216	217	215	216	216	216	216	216	216	215	214	216	209	211	211	210	208	203	208	203	200	195	192	190	188	184	182	181	179	178	181	187	195	203	207	209	213	215	216	217	219	220	219	219	219	219	219	219	218	218	218	219	218	217	217	218	218	217	217	217	216	216	218	213	219	214	219	224	210	178	105	112	172	200	227	215	216	213	219	207	204	205	203	203	201	199	197	196	191	187	185	198	217	230	235	200	45	61	113	124	132	133	134	136	135	138	134	137	135	140	137	131	127	134	155	167	177	187	192	194	195	196	196	199	199	199	199	199	199	200	201	203	203	203	202	201	199	197	196	198	195	195	188	185	187	187	192	193	195	196	196	197	199	199	198	198	199	200	200	198	198	198	199	199	195	195	198	198	195	195	199	200	199	201	198	203	204	185	169	140	137	140	125	123	121	121	121	121	121	120	116	115	100	130	181	209	219	204	203	201	199	199	196	195	192	191	182	182	171	175	162	163	160	156	165	171	191	189	192	194	194	194	194	196	198	199	199	200	200	200	201	201	201	201	201	202	202	202	202	203	203	203	204	202	205	206	204	200	200	200	201	198	197	197	197	197	196	195	194	193	192	192	193	191	190	190	192	192	192	192	192	190	189	189	190	189	188	188	188	189	189	188	188	189	192	190	188	190	189	186	187	186	187	186	184	183	184	184	182	183	182	181	180	179	178	176	175	174	174	173	174	172	170	168	166	162	159	157	157	153	148	149	154	159	175	168	178	176	179	180	179	180	181	182	182	182	182	183	184	183	184	185	185	185	184	184	184	185	185	184	183	182	182	182	182	184	183	182	182	182	182	180	178	175	172	166	159	150	155	149	153	153	150	150	155	157	154	154	157	155	154	151	150	152	149	149	156	157	155	158	158	155	156	157	153	156	155	154	153	153	153	153	152	151	151	149	148	149	150	150	148	152	151	150	151	150	149	148	149	148	148	148	148	148	148	148	148	144	145	149	142	142	147	145	144	144	144	144	144	144	143	143	143
155	137	140	136	138	138	136	140	139	141	139	139	141	141	139	140	141	139	138	138	139	139	138	140	142	138	139	140	141	141	141	141	141	139	141	142	142	143	143	142	144	141	141	142	141	141	141	143	145	149	147	144	142	142	144	149	152	145	145	146	146	147	147	147	147	146	145	147	149	149	150	150	148	150	151	151	151	152	152	152	152	153	153	154	154	154	154	154	155	155	155	153	150	158	161	187	197	204	204	197	199	200	199	202	198	197	197	196	193	192	191	189	186	184	182	179	177	175	175	174	174	174	176	181	186	190	192	193	193	192	192	192	193	195	197	197	197	197	196	197	197	197	197	198	198	200	201	201	201	201	201	201	201	200	201	202	202	202	202	203	203	200	200	201	202	202	203	203	203	205	205	205	205	205	205	205	205	205	204	206	204	207	204	205	204	205	204	204	204	203	203	208	214	213	212	210	207	207	209	210	210	216	214	216	213	218	216	217	215	214	214	214	215	215	216	216	216	213	214	215	216	216	216	216	216	216	214	216	217	215	215	216	214	216	216	216	216	217	216	215	214	215	210	212	211	210	209	204	207	204	200	195	191	189	187	185	182	181	180	179	181	186	195	202	207	209	212	214	215	216	218	219	219	219	219	219	219	218	217	216	216	217	216	216	216	217	217	217	216	216	215	215	216	212	218	213	218	226	209	177	99	108	176	196	228	214	215	213	217	210	203	205	204	203	201	199	197	195	191	187	184	199	216	229	236	198	46	62	112	125	132	134	135	136	135	138	134	137	136	140	137	130	126	133	155	168	178	187	192	194	194	195	196	199	199	199	199	199	200	201	202	203	203	203	202	201	199	197	195	198	196	197	189	185	188	187	191	193	194	195	196	197	197	197	196	198	199	200	200	199	198	198	198	198	196	196	198	198	196	196	198	201	199	201	200	204	204	184	168	140	137	139	125	123	121	122	122	120	118	120	116	113	101	134	184	209	220	204	205	203	200	200	199	194	192	191	184	182	171	174	161	163	159	158	164	173	191	190	193	195	194	194	195	196	198	199	199	198	198	198	199	199	199	199	199	202	202	201	201	202	203	203	204	200	203	204	202	200	199	199	199	198	197	196	196	195	194	192	191	194	192	192	192	191	190	190	192	193	193	193	192	191	189	189	189	189	189	188	189	189	189	189	188	191	191	190	189	189	188	187	187	187	188	187	186	185	185	184	182	184	182	182	180	179	179	178	177	174	174	173	174	172	170	167	165	162	159	157	156	153	148	149	154	164	178	170	181	175	181	178	180	182	183	184	184	185	186	187	188	184	185	186	186	185	185	184	184	187	187	186	184	183	182	182	182	182	182	183	185	185	183	179	176	175	172	166	159	149	154	148	152	153	151	152	155	157	156	156	157	155	153	150	150	150	149	151	156	156	156	157	157	155	155	155	153	157	156	154	153	152	151	150	150	151	150	148	148	150	151	150	148	153	152	151	150	149	148	147	148	148	148	147	147	147	147	147	148	147	146	150	145	144	148	146	147	144	144	144	144	144	143	142	142
156	136	139	136	138	138	136	141	140	139	141	141	139	139	140	140	139	139	138	138	139	138	137	138	141	139	139	140	141	141	141	141	141	142	142	143	143	141	140	141	140	139	140	140	139	138	139	141	143	135	137	141	144	146	144	141	138	145	145	146	146	146	146	146	146	146	147	147	148	150	149	148	147	150	150	150	151	151	152	152	152	152	153	153	153	153	153	154	154	154	153	153	151	156	162	185	199	204	204	198	200	202	200	203	200	199	199	198	195	193	192	189	186	185	183	179	176	175	174	174	173	172	175	180	185	189	193	194	194	192	191	192	194	196	197	198	199	200	201	202	202	202	203	203	204	200	201	202	202	202	202	203	203	201	201	202	202	201	201	202	202	203	203	203	203	203	202	202	203	206	206	206	206	206	206	206	206	206	208	205	207	204	208	206	207	206	206	206	205	204	204	208	213	213	213	210	208	208	211	211	210	212	212	209	213	211	215	212	212	215	215	215	215	215	216	216	216	216	216	217	218	218	217	217	217	216	214	216	218	216	216	217	215	216	216	216	216	216	215	214	212	213	212	214	209	208	211	206	205	203	200	195	191	189	187	184	182	182	180	179	181	186	193	201	205	207	210	213	214	215	217	218	217	214	214	215	217	217	218	218	218	217	217	215	215	214	213	212	211	214	214	214	215	210	217	212	216	227	209	176	97	105	179	195	226	215	217	215	218	214	203	205	205	202	201	199	196	195	191	187	184	198	215	228	237	195	46	63	111	125	133	134	135	136	135	139	135	138	136	141	137	129	124	132	154	168	178	187	193	194	195	196	196	199	200	200	200	200	200	202	203	202	203	203	202	201	199	197	196	198	197	198	190	186	188	186	189	192	192	193	195	195	195	196	196	200	200	201	200	199	198	198	197	197	199	198	196	196	198	199	197	202	200	202	201	205	203	183	166	138	136	138	124	123	121	121	121	118	116	120	115	109	102	137	185	211	222	205	207	203	201	201	201	195	192	190	185	181	172	172	161	163	159	159	165	175	192	191	194	195	195	195	195	197	198	199	199	198	198	199	199	199	200	200	200	202	202	202	201	202	202	203	203	200	202	202	201	201	201	200	198	200	199	198	198	197	196	195	194	193	192	191	192	191	190	191	193	197	197	197	195	193	192	192	191	191	190	189	189	190	190	189	189	191	189	189	189	188	188	189	188	188	189	189	187	185	185	184	181	184	182	182	181	180	180	179	178	174	174	173	174	172	169	166	164	162	159	157	156	152	148	150	154	162	174	168	179	173	180	176	181	179	180	182	183	184	185	187	188	183	184	185	185	185	184	184	184	184	184	184	184	184	185	185	185	182	183	184	185	186	183	179	176	174	171	165	159	149	154	149	152	151	153	154	154	155	158	158	155	153	150	150	150	148	149	153	155	156	157	156	156	156	155	153	154	155	153	152	151	151	151	151	151	154	151	149	149	150	149	147	146	150	150	150	149	149	150	150	150	149	148	147	147	146	146	146	147	148	144	147	146	146	146	143	148	145	144	144	144	143	142	142	141
157	136	139	136	138	138	136	141	140	138	141	141	138	138	141	140	138	139	137	137	139	139	136	137	140	140	140	140	140	140	141	141	141	141	139	142	143	140	141	142	139	143	140	137	138	144	146	142	136	148	145	142	141	143	146	149	151	146	146	146	147	147	146	146	146	147	148	145	144	148	148	146	149	149	150	149	150	151	151	151	151	152	152	153	153	153	152	153	154	153	152	153	152	154	162	182	200	203	204	199	201	202	200	203	200	200	200	198	195	193	192	189	186	185	183	179	176	175	174	173	173	170	174	179	184	188	193	194	194	193	191	190	192	194	196	199	199	192	193	194	194	194	195	196	196	200	201	201	202	201	201	201	202	201	202	202	202	201	201	201	202	205	205	205	206	206	207	207	208	206	206	206	206	206	206	206	206	205	208	203	207	201	208	205	207	206	206	206	205	205	206	210	213	215	215	214	212	213	215	215	214	216	218	214	221	216	222	218	220	218	218	218	217	217	217	217	217	218	218	218	218	218	218	217	217	217	215	217	218	215	216	217	215	217	217	216	216	216	215	214	213	213	213	215	208	208	212	207	205	203	199	195	191	189	187	184	182	182	180	179	180	185	192	200	204	207	210	212	212	213	215	216	215	213	214	214	215	215	215	215	216	214	214	213	213	213	213	212	211	212	213	213	213	209	216	211	215	227	208	173	98	103	180	196	222	215	219	219	220	219	203	204	206	202	201	199	196	195	192	188	185	196	214	226	238	192	47	63	110	125	133	134	136	137	136	139	135	138	137	141	136	128	123	131	154	168	178	187	193	195	196	197	197	200	200	200	200	200	200	201	202	201	202	202	202	201	200	198	198	199	198	199	190	186	188	186	188	188	188	189	192	194	195	196	198	201	201	201	200	199	199	198	197	196	200	199	196	196	199	200	196	203	200	202	202	205	202	181	165	137	135	138	124	123	120	120	120	118	115	119	114	108	104	141	187	212	222	206	208	205	202	202	202	196	194	189	187	181	173	172	162	163	161	158	167	174	195	192	195	196	196	196	197	199	200	200	200	200	200	200	201	201	201	202	202	201	201	201	201	200	201	201	201	200	201	201	201	202	203	201	198	199	198	197	197	197	197	196	195	193	192	192	192	192	191	192	194	198	199	197	194	192	192	192	191	192	191	190	189	190	190	190	190	190	187	188	190	187	188	190	189	188	189	189	187	186	185	184	182	183	182	182	181	181	180	179	179	174	174	173	174	172	169	165	163	160	159	157	155	151	149	151	155	162	170	168	175	171	175	170	176	175	176	178	179	180	181	183	184	183	183	184	184	184	184	184	185	184	184	184	184	184	185	185	185	185	184	183	183	184	183	181	179	174	171	165	159	150	156	150	155	150	154	155	152	154	158	158	154	152	148	149	150	147	150	154	154	155	157	155	155	157	154	151	154	155	153	151	150	150	150	150	149	152	149	148	149	149	149	148	148	151	151	151	149	148	149	149	148	148	148	147	147	146	146	145	145	146	140	144	144	144	142	140	146	144	144	144	144	143	142	142	141
158	136	139	136	138	138	136	140	139	139	138	139	140	140	139	140	140	138	136	136	139	139	136	136	140	140	140	139	139	139	140	140	141	140	136	139	142	139	142	144	139	137	142	145	143	139	139	141	143	138	140	143	145	145	143	142	142	145	145	146	146	146	146	146	146	144	147	143	142	147	147	145	149	149	149	149	150	150	151	151	151	152	152	153	153	152	152	152	153	153	151	153	152	152	161	179	199	202	204	200	201	201	198	201	199	198	198	197	194	192	191	189	186	185	183	180	177	175	174	173	172	170	174	179	183	187	192	193	192	194	191	191	193	195	196	198	198	199	199	200	200	200	199	200	201	199	200	201	201	200	200	201	201	203	203	204	204	204	204	204	205	202	202	202	203	204	205	206	207	207	207	207	207	207	207	207	207	206	208	207	206	205	208	207	206	207	208	208	207	207	209	212	215	213	213	212	211	212	214	214	213	214	216	216	218	217	219	219	220	221	221	221	221	220	220	220	220	220	220	220	219	219	219	219	219	220	217	218	218	215	216	217	215	218	217	216	216	216	216	215	214	215	213	214	210	209	211	207	208	203	200	196	193	191	188	185	182	181	179	178	179	184	192	199	203	207	210	212	212	213	214	215	214	215	215	214	214	213	213	212	212	212	212	212	213	214	215	214	213	211	212	213	212	208	216	210	214	225	207	170	100	102	180	200	219	214	220	223	222	221	202	202	205	202	202	199	195	194	193	190	186	194	212	225	239	190	48	63	109	125	133	134	135	136	135	139	135	138	137	141	136	128	123	131	154	168	178	188	194	195	196	198	198	199	200	200	199	199	199	200	201	200	200	201	201	201	200	200	200	200	199	200	190	185	188	186	188	187	185	186	189	192	193	195	198	201	201	200	200	199	199	199	199	198	199	198	197	197	198	199	198	202	199	201	201	204	201	180	165	136	134	138	124	122	120	119	118	119	115	118	113	108	107	145	188	211	221	206	207	205	202	201	200	198	195	190	189	182	174	172	164	163	162	157	170	173	197	191	196	196	197	198	200	202	204	204	203	201	201	201	201	201	201	201	201	198	198	199	199	199	199	198	198	197	199	200	199	198	198	197	195	198	196	194	193	193	193	193	192	196	195	194	194	193	192	193	196	198	198	196	192	190	190	191	190	193	191	189	188	189	189	190	190	190	185	188	191	187	187	190	188	187	188	188	186	185	186	185	183	183	182	182	182	181	180	179	177	174	173	173	174	173	170	166	164	159	158	156	153	150	149	151	155	165	170	172	174	173	174	169	174	174	175	176	177	178	179	180	181	183	183	184	183	183	184	186	187	186	186	186	185	184	184	183	183	186	185	184	184	185	184	182	180	175	172	166	160	151	158	153	158	153	154	154	154	156	157	156	155	151	148	150	150	146	149	154	152	153	156	153	153	156	153	149	154	155	154	151	149	149	148	148	148	147	146	146	148	149	148	149	150	151	152	152	149	147	148	146	144	146	146	146	146	146	145	145	144	147	145	148	146	145	147	144	148	142	142	143	143	143	143	143	143
159	137	139	136	137	137	135	139	138	140	136	136	142	142	138	138	143	136	135	136	140	139	136	137	140	140	140	139	138	138	139	140	140	143	137	139	142	138	140	142	135	142	140	136	134	137	141	141	139	142	144	145	144	142	142	144	147	144	144	145	146	146	146	147	147	140	145	143	142	149	147	143	146	149	149	149	150	150	150	151	151	151	152	153	152	152	152	152	153	153	151	153	152	150	160	176	197	202	204	201	202	200	197	200	198	196	196	195	193	191	191	188	185	185	183	180	177	175	174	173	172	169	174	179	182	186	191	192	191	192	190	192	195	197	196	196	194	195	196	197	196	195	195	195	196	198	199	200	201	201	201	202	202	205	206	206	207	207	207	208	208	209	208	207	206	206	206	207	207	208	208	208	208	208	208	208	208	208	208	212	207	211	208	211	207	210	211	211	209	209	211	214	216	216	216	216	215	216	218	219	217	217	217	222	218	223	219	225	224	223	223	223	223	223	223	223	223	224	224	223	223	222	223	223	224	225	222	222	221	218	218	220	217	218	217	216	216	217	217	216	216	218	212	213	212	211	210	206	211	203	200	196	194	192	189	185	182	180	178	177	179	184	192	199	204	207	210	212	212	212	214	214	213	214	213	213	212	213	213	214	214	215	214	214	214	215	214	213	212	211	212	212	212	207	215	210	213	223	206	168	102	102	180	203	216	213	221	225	223	223	200	200	204	202	202	199	195	194	193	191	187	192	211	224	239	190	48	64	108	124	132	133	135	136	135	138	134	137	136	140	136	128	123	132	155	168	178	188	194	196	197	198	199	199	199	199	198	198	198	199	200	200	200	200	200	201	201	201	201	200	200	200	190	185	188	186	188	187	185	185	188	190	191	193	197	201	200	199	199	199	200	200	200	200	197	197	199	199	197	197	200	201	197	199	200	203	200	180	165	135	133	137	124	122	119	118	117	120	115	118	113	108	109	148	187	211	220	205	207	205	202	201	200	199	197	190	190	182	175	173	165	163	163	156	172	172	199	191	197	196	198	200	203	205	207	207	206	212	212	211	211	211	210	210	210	210	211	211	212	212	212	211	211	206	210	212	210	208	207	207	206	210	208	205	203	202	201	200	200	199	197	196	196	195	193	195	197	199	200	197	192	190	191	192	191	193	191	189	187	188	189	190	190	190	184	188	192	187	187	190	187	186	187	187	186	185	186	186	185	184	183	183	182	181	180	178	176	173	173	173	175	173	171	167	165	158	157	155	153	150	149	152	155	165	169	175	175	179	178	175	180	176	177	178	178	178	179	180	181	184	184	184	184	184	185	187	189	184	184	185	185	185	185	185	185	185	185	186	188	188	186	182	179	176	172	166	160	152	159	156	161	156	153	154	158	159	156	155	157	152	147	150	151	146	149	154	151	151	154	151	151	156	152	148	154	151	150	149	148	149	150	151	151	148	146	147	148	147	145	145	148	147	149	150	148	148	149	148	145	144	144	145	145	145	145	144	144	143	144	147	141	141	146	143	143	141	141	142	143	143	144	144	144
160	138	137	137	137	137	137	138	138	138	137	137	137	137	138	139	139	135	135	135	136	136	137	137	137	141	140	138	137	138	139	140	140	139	144	139	142	139	134	140	137	139	139	138	137	137	138	140	142	140	138	138	141	142	140	141	145	142	143	144	145	144	144	144	144	146	146	146	146	146	146	146	146	144	146	149	151	151	151	151	150	151	149	150	152	153	151	152	154	153	153	153	151	152	152	177	192	204	204	198	205	196	198	200	197	194	196	195	193	190	190	187	183	182	181	180	179	177	174	171	168	170	175	177	187	187	194	191	192	189	189	189	190	191	194	196	197	199	198	196	195	199	203	199	193	203	204	202	203	203	204	204	204	205	206	207	206	206	205	204	203	209	209	210	210	209	208	208	209	210	215	221	224	223	219	217	214	213	216	215	212	211	214	215	212	214	215	216	217	217	218	219	220	219	220	221	222	223	223	223	224	223	224	225	226	226	227	228	229	228	228	228	228	229	229	230	231	230	230	229	228	227	227	228	229	228	228	228	228	228	227	226	225	223	226	226	222	227	226	218	223	218	218	218	218	217	216	213	212	209	206	201	198	195	193	189	186	184	183	182	183	187	194	202	207	210	208	215	218	213	215	218	214	215	217	217	216	216	218	219	219	217	217	217	218	218	218	218	218	220	219	218	219	218	217	218	220	235	210	179	104	115	185	214	219	225	226	241	227	227	212	214	213	212	214	208	209	201	203	196	195	199	227	233	244	205	58	70	122	135	145	146	148	147	147	150	146	136	138	144	146	143	137	141	159	174	186	193	198	193	191	198	199	199	199	199	199	199	199	200	201	200	200	201	202	201	201	201	202	201	202	200	194	183	188	184	189	189	184	184	191	194	190	191	197	198	198	198	198	197	197	198	199	198	197	197	197	198	198	199	200	197	200	199	200	203	195	182	159	140	136	134	128	121	123	127	121	120	119	116	109	111	112	147	190	214	218	207	207	203	205	203	203	197	197	192	185	181	179	172	164	164	164	154	176	176	199	193	199	196	200	198	203	204	202	206	204	210	212	213	213	215	218	218	217	221	220	219	218	216	215	214	214	219	217	215	214	214	214	215	215	212	212	211	210	209	208	206	204	201	200	198	195	193	191	191	192	195	199	192	192	191	188	192	187	189	189	189	190	191	190	190	188	186	185	186	188	187	185	186	188	183	185	185	183	181	183	183	182	184	184	183	182	182	180	179	177	177	175	173	174	172	167	164	162	159	158	155	152	151	148	150	158	164	173	173	175	175	176	180	175	177	177	176	176	176	178	179	180	182	183	183	182	182	183	183	182	188	183	184	185	180	182	186	183	183	187	184	184	188	183	178	183	175	170	166	156	148	156	164	158	158	153	153	156	155	155	155	154	153	147	149	151	148	151	156	151	153	157	153	152	152	151	154	150	155	154	153	152	151	151	151	151	150	148	147	148	150	151	150	148	148	147	145	144	144	145	148	148	149	146	149	147	146	147	144	146	146	146	145	145	144	143	143	142	143	142	142	144	144	142	141	142
161	134	134	133	133	133	134	134	135	136	136	136	136	137	137	137	138	135	135	135	135	135	136	136	137	136	136	137	138	139	139	138	137	137	141	137	140	140	137	144	142	138	138	138	137	137	138	140	141	137	138	139	139	139	142	143	144	141	142	143	144	144	144	145	145	142	142	143	144	146	147	148	148	146	146	147	147	148	149	150	152	149	151	152	150	150	153	153	151	152	151	151	154	151	148	172	193	201	202	196	202	195	196	198	196	198	198	197	194	190	188	185	182	187	183	179	175	173	173	173	173	172	177	178	188	188	195	193	194	191	191	191	192	194	196	198	200	195	198	200	200	200	202	203	204	206	205	205	206	207	207	207	207	210	210	208	208	208	209	209	210	205	207	211	213	216	216	216	216	218	218	218	216	213	209	206	205	205	205	205	206	205	204	205	206	208	208	208	207	206	206	206	207	208	209	210	210	210	210	211	211	214	214	214	214	213	212	212	213	217	217	216	216	217	217	218	218	217	218	218	217	216	216	216	217	216	217	217	217	216	215	215	214	214	215	215	211	215	214	206	211	211	209	207	206	205	205	204	204	198	194	189	186	183	181	177	174	172	171	170	170	174	181	189	195	199	198	204	207	203	204	208	204	204	205	206	204	204	205	206	206	206	206	206	206	207	207	207	207	208	207	206	207	207	206	207	209	223	197	165	88	110	173	196	213	205	212	218	215	206	197	196	197	195	196	190	190	183	185	179	177	184	211	217	227	189	42	53	106	119	129	129	130	129	130	134	130	121	122	129	129	126	121	127	148	165	180	189	195	195	194	200	201	198	199	199	199	199	199	200	201	200	201	201	201	201	201	201	201	200	200	198	193	184	190	187	193	191	189	189	191	192	191	191	193	198	199	199	199	199	198	198	198	198	198	198	198	198	198	198	198	199	199	199	198	200	196	180	161	139	136	134	127	121	123	126	121	118	121	118	107	109	115	151	190	213	218	207	207	204	206	204	202	198	197	193	186	181	178	172	164	165	164	154	175	176	198	193	198	195	199	197	202	204	203	208	206	205	207	207	206	206	208	208	206	209	209	210	211	212	213	214	214	211	210	209	208	209	210	210	210	210	209	208	208	207	207	205	204	203	203	202	201	200	199	200	201	203	203	190	186	184	185	194	193	192	190	188	188	189	191	195	196	192	191	192	193	193	192	193	195	193	195	195	192	190	191	190	189	188	187	186	186	185	183	181	180	177	175	173	174	172	168	164	163	159	158	155	152	151	148	150	159	166	173	174	175	176	176	180	176	178	177	177	177	178	179	180	181	183	181	181	183	184	182	182	184	187	185	185	185	183	184	186	185	185	188	185	185	188	183	177	181	176	168	163	157	150	155	162	161	158	153	154	157	156	156	157	155	153	148	149	150	147	150	154	151	151	155	151	152	152	151	154	150	153	152	152	151	151	151	151	150	150	150	149	149	150	150	149	148	146	146	146	145	145	144	146	146	147	145	148	146	146	147	144	146	145	145	145	144	144	144	143	143	145	143	142	142	141	141	142	143
162	136	136	135	135	135	136	136	136	135	135	135	136	136	136	136	136	136	135	135	134	134	135	135	136	134	134	135	137	138	138	137	136	136	139	137	139	138	136	140	138	137	137	138	137	137	138	139	140	138	141	141	137	136	140	141	138	140	141	142	142	143	143	144	145	142	143	143	144	144	145	146	146	145	145	146	146	146	147	149	150	148	153	153	148	148	153	153	149	151	150	149	157	149	144	167	193	205	208	201	206	200	201	202	200	197	197	196	193	190	190	187	185	185	183	181	178	176	175	173	172	170	174	175	184	185	192	190	192	192	192	192	193	195	197	199	201	198	200	203	204	202	201	204	208	205	206	206	207	208	208	208	208	210	210	209	209	209	210	211	212	203	207	212	216	219	220	219	216	215	213	211	211	210	210	209	209	210	207	208	212	211	208	208	212	210	210	210	209	209	209	210	212	212	212	212	212	212	212	213	214	215	215	216	216	215	215	215	216	217	217	216	216	216	216	217	217	216	217	218	218	217	217	217	217	217	217	217	217	216	216	215	215	215	215	215	211	214	215	209	213	212	211	208	206	206	205	205	204	199	195	191	187	184	181	177	174	173	171	170	170	173	181	189	195	197	197	202	204	202	203	206	205	204	206	207	205	205	206	206	205	207	207	207	207	207	207	207	207	208	207	207	207	207	206	207	210	223	197	161	84	114	176	189	218	199	213	209	218	200	195	193	194	193	193	188	186	180	180	175	173	182	206	214	223	182	40	51	102	118	126	126	127	126	125	131	127	124	123	128	126	121	115	121	145	160	177	187	194	195	194	200	199	198	199	199	199	199	199	200	201	201	201	201	201	200	200	200	201	200	200	197	193	184	190	188	195	194	195	195	192	190	189	188	187	198	199	200	200	200	198	198	198	198	198	198	198	198	198	197	197	197	196	202	200	200	201	175	159	138	136	133	126	119	123	125	121	117	121	119	106	108	119	157	191	213	218	207	208	205	207	204	203	199	198	193	187	182	178	172	164	165	164	155	175	177	198	193	198	197	199	197	200	201	199	203	201	201	202	202	200	200	201	200	198	199	199	200	201	202	203	204	205	207	206	206	206	207	208	208	208	208	207	206	206	206	206	206	205	204	205	205	205	205	205	206	206	205	205	197	193	190	190	194	192	192	193	194	194	193	192	193	193	190	190	190	191	191	190	191	194	193	194	193	191	189	189	188	187	192	191	190	189	188	186	184	183	177	176	174	174	172	168	165	163	159	159	155	152	151	148	151	160	168	175	174	176	176	177	181	178	178	178	179	179	180	181	181	182	184	179	180	185	185	181	182	186	185	187	186	185	187	187	186	188	187	189	187	186	187	182	178	180	177	166	160	157	153	153	159	162	158	154	155	157	157	157	158	156	153	149	148	148	147	149	152	150	149	153	150	151	152	150	153	149	151	151	151	151	151	150	150	149	150	151	151	150	150	149	148	147	145	145	146	146	145	146	145	144	146	144	147	144	144	146	144	146	144	144	144	144	144	144	143	143	145	143	142	142	141	140	141	143
163	132	132	132	132	133	133	133	133	134	134	135	136	136	136	136	135	135	134	134	133	134	134	135	135	135	135	134	134	135	136	137	136	136	137	137	138	138	136	136	134	136	136	137	137	137	137	138	139	139	141	140	137	136	137	138	137	140	141	141	141	141	142	143	145	143	143	143	143	144	144	144	144	143	144	146	147	147	147	147	147	147	151	151	148	148	152	152	149	150	150	149	157	148	144	165	190	203	208	200	203	198	200	199	199	197	196	195	193	191	190	189	187	185	184	182	180	178	175	173	171	176	179	180	190	191	197	196	199	194	194	194	195	196	199	201	202	204	201	201	204	205	203	204	206	206	206	207	207	208	208	208	208	207	207	208	210	211	211	210	209	211	214	215	216	216	215	213	212	212	212	213	214	218	222	226	227	226	225	226	228	228	226	225	228	226	226	226	226	226	227	229	231	228	228	228	227	227	227	229	230	229	229	230	231	231	231	232	233	232	232	232	232	232	232	232	232	231	232	233	234	233	233	233	233	233	233	233	232	232	232	231	231	231	228	230	227	229	231	227	230	227	227	226	225	224	222	220	218	216	212	207	203	201	197	194	191	192	191	188	188	192	199	208	214	215	216	220	222	221	222	224	225	223	226	227	226	225	226	226	225	227	227	227	226	226	226	226	226	225	224	224	225	225	224	225	227	242	214	173	102	126	199	206	234	213	230	222	234	217	208	210	209	209	209	204	200	195	194	191	188	200	221	231	238	197	57	68	119	134	141	141	141	141	140	145	142	150	147	149	142	132	125	129	152	166	179	187	195	195	191	195	193	198	199	199	199	199	199	200	201	201	201	201	201	200	200	200	200	202	201	197	192	183	189	187	196	198	199	199	195	188	182	181	182	198	199	200	200	199	198	198	198	197	198	198	198	198	198	197	197	199	195	203	201	198	202	172	161	137	137	133	125	119	122	123	121	118	120	118	106	108	121	161	193	213	218	208	208	205	207	204	202	200	198	193	187	183	178	171	165	166	165	158	175	180	198	194	198	198	200	197	199	200	198	202	200	202	202	202	202	202	202	201	201	203	204	204	204	204	205	205	205	207	206	206	207	208	208	208	208	208	207	206	206	206	207	207	206	203	204	205	205	205	204	204	205	202	204	202	200	197	196	194	190	192	195	197	198	195	192	192	191	189	189	190	191	191	190	190	191	190	191	191	190	189	189	189	189	189	189	188	187	186	185	183	182	178	178	176	174	172	168	164	162	160	158	154	152	151	149	152	161	171	176	175	177	177	177	182	180	178	179	179	180	181	181	182	181	184	180	181	184	185	182	182	186	183	188	185	185	189	188	185	189	188	188	187	186	185	181	178	178	175	166	159	155	153	155	159	162	156	154	156	158	157	158	159	156	152	150	149	148	148	149	150	149	149	152	149	152	152	149	151	148	150	151	151	151	150	149	149	148	149	150	150	150	149	147	147	146	146	147	147	148	147	146	145	144	146	143	146	144	143	145	142	144	144	143	143	143	143	143	143	143	142	142	142	144	143	141	139	139
164	132	132	132	132	133	133	133	133	134	134	135	136	136	136	135	135	133	133	133	133	133	134	135	135	136	135	135	135	135	136	136	136	137	135	136	135	137	138	137	137	135	135	136	136	136	136	137	138	137	135	136	138	138	136	138	141	140	140	140	140	140	140	142	143	141	141	142	143	144	145	145	146	143	144	146	147	147	146	146	147	147	147	148	149	150	150	150	151	150	151	150	153	148	145	166	185	202	210	200	201	198	199	197	197	200	199	196	195	191	189	187	186	190	186	180	176	174	174	175	176	172	174	174	185	186	193	192	196	196	195	196	196	198	200	203	204	201	199	199	203	204	204	205	208	207	207	208	209	209	210	210	210	207	208	210	212	213	212	212	211	222	221	217	215	213	209	209	209	215	217	218	221	222	223	225	226	225	228	229	227	226	227	227	225	229	229	228	227	226	227	228	229	229	229	228	228	228	228	230	232	232	233	233	233	232	232	232	232	230	230	231	231	232	232	232	232	231	232	233	233	233	232	232	232	232	232	232	231	231	231	231	231	231	227	229	227	227	230	228	229	229	229	228	227	226	224	222	220	216	212	207	203	201	198	194	191	192	190	188	188	192	199	208	214	216	219	221	222	223	224	225	227	224	226	227	227	227	228	228	227	227	227	227	226	226	226	226	225	227	226	226	227	226	225	226	229	244	217	169	107	119	205	211	230	221	233	229	236	226	211	217	213	215	214	211	204	202	199	197	193	204	223	235	241	197	62	71	123	137	145	144	146	144	144	149	145	158	156	156	146	134	127	132	155	170	180	186	194	195	193	194	190	198	199	199	199	199	199	200	201	201	201	201	200	199	199	200	200	204	201	197	192	182	188	186	196	201	200	200	198	187	175	175	182	199	199	199	198	197	196	198	199	197	197	198	198	198	198	198	197	204	198	201	198	193	200	172	165	136	138	132	123	120	120	122	121	121	116	116	107	109	122	163	197	214	221	208	209	205	207	204	201	200	198	193	188	183	178	171	165	167	165	160	177	183	199	196	199	198	200	198	202	204	203	208	207	206	206	206	206	206	206	205	205	205	205	206	207	208	208	209	209	207	207	207	207	208	208	207	206	208	207	206	205	206	206	206	206	202	203	204	204	203	202	202	202	203	202	200	195	194	196	195	194	193	194	193	192	191	191	196	198	187	189	190	189	188	187	187	186	182	182	182	182	184	183	183	184	185	184	184	184	183	182	181	179	179	179	177	174	171	168	164	160	159	158	153	151	150	149	153	162	172	177	175	177	178	177	182	181	178	178	180	181	181	182	181	181	183	183	183	183	183	184	184	183	182	187	185	184	189	188	184	188	188	187	187	186	183	181	180	178	172	168	159	153	154	158	159	159	155	154	157	158	157	158	159	155	151	151	149	148	150	149	148	148	150	152	149	152	152	148	150	147	151	151	151	151	150	149	147	147	147	148	148	148	147	146	146	146	146	146	146	146	146	146	146	146	146	143	146	143	142	144	140	142	144	143	143	143	142	142	142	142	141	141	142	144	143	140	139	139
165	134	134	134	135	135	135	135	134	134	134	134	135	135	135	135	135	131	131	132	133	133	134	134	134	134	134	135	136	137	136	134	133	139	134	134	131	133	137	135	137	134	135	135	134	134	135	136	137	138	135	135	138	138	135	136	140	139	139	140	139	139	139	140	141	142	142	142	143	143	143	144	144	145	145	144	143	143	144	146	148	147	145	146	149	150	148	149	152	150	150	152	150	149	143	167	183	204	214	202	202	201	202	198	200	200	198	197	197	194	191	189	188	190	187	182	179	176	176	175	175	176	177	178	190	191	197	196	201	195	194	195	195	197	199	202	203	199	202	205	204	201	200	204	209	207	207	208	208	209	209	209	209	210	210	210	211	211	213	214	215	221	219	214	210	207	206	209	211	215	217	215	213	209	205	203	202	200	204	205	201	200	203	203	200	203	203	203	202	202	203	204	205	205	205	205	204	204	205	206	208	207	207	208	208	208	208	209	210	205	205	206	207	207	208	208	208	207	207	208	208	207	207	207	207	207	207	206	206	206	206	206	206	207	201	205	203	200	203	202	201	205	203	201	199	198	197	197	196	190	186	182	178	176	173	169	167	166	164	163	163	167	174	183	189	189	194	195	195	198	197	196	200	198	200	201	201	201	202	203	202	201	201	200	200	200	200	200	200	203	202	202	202	202	200	201	204	220	194	138	81	94	180	190	203	202	207	209	210	207	190	196	193	194	192	191	183	183	178	177	172	183	198	214	219	175	43	51	102	115	124	123	125	124	123	127	123	133	129	130	122	113	110	121	147	162	172	180	191	196	197	199	196	198	198	199	199	199	199	200	201	200	201	200	200	199	199	200	201	203	200	196	192	182	188	187	197	203	199	199	199	189	177	178	187	200	199	198	197	196	196	198	199	197	197	197	198	198	198	198	198	199	198	200	205	197	199	169	159	135	138	131	122	120	120	118	119	122	114	115	107	108	123	166	198	214	220	208	209	205	206	203	201	200	197	192	188	183	177	171	165	167	165	162	178	187	200	198	199	198	201	199	203	205	204	209	207	209	208	208	208	208	207	206	207	205	206	206	206	206	207	207	207	209	209	208	208	209	208	207	206	208	207	206	205	205	205	205	204	202	203	204	204	203	202	202	202	202	200	200	194	193	197	194	195	192	192	192	191	191	191	194	194	186	189	189	188	186	185	184	184	189	189	191	191	190	188	189	190	185	184	184	184	184	183	182	181	179	179	177	173	171	168	163	159	159	157	153	150	149	148	153	163	173	177	175	178	178	176	181	180	178	178	180	181	181	181	181	181	182	185	185	182	182	185	185	182	183	185	185	185	188	187	186	187	188	186	187	186	182	182	182	178	171	169	159	152	156	159	158	157	155	155	158	159	157	158	159	155	149	151	148	146	150	149	146	148	150	152	148	151	151	147	149	147	152	151	151	150	149	148	147	146	146	146	145	145	145	145	145	145	147	146	145	144	145	145	146	146	145	143	145	140	139	141	137	139	143	143	143	142	142	141	141	141	143	141	140	141	141	140	140	141
166	130	130	131	131	131	131	131	130	133	133	133	133	133	134	134	134	130	131	132	133	133	133	132	132	132	132	133	134	135	134	133	132	138	133	136	134	137	141	134	134	134	134	134	133	133	134	136	137	139	138	137	137	136	135	135	137	137	138	139	139	139	139	140	140	142	142	142	142	142	141	141	141	144	144	143	142	142	143	145	147	145	146	147	147	148	149	150	149	151	146	153	148	152	136	166	185	201	213	201	201	201	203	198	201	200	198	198	199	197	194	192	192	188	187	185	184	181	178	175	173	174	175	176	188	190	195	194	199	195	195	195	196	197	200	202	203	203	206	208	205	202	202	205	207	207	207	208	209	209	209	210	209	212	211	211	211	212	213	215	215	214	213	210	208	208	209	211	215	216	213	211	207	202	200	197	198	195	196	197	195	195	195	196	196	195	195	196	196	197	197	199	200	200	200	200	199	198	199	200	201	199	200	201	202	202	203	204	205	199	200	201	201	202	202	201	201	202	202	202	201	201	200	201	201	201	200	200	199	199	199	200	200	201	194	199	197	193	196	195	193	196	195	192	191	190	190	189	189	183	180	175	172	170	167	164	161	158	157	156	157	161	168	177	182	180	187	187	187	191	189	187	191	192	194	194	193	193	194	195	194	194	194	194	194	194	194	194	194	197	196	195	196	195	194	194	196	212	189	126	68	97	168	184	198	196	196	201	201	199	188	188	188	187	185	185	176	177	171	171	166	176	189	208	212	167	39	47	95	108	116	118	118	117	116	121	117	119	118	119	116	109	110	123	150	164	171	177	189	199	202	206	201	198	198	199	199	199	199	200	201	200	200	200	199	199	199	200	201	202	199	195	192	182	187	186	196	202	199	198	198	193	188	188	193	200	200	199	198	197	196	198	199	198	198	197	197	197	197	197	197	193	199	198	209	201	197	168	153	134	139	131	121	121	120	117	119	118	114	115	105	106	126	173	198	213	220	210	208	205	206	203	201	199	196	191	187	183	177	170	166	165	164	163	178	189	201	199	199	199	202	200	204	205	202	206	204	209	208	208	209	209	207	206	208	211	211	211	211	210	210	209	209	211	211	210	210	210	210	209	208	207	207	206	206	207	206	205	205	203	204	204	204	203	202	201	202	201	199	202	196	194	197	191	192	191	191	192	192	192	191	190	189	191	192	192	190	189	189	189	189	187	186	188	188	187	185	186	188	186	186	185	185	185	184	183	181	177	178	176	173	170	168	164	159	158	157	152	149	149	148	153	163	173	176	175	178	178	176	180	180	179	179	180	181	181	182	182	182	183	183	183	184	184	184	184	185	186	185	187	188	187	188	189	187	190	187	189	188	182	183	184	178	172	168	158	154	160	159	155	158	155	156	160	160	158	159	159	154	148	150	146	143	148	147	145	149	150	150	147	150	150	146	149	148	151	150	149	148	147	147	146	146	146	145	143	143	144	145	145	144	145	145	145	144	144	143	144	144	144	142	142	140	139	141	137	139	142	142	142	142	142	141	141	141	141	140	140	141	141	140	140	141
167	131	132	132	133	133	133	132	132	133	132	132	132	132	133	133	134	130	131	132	133	133	132	131	131	133	131	130	129	130	132	134	134	132	130	140	142	147	150	139	138	134	134	133	133	132	133	136	137	135	138	138	135	134	138	139	137	135	136	138	139	139	139	140	140	138	138	139	140	141	143	143	144	141	142	143	143	143	143	143	143	144	148	149	145	145	150	150	146	151	143	154	148	154	130	164	188	206	219	206	206	208	209	205	208	204	202	201	202	199	194	191	191	193	190	185	181	179	178	178	178	177	178	180	193	194	199	198	203	199	198	199	199	201	203	206	207	205	206	204	203	206	211	211	208	209	210	211	211	212	212	211	211	211	213	214	216	216	216	215	214	215	213	213	214	214	215	218	218	218	216	215	219	226	236	245	251	250	247	247	250	250	247	248	252	252	252	252	252	251	250	250	250	254	254	254	253	252	252	253	253	255	255	255	255	254	254	254	255	255	255	255	255	255	255	255	255	255	255	255	255	255	255	255	255	255	255	255	255	254	255	255	255	255	248	253	253	248	252	251	248	248	248	248	247	247	245	243	242	236	233	229	226	224	221	218	215	211	211	210	211	216	223	231	237	236	243	243	242	247	245	241	246	246	248	248	246	245	247	248	248	248	248	248	249	249	249	249	249	250	248	248	248	247	245	246	248	255	243	174	114	160	215	235	253	246	243	249	249	247	242	236	240	236	233	235	226	228	220	221	215	224	236	255	255	217	89	96	144	156	164	165	168	167	166	169	165	165	165	169	165	160	159	169	189	190	186	183	190	198	202	204	198	198	198	199	199	199	199	201	202	200	200	199	199	199	199	201	202	203	199	195	192	182	186	185	195	201	200	197	196	197	198	198	198	200	200	200	199	198	197	198	198	199	198	198	197	196	196	197	197	197	202	195	206	195	192	170	157	134	138	130	120	121	119	116	119	116	114	116	102	104	129	177	197	212	219	209	208	205	206	203	200	199	195	191	187	183	177	170	166	164	163	164	178	190	201	199	199	198	201	200	205	207	205	209	207	208	207	207	209	210	209	208	210	208	208	209	209	209	210	210	210	211	210	209	208	209	209	208	208	208	208	208	208	209	208	207	206	204	204	204	203	201	199	199	199	203	198	200	191	188	193	187	190	192	190	187	186	188	191	194	195	188	190	188	185	184	186	187	187	185	184	186	187	186	185	185	188	184	183	183	182	182	181	179	178	176	177	175	172	170	169	165	160	158	156	151	148	148	148	153	163	172	176	175	178	178	175	180	179	179	180	180	181	181	182	183	183	185	181	181	186	186	182	183	187	189	185	188	190	187	188	192	188	191	188	190	189	182	183	185	178	173	167	156	156	163	157	152	159	156	157	161	161	158	159	159	154	148	150	144	140	146	146	144	149	149	149	145	149	149	145	148	148	149	149	148	147	146	146	146	146	148	145	142	142	144	145	145	144	144	144	144	144	144	142	142	142	143	141	142	139	139	141	137	140	141	141	141	141	142	142	142	142	138	138	140	143	143	141	139	139
168	133	131	130	131	131	130	130	132	131	132	133	135	134	133	132	131	132	131	130	130	130	131	131	131	132	132	131	130	130	130	131	131	126	135	133	129	126	117	123	146	136	132	131	133	132	130	132	137	136	136	135	135	135	135	136	136	137	137	139	140	137	135	138	143	141	142	142	142	142	141	142	142	139	141	142	141	142	145	146	145	140	145	148	146	146	148	147	144	147	147	155	151	148	132	164	187	207	216	204	204	203	204	200	201	202	202	202	203	201	199	196	193	193	185	195	179	182	183	177	178	178	181	182	191	193	201	200	202	201	200	200	201	203	206	207	208	208	207	206	206	208	210	211	211	212	213	213	214	214	213	212	212	217	213	220	214	219	217	219	220	216	217	219	220	221	221	220	217	213	215	221	239	255	159	190	205	203	203	203	203	203	203	203	203	203	203	203	203	203	203	203	203	202	202	202	202	202	202	202	202	202	202	202	202	202	202	202	202	203	203	203	203	203	203	203	203	203	203	203	203	203	203	203	203	203	203	203	203	203	203	203	203	203	203	203	203	203	203	203	203	203	203	203	203	203	203	203	203	203	203	203	203	203	203	203	203	203	203	203	203	203	203	203	203	203	203	203	203	203	203	203	203	203	203	203	203	203	203	203	203	203	203	203	203	203	203	203	203	205	205	205	205	205	205	205	205	205	205	205	205	205	205	205	205	202	202	202	202	202	202	202	202	202	202	202	202	202	202	202	202	203	203	203	203	203	203	203	205	205	205	205	206	206	206	206	206	206	207	209	206	205	205	202	189	161	214	197	192	195	198	192	185	199	199	200	199	199	199	200	201	199	198	198	199	199	199	200	202	201	200	199	189	185	185	184	194	202	199	198	199	199	198	198	199	200	198	200	199	197	197	197	202	196	201	196	200	200	194	196	190	186	194	183	196	186	184	169	155	134	135	127	124	116	122	117	116	116	119	110	102	110	132	178	201	211	219	210	208	204	207	202	198	199	199	188	189	180	177	170	166	166	160	164	181	191	194	202	197	200	199	201	204	205	204	204	206	205	205	205	205	205	205	206	207	205	206	206	207	207	207	206	206	206	206	206	207	208	208	207	206	204	204	205	205	205	205	204	204	205	204	203	201	200	200	201	201	203	204	198	196	192	188	190	187	189	189	190	190	190	188	189	188	180	182	185	186	187	186	185	186	184	182	184	186	186	184	183	184	181	181	181	181	181	179	176	174	176	175	173	170	167	164	161	159	159	154	154	148	149	146	156	163	176	175	175	177	178	177	179	182	178	179	179	180	180	181	183	184	181	183	184	182	182	184	185	185	187	186	186	188	188	188	188	190	188	192	188	188	185	182	184	180	171	161	159	159	161	161	155	156	158	158	159	160	159	157	156	155	149	148	145	142	144	147	148	146	146	147	147	147	147	145	145	145	147	149	144	149	149	142	147	144	143	143	144	144	143	142	141	140	144	143	143	143	144	143	143	142	144	141	139	140	140	138	137	138	142	141	140	139	140	141	141	141	139	139	139	140	140	140	138	137
169	132	130	130	131	131	131	131	133	133	132	132	132	132	132	132	133	131	130	130	130	130	131	131	130	131	131	130	130	130	130	131	131	134	135	114	87	76	77	91	112	139	134	132	132	131	130	132	137	135	135	135	135	135	135	136	136	135	135	137	139	138	137	140	144	139	140	141	141	141	141	142	143	138	140	141	140	142	144	145	144	145	146	144	139	140	145	150	151	150	146	149	148	145	127	163	193	210	220	209	210	210	212	210	211	208	206	205	204	201	198	194	191	192	185	193	179	180	181	175	177	172	177	179	190	192	200	197	198	206	204	202	201	203	206	209	211	212	213	213	212	211	211	213	214	212	213	214	214	215	216	218	218	218	215	220	216	219	220	219	222	216	218	222	226	229	229	224	218	212	213	222	249	255	195	235	255	255	255	255	255	255	255	255	255	255	255	255	255	255	255	255	255	255	255	255	255	255	255	255	255	255	255	255	255	255	255	255	255	255	255	255	255	255	255	255	255	255	255	255	255	255	255	255	255	255	255	255	255	255	255	255	255	255	255	255	255	255	255	255	255	255	255	255	255	255	255	255	255	255	255	255	255	255	255	255	255	255	255	255	255	255	255	255	255	255	255	255	255	255	255	255	255	255	255	255	255	255	255	255	255	255	255	255	255	255	255	255	255	255	255	255	255	255	255	255	255	255	255	255	255	255	255	255	255	252	252	252	252	252	252	252	252	252	252	252	252	252	252	252	252	252	252	252	252	252	252	254	254	254	254	254	254	254	255	255	255	252	255	255	255	254	254	248	228	191	232	204	195	197	200	191	183	197	197	198	198	197	197	198	199	201	200	200	202	202	201	202	203	201	201	199	189	184	185	185	195	201	199	198	199	200	199	199	200	201	199	200	200	199	198	198	201	195	202	198	198	198	196	196	186	183	189	181	191	185	182	168	155	134	134	127	122	117	120	119	116	116	118	110	101	111	134	180	203	211	220	210	208	205	206	202	198	199	198	188	189	180	177	169	165	165	161	163	180	191	193	199	196	196	196	198	201	202	201	202	203	204	205	205	205	205	205	205	206	205	205	205	205	205	205	205	205	205	205	205	206	206	206	205	204	205	205	205	205	205	205	205	204	203	203	202	201	201	201	201	201	202	203	198	197	193	190	192	189	189	189	189	189	189	189	191	191	186	185	184	183	182	182	182	183	181	186	187	182	182	186	186	180	181	179	177	176	176	178	179	180	175	175	173	170	168	164	160	158	161	154	153	145	147	145	158	167	176	175	176	178	178	177	178	181	178	179	180	180	180	181	182	183	182	184	184	182	182	184	185	184	185	184	185	187	188	187	187	188	187	191	187	186	184	181	183	179	172	161	159	158	161	162	155	156	158	158	159	160	159	157	156	155	148	147	144	141	143	146	146	145	145	146	146	145	145	144	145	145	146	148	143	147	147	141	145	143	144	144	144	144	144	144	143	143	143	142	143	143	145	145	145	145	145	143	140	141	141	140	139	140	139	140	141	143	144	142	139	137	141	141	141	141	142	141	140	139
170	131	130	130	131	131	131	131	133	132	132	131	131	131	131	132	132	130	130	129	130	130	130	130	129	129	129	130	130	130	130	131	131	131	135	119	89	71	66	78	99	141	136	132	131	130	129	132	137	134	134	134	134	134	135	135	136	137	137	138	139	138	137	137	139	138	138	139	140	140	140	141	142	138	139	140	140	141	142	143	142	142	144	144	141	142	146	148	148	146	143	147	152	150	124	158	191	210	220	208	209	208	210	207	208	208	206	205	205	203	201	198	196	194	188	193	181	181	181	176	177	174	178	180	191	194	202	200	201	206	205	203	203	206	210	213	215	208	210	213	213	212	212	214	217	217	216	216	216	217	218	219	220	221	220	221	221	220	224	219	222	212	215	220	225	230	231	230	224	215	213	221	245	255	188	230	254	248	248	248	248	248	248	248	248	248	248	248	248	248	248	248	248	248	248	248	248	248	248	248	248	248	248	248	248	248	248	248	248	251	251	251	251	251	251	251	251	251	251	251	251	251	251	251	251	251	251	251	251	251	251	251	251	251	251	251	251	251	251	251	251	248	248	248	248	248	248	248	248	248	248	248	248	248	248	248	248	249	249	249	249	249	249	249	249	249	249	249	249	249	249	249	249	249	249	249	249	249	249	249	249	249	249	249	249	249	249	249	249	249	249	249	249	249	249	249	249	249	249	249	249	249	249	249	249	247	247	247	247	247	247	247	247	247	247	247	247	247	247	247	247	247	247	247	247	247	247	247	247	247	248	248	248	248	248	248	248	237	241	247	248	249	252	251	233	190	226	198	189	195	201	193	184	197	198	198	198	198	198	199	200	197	196	197	199	199	198	198	199	202	201	198	188	184	185	185	195	201	199	198	199	200	199	200	201	201	200	199	201	201	200	200	200	195	202	199	197	197	197	194	181	183	187	183	189	187	180	168	154	134	132	128	118	118	117	119	116	114	116	111	99	112	138	184	205	212	220	210	209	205	206	203	199	199	197	190	188	180	177	168	165	163	163	162	178	191	193	195	196	197	196	198	201	203	202	203	204	204	204	205	205	205	205	204	205	205	205	205	205	205	205	205	205	208	207	207	207	207	207	206	205	206	206	206	205	205	205	205	205	201	201	201	201	201	201	201	201	201	203	198	198	195	192	195	192	194	193	191	189	188	188	190	190	187	186	183	182	183	183	183	184	183	186	187	182	181	185	184	179	180	179	179	179	178	177	175	174	174	174	173	171	168	164	160	157	160	154	152	144	147	146	160	170	176	176	178	179	179	178	179	180	178	179	180	181	181	181	181	182	182	184	185	184	183	184	184	183	184	183	184	186	187	186	185	187	186	189	185	184	182	180	182	178	172	161	157	157	161	162	156	156	157	158	160	160	160	158	155	153	147	145	142	140	142	144	145	144	145	145	144	143	143	143	144	145	145	146	142	145	144	141	143	142	144	144	144	144	144	144	144	144	144	144	142	142	142	142	142	141	141	139	138	137	138	136	136	136	142	141	140	139	140	140	140	140	138	137	137	137	137	137	136	136
171	129	129	129	130	130	130	130	131	129	130	131	132	132	131	130	129	129	129	129	129	130	130	129	128	129	129	129	130	130	130	130	129	134	134	122	100	77	67	85	117	139	135	132	130	128	128	131	135	132	132	133	133	134	134	135	135	138	137	137	137	137	136	135	134	136	137	138	139	139	139	140	141	138	138	139	139	140	141	142	141	138	141	144	145	145	146	145	143	143	144	146	152	151	121	155	189	215	225	214	214	212	213	210	212	208	207	206	206	204	203	201	200	196	191	192	184	182	182	176	178	177	180	180	189	192	201	202	205	202	202	202	204	207	210	212	213	213	215	217	218	218	219	220	222	220	220	219	219	219	219	219	219	219	218	219	222	218	226	219	223	213	215	218	222	226	231	231	226	222	218	223	242	255	171	209	231	224	224	224	224	224	224	224	224	224	224	224	224	224	224	224	224	224	224	224	224	224	224	224	224	224	224	224	224	224	224	224	224	226	226	226	226	226	226	226	226	226	226	226	226	226	226	226	226	226	226	226	226	226	226	226	226	226	226	226	226	226	226	226	226	224	224	224	224	224	224	224	224	224	224	224	224	224	224	224	224	224	224	224	224	224	224	224	224	224	224	224	224	224	224	224	224	224	224	224	224	224	224	224	224	224	224	224	224	224	224	224	224	224	224	224	224	224	224	224	224	224	224	224	224	224	224	224	224	226	226	226	226	226	226	226	226	226	226	226	226	226	226	226	226	226	226	226	226	226	226	226	226	226	226	226	226	226	226	226	226	210	216	221	226	228	237	241	226	186	224	195	189	200	208	200	192	197	198	198	198	198	198	199	200	200	199	200	201	202	200	200	201	202	201	198	187	184	185	185	195	200	199	198	199	199	200	200	200	201	201	198	201	202	200	201	198	197	200	198	197	198	197	191	181	186	186	186	188	189	179	166	152	135	131	128	117	119	115	119	116	114	115	112	96	112	141	188	207	215	221	211	210	206	207	203	200	200	196	192	187	181	177	168	165	162	165	161	178	192	195	193	197	198	198	200	203	205	204	205	207	204	205	206	206	205	205	204	204	207	206	205	205	205	205	205	205	208	207	207	207	207	207	207	206	206	206	205	204	203	203	204	204	200	200	201	201	201	201	200	200	201	203	198	198	196	193	197	195	197	195	193	191	190	189	191	191	188	186	185	186	187	187	186	184	187	183	181	183	185	182	181	184	181	181	181	181	180	177	173	171	174	174	173	171	168	164	159	156	158	152	151	146	149	148	161	171	175	176	178	180	180	180	180	180	178	179	181	181	181	180	181	181	182	184	185	184	184	184	184	184	184	183	183	185	186	185	185	187	185	189	184	184	182	179	182	178	171	159	156	156	160	162	155	155	156	159	161	161	160	158	155	152	145	143	140	139	141	143	144	143	144	144	144	143	143	142	143	143	145	145	143	143	143	141	143	142	143	143	143	142	142	142	142	143	143	142	141	141	141	140	139	138	144	142	142	142	142	141	141	140	144	141	138	136	137	138	139	140	140	139	138	138	138	138	138	138
172	128	128	128	128	128	128	128	128	128	129	129	130	130	130	129	129	128	128	128	129	129	129	128	127	129	129	129	129	129	129	128	128	127	130	128	118	100	86	92	110	135	132	130	129	128	128	130	132	131	131	132	132	133	133	133	134	133	133	133	134	136	137	136	134	136	137	137	138	137	138	138	139	138	138	138	139	140	140	140	141	142	142	142	140	140	143	145	146	145	149	145	146	145	116	156	192	209	220	211	212	210	212	210	212	214	212	210	208	205	203	200	197	197	194	192	188	184	183	177	179	178	180	179	188	191	200	201	204	209	209	209	211	213	215	217	217	222	222	222	223	223	223	222	221	221	222	223	224	225	225	225	225	224	224	225	229	225	233	227	231	227	224	223	223	224	227	229	228	224	223	230	250	255	174	210	231	224	224	224	224	224	224	224	224	224	224	224	224	224	224	224	224	224	224	224	224	224	224	224	224	224	224	224	224	224	224	224	224	226	226	226	226	226	226	226	226	226	226	226	226	226	226	226	226	226	226	226	226	226	226	226	226	226	226	226	226	226	226	226	226	224	224	224	224	224	224	224	224	224	224	224	224	224	224	224	224	224	224	224	224	224	224	224	224	224	224	224	224	224	224	224	224	224	224	224	224	224	224	224	224	224	224	224	224	224	224	224	224	224	224	224	224	224	224	224	224	224	224	224	224	224	224	224	224	230	230	230	230	230	230	230	230	230	230	230	230	230	230	230	230	230	230	230	230	230	230	230	230	230	230	230	230	230	230	230	230	219	224	228	228	231	238	242	228	188	224	194	188	199	207	200	191	196	196	197	197	196	197	197	198	200	199	200	202	202	201	200	201	203	201	197	187	184	185	185	195	200	200	199	198	199	199	200	199	199	202	197	201	202	199	202	197	199	195	196	198	199	196	189	186	187	185	187	188	188	178	162	150	136	131	128	117	119	114	118	115	114	114	113	91	111	143	191	209	217	222	212	213	208	208	204	201	201	194	195	186	182	178	167	165	161	166	161	181	192	198	195	199	197	197	199	202	204	203	204	206	204	205	206	206	206	205	204	204	206	205	205	204	204	204	204	204	205	204	204	204	205	205	205	204	205	204	203	202	202	202	202	202	200	200	200	200	200	200	199	199	201	203	198	199	197	194	197	195	194	194	194	193	193	193	196	196	192	190	188	189	190	189	186	184	188	183	182	185	185	181	180	184	185	183	180	178	177	178	178	178	174	174	173	171	168	163	159	156	157	151	150	145	149	149	163	173	174	176	178	180	181	181	181	181	179	180	181	181	181	181	181	181	182	183	184	185	185	184	184	185	186	184	184	185	185	185	186	189	186	189	185	184	182	179	181	178	170	158	156	156	159	161	155	155	156	159	161	161	160	158	155	151	143	141	139	139	141	142	143	143	144	144	144	144	143	142	141	141	146	145	145	143	142	143	142	143	143	143	142	142	141	141	141	141	141	140	140	141	142	143	143	142	144	144	143	142	142	142	141	140	138	139	139	140	140	138	136	135	140	139	138	138	138	138	138	137
173	126	127	128	127	126	127	127	125	129	128	127	127	127	128	129	130	128	127	127	127	128	128	127	127	129	129	128	128	128	128	127	127	134	133	129	120	114	116	120	122	130	129	129	128	127	127	129	131	130	130	131	131	132	132	132	132	132	133	133	133	133	135	134	133	135	136	137	137	137	137	137	138	138	137	137	139	139	139	139	140	142	141	141	140	140	141	144	145	142	150	144	146	145	113	153	191	215	227	219	220	218	219	216	218	217	216	214	212	209	206	202	199	198	197	193	193	187	185	180	180	178	181	182	192	195	203	202	204	206	205	204	206	210	214	218	220	219	219	219	220	221	221	220	219	223	224	225	225	226	225	225	224	226	224	226	226	223	227	222	225	236	233	228	225	225	225	227	227	224	224	234	255	255	187	225	249	241	241	241	241	241	241	241	241	241	241	241	241	241	241	241	241	242	242	242	242	242	242	242	242	242	242	242	242	242	242	242	242	241	241	241	241	241	241	241	241	241	241	241	241	241	241	241	241	241	241	241	241	241	241	241	241	241	241	241	241	241	241	241	241	241	241	241	241	241	241	241	241	241	241	241	241	241	241	241	241	242	242	242	242	242	242	242	242	242	242	242	242	242	242	242	242	242	242	242	242	242	242	242	242	242	242	242	242	242	242	242	242	241	241	241	241	241	241	241	241	241	241	241	241	241	241	241	241	245	245	245	245	245	245	245	245	245	245	245	245	245	245	245	245	245	245	245	245	245	245	245	245	245	245	245	245	245	245	245	245	245	248	249	245	242	247	251	235	191	225	193	187	197	204	194	184	197	198	198	198	198	198	199	200	199	198	198	200	200	199	199	200	203	200	197	187	185	186	185	194	200	200	199	197	198	199	199	198	197	203	197	201	201	197	203	196	200	193	196	198	199	197	189	191	189	186	190	193	190	182	161	151	136	131	127	119	118	115	116	115	115	113	114	87	111	146	194	211	218	223	213	215	210	209	204	202	203	194	198	186	184	179	167	165	163	166	161	184	192	200	197	200	197	197	199	202	204	203	204	205	205	205	206	205	205	204	203	203	204	203	203	202	202	201	201	201	203	202	202	202	203	204	204	204	203	202	202	201	201	201	201	201	200	200	199	199	199	199	199	199	200	202	198	198	196	194	197	195	195	195	195	196	195	195	196	196	194	191	189	188	189	189	189	189	186	188	187	184	184	186	185	182	186	185	183	182	180	179	178	177	175	175	173	171	168	163	159	156	158	151	148	142	146	148	164	176	173	176	178	179	180	182	182	182	180	180	181	181	181	181	182	182	183	183	184	185	185	184	185	186	187	185	184	185	186	186	187	189	186	190	186	186	183	179	181	177	168	158	157	157	160	161	155	156	156	160	162	160	159	159	155	150	143	140	139	139	142	142	142	143	142	143	144	143	143	142	141	141	145	143	146	142	142	144	141	142	144	143	143	143	142	141	141	141	141	141	140	141	141	144	143	143	141	141	140	139	139	140	140	138	139	138	138	138	138	138	137	136	137	136	136	136	136	136	135	134
174	125	127	127	126	126	127	127	125	129	128	126	126	126	127	129	130	128	127	126	126	127	127	127	127	128	128	127	127	127	127	128	128	123	124	129	132	133	135	130	121	128	128	127	126	126	127	129	131	130	130	131	131	131	131	131	130	133	135	134	132	131	133	133	131	134	135	136	136	136	137	138	138	137	136	136	138	138	137	137	139	137	138	141	143	143	142	142	142	138	147	141	149	148	109	149	191	213	226	219	220	218	218	215	216	219	218	217	216	214	211	208	205	199	200	194	198	190	188	182	183	181	184	185	195	198	207	207	209	213	212	212	214	218	223	227	229	232	233	234	236	237	238	238	239	238	238	238	238	238	238	238	238	236	233	236	231	232	232	229	231	236	233	230	228	228	230	231	228	223	221	229	254	255	186	226	252	242	242	242	242	242	242	242	242	242	242	242	242	242	242	242	242	244	244	244	244	244	244	244	244	244	244	244	244	244	244	244	244	242	242	242	242	242	242	242	242	242	242	242	242	242	242	242	242	242	242	242	242	242	242	242	242	242	242	242	242	242	242	242	242	242	242	242	242	242	242	242	242	242	242	242	242	242	242	242	242	242	242	242	242	242	242	242	242	242	242	242	242	242	242	242	242	242	242	242	242	242	242	242	242	242	242	242	242	242	242	242	242	242	242	242	242	242	242	242	242	242	242	242	242	242	242	242	242	242	242	242	242	242	242	242	242	242	242	242	242	242	242	242	242	242	242	242	242	242	242	242	242	242	241	241	241	241	241	241	241	249	251	248	241	237	241	245	231	192	226	196	190	200	208	198	187	199	200	200	200	200	200	201	202	204	202	202	203	204	203	203	204	202	200	197	188	185	186	185	193	198	199	198	196	197	199	199	198	196	204	197	201	200	195	204	197	200	195	198	196	197	198	192	194	194	192	193	200	191	187	159	152	134	131	124	121	116	117	115	116	115	112	115	84	111	149	198	216	220	224	214	217	211	210	205	204	204	193	200	186	185	179	167	165	165	166	162	188	190	200	199	199	198	198	200	203	204	203	204	205	204	205	205	204	203	203	202	203	202	202	202	202	201	200	200	199	203	202	201	201	202	202	202	202	201	201	201	201	201	201	200	200	199	199	198	198	198	199	199	200	199	201	197	198	196	194	198	196	197	197	196	196	195	194	195	194	191	191	190	190	190	191	191	192	188	189	189	186	186	187	186	183	185	186	186	186	184	181	176	173	176	175	173	171	167	164	160	157	157	150	148	142	146	148	165	176	173	176	178	179	179	181	182	181	180	181	181	181	181	182	183	184	184	183	184	185	185	184	184	187	186	185	185	187	188	187	187	189	186	191	187	187	184	180	180	175	167	159	160	160	161	161	156	158	157	161	162	160	159	159	155	150	145	141	139	140	142	141	141	142	141	141	142	141	141	141	141	141	143	141	146	141	140	144	139	140	142	142	142	142	142	141	140	140	141	140	139	138	138	137	138	137	140	141	141	141	141	143	143	141	141	139	137	136	136	137	139	139	140	140	139	139	140	139	138	137
175	124	126	127	126	126	128	128	126	126	126	127	127	128	128	128	127	128	127	126	126	126	127	127	127	128	127	127	126	126	127	128	129	134	126	126	130	128	125	128	131	128	128	127	126	125	127	130	131	129	130	130	131	131	130	130	129	130	133	133	131	131	134	135	135	133	134	135	136	136	137	138	139	136	135	135	137	137	136	136	138	137	138	140	141	142	142	142	143	143	146	135	145	145	103	148	197	214	228	222	225	224	226	223	225	222	221	220	220	217	214	210	207	200	202	195	202	193	190	184	184	183	184	183	192	196	207	209	213	208	208	208	210	212	214	214	214	213	215	216	216	215	215	216	218	216	216	217	218	219	221	223	223	223	219	226	220	226	225	227	228	232	232	232	233	235	239	238	234	221	217	222	244	255	175	215	242	231	231	231	231	231	231	231	231	231	231	231	231	231	231	231	231	231	231	231	231	231	231	231	231	231	231	231	231	231	231	231	231	228	228	228	228	228	228	228	228	228	228	228	228	228	228	228	228	228	228	228	228	228	228	228	228	228	228	228	228	228	228	228	228	231	231	231	231	231	231	231	231	231	231	231	231	231	231	231	231	231	231	231	231	231	231	231	231	231	231	231	231	231	231	231	231	231	231	231	231	231	231	231	231	231	231	231	231	231	231	231	231	230	230	230	230	230	230	230	230	230	230	230	230	230	230	230	230	226	226	226	226	226	226	226	226	226	226	226	226	226	226	226	226	226	226	226	226	226	226	226	226	226	226	226	226	224	224	224	224	235	235	233	224	219	224	231	220	181	218	189	186	199	208	197	186	199	199	199	199	199	199	200	201	202	201	200	201	201	200	201	203	202	200	197	188	186	187	185	193	197	198	197	196	197	199	200	198	196	205	197	201	200	194	204	197	199	197	201	194	194	200	194	195	196	194	195	202	190	187	155	149	133	131	123	123	115	118	114	116	116	111	116	83	111	151	201	219	221	225	214	218	212	211	206	205	205	193	201	186	186	180	167	166	167	165	163	190	189	200	200	198	198	198	199	202	203	202	202	204	204	204	203	202	202	201	201	202	202	203	203	202	202	201	200	199	201	200	199	198	199	199	199	199	200	200	201	201	201	201	200	200	198	198	197	197	198	199	200	201	198	200	196	197	196	194	198	196	195	195	195	195	195	195	197	197	192	194	195	195	193	191	189	188	193	187	187	191	190	183	181	185	186	184	183	181	181	182	182	181	177	176	173	170	167	164	160	158	154	148	148	144	148	149	163	173	173	177	179	178	179	181	182	181	181	181	181	181	181	182	184	185	186	184	184	185	185	183	184	187	185	184	186	188	189	187	187	187	187	191	188	187	184	179	180	174	167	160	162	162	162	162	157	159	157	161	162	160	158	158	155	150	146	142	140	141	142	141	140	141	139	140	140	139	140	140	142	143	141	139	145	139	139	144	137	139	139	140	140	141	141	140	139	139	135	134	134	134	134	134	135	134	134	136	136	136	137	140	140	138	137	138	139	140	141	140	138	136	137	137	137	138	138	137	135	134
176	125	126	127	128	128	127	126	125	124	126	127	125	125	127	129	128	126	126	128	130	130	128	126	126	127	130	127	124	123	127	127	124	127	128	129	128	128	129	128	127	127	127	127	127	127	127	126	126	126	128	130	130	129	130	131	131	131	132	131	135	130	130	140	131	134	135	135	135	134	134	134	134	136	137	137	138	138	139	140	141	140	140	139	139	139	139	139	140	143	141	140	135	141	105	149	190	214	223	220	222	227	217	215	215	218	217	214	212	211	210	208	207	206	205	198	203	193	191	188	186	181	191	180	197	199	216	223	229	230	234	237	233	221	204	187	176	167	160	144	153	128	136	122	121	116	119	123	124	125	127	132	137	151	161	180	197	206	233	239	238	248	228	230	228	229	235	229	236	237	226	225	248	255	187	226	232	243	242	236	247	255	245	255	235	239	252	255	255	255	255	255	253	255	255	255	255	255	255	255	255	255	255	255	255	255	255	255	255	255	255	255	255	255	255	255	255	255	255	255	255	255	255	255	255	255	255	255	255	255	255	255	255	255	255	255	255	255	255	255	255	255	255	255	255	255	255	255	255	255	255	255	255	255	255	255	255	255	255	255	255	255	255	255	255	255	255	255	255	255	255	255	255	255	255	255	255	255	255	255	255	255	255	255	255	255	255	255	255	255	255	255	255	255	255	255	255	255	255	255	255	255	255	255	255	255	255	255	255	255	255	255	255	255	255	255	255	255	255	255	255	255	255	255	255	255	255	255	255	255	255	255	253	249	247	255	255	237	237	234	233	233	237	238	223	186	223	186	161	170	177	180	185	179	182	183	183	184	186	184	181	184	189	185	183	188	186	182	187	183	187	184	182	188	187	186	192	193	194	194	194	194	196	199	201	203	201	205	200	204	199	202	202	201	200	200	200	200	201	200	200	198	192	207	196	196	188	151	149	137	130	121	116	114	111	111	113	116	114	113	80	108	149	199	217	219	225	216	214	215	211	209	208	203	196	192	191	184	178	170	164	164	170	160	197	185	204	199	198	195	197	200	202	202	202	202	202	203	203	202	202	201	202	202	202	203	202	202	202	202	202	200	199	201	200	199	198	197	197	197	197	199	199	198	198	198	198	197	197	198	198	198	198	198	198	198	197	200	197	194	192	193	193	193	192	194	194	194	193	193	192	192	191	193	193	189	191	195	185	193	188	188	188	188	189	188	187	185	183	187	189	188	184	183	184	182	178	176	175	174	173	169	163	159	158	159	153	147	146	150	150	170	172	169	179	172	185	172	188	179	184	187	185	183	184	186	188	187	187	188	182	183	191	185	186	179	189	188	181	184	188	186	188	190	183	191	194	189	189	187	182	182	175	165	160	164	164	166	165	158	159	157	165	164	162	163	157	151	154	150	144	146	147	142	141	145	144	143	148	143	145	148	141	140	148	145	150	142	145	149	140	151	143	152	144	149	146	142	146	147	145	145	141	147	142	140	141	148	140	143	142	146	138	137	145	140	142	143	141	139	137	137	137	137	137	137	138	138	138	139	138	138	137
177	123	123	123	123	123	125	126	127	125	127	128	126	126	127	128	127	130	130	129	125	125	129	130	130	128	127	124	125	125	125	126	127	128	129	129	128	128	128	128	126	128	128	127	126	126	126	127	127	127	128	129	129	129	130	131	130	130	131	130	134	130	130	138	131	133	134	134	134	134	134	134	135	136	136	136	137	137	138	139	139	137	137	137	138	138	139	140	140	137	138	140	146	146	97	132	192	219	231	230	222	227	220	225	225	223	221	222	222	220	219	215	213	209	207	197	195	193	194	191	185	186	189	187	195	201	210	215	203	214	204	196	196	191	176	158	147	130	112	106	98	97	90	89	78	76	77	78	78	78	81	86	90	107	119	136	160	175	216	221	229	233	232	236	230	227	229	230	243	242	232	227	241	255	187	224	237	234	240	230	227	241	238	209	201	188	192	202	207	205	196	188	184	194	194	194	193	193	193	194	195	192	192	192	192	193	194	194	194	194	193	192	192	194	195	195	194	194	195	195	195	196	196	196	195	192	192	191	191	191	191	191	191	191	191	190	190	190	190	191	191	195	196	195	194	197	196	195	196	195	195	194	194	194	194	195	195	187	188	191	195	195	194	193	193	200	183	192	201	199	197	192	195	194	191	194	198	200	198	195	196	198	200	196	198	197	194	197	195	195	195	196	195	196	195	196	195	196	196	196	196	196	196	196	196	194	195	195	196	195	195	195	196	195	196	193	199	193	196	195	201	190	195	198	200	190	204	200	201	198	201	205	192	184	187	219	239	237	237	234	233	233	238	238	223	187	214	182	160	162	162	166	175	170	171	170	167	167	170	174	175	176	178	174	175	182	180	173	173	180	182	183	182	184	183	183	185	186	188	189	191	191	190	188	188	189	189	192	192	196	195	198	198	200	199	199	199	199	198	198	197	196	191	196	201	189	186	148	150	135	128	121	118	114	114	113	115	109	115	117	78	110	159	205	215	221	227	218	216	216	212	210	209	205	197	196	192	187	178	173	166	168	170	170	195	194	204	206	201	197	199	201	203	203	203	204	204	205	205	204	203	203	203	204	204	204	203	203	203	203	202	201	200	202	201	200	199	198	198	198	198	198	198	198	198	198	198	198	198	197	197	197	197	197	197	197	197	200	198	194	193	194	194	194	193	193	192	192	192	192	192	192	192	195	193	192	192	196	189	194	191	191	191	191	191	191	191	189	188	189	191	189	186	185	186	184	180	179	177	176	175	170	164	160	159	158	152	147	146	151	151	172	175	174	181	174	184	174	185	177	180	183	187	191	192	189	187	188	189	184	190	196	184	179	183	185	188	188	186	190	189	182	183	192	194	188	192	187	187	186	183	183	177	167	160	160	158	159	162	161	166	168	169	163	160	165	162	155	156	154	149	148	150	151	151	150	147	151	157	152	149	157	160	157	154	152	158	156	161	163	152	158	160	154	152	156	157	153	157	152	153	156	150	158	159	160	156	160	154	153	150	152	152	150	149	144	147	147	145	142	141	140	141	141	142	143	143	143	142	141	140	139	138
178	129	128	127	126	126	126	127	128	124	125	126	125	124	125	125	124	124	128	129	124	124	129	128	124	129	125	122	125	126	124	125	129	128	129	129	128	127	128	127	126	129	128	126	125	125	126	127	129	129	128	128	129	130	130	130	129	129	130	130	132	130	130	136	131	130	131	132	132	132	132	133	133	133	133	134	134	134	135	135	136	134	135	135	136	137	138	139	139	136	139	136	145	144	104	133	193	220	239	239	237	235	235	234	233	232	232	232	231	230	227	223	220	219	213	207	202	205	197	189	185	183	187	202	206	209	189	171	131	110	90	74	72	74	68	63	62	81	68	75	66	82	74	85	76	82	82	82	81	81	82	85	87	86	83	80	87	79	105	99	125	154	196	221	231	240	240	239	240	243	237	232	239	255	186	219	237	235	225	221	231	234	222	203	255	255	255	255	255	255	255	255	255	255	255	255	255	255	255	255	255	255	255	255	255	255	255	255	255	255	255	255	255	255	255	255	255	255	255	255	255	255	255	255	255	255	255	255	255	255	255	255	255	255	255	255	255	255	255	255	255	255	255	255	255	255	255	255	255	255	252	245	239	236	232	228	224	228	224	221	221	224	231	240	249	250	255	244	255	255	248	255	219	181	149	133	119	111	102	88	97	91	93	89	91	90	86	88	85	85	83	88	82	89	83	88	86	86	86	86	86	86	86	86	86	84	85	86	86	87	87	89	90	99	97	96	107	101	103	108	124	167	212	243	242	195	93	114	145	155	159	163	153	148	160	187	185	237	237	234	233	233	238	238	223	194	213	184	166	164	169	178	184	181	184	187	187	187	188	189	190	185	193	195	192	190	186	185	192	181	180	180	178	173	170	169	166	170	171	174	176	178	178	177	176	182	184	183	184	182	184	182	183	184	183	183	183	183	182	181	180	183	177	178	191	174	170	144	142	139	132	124	118	116	114	112	113	111	117	115	71	107	165	213	226	226	231	223	220	221	216	213	210	206	197	198	189	188	177	174	165	166	167	171	194	195	203	205	201	202	203	205	206	206	207	207	208	208	208	208	207	207	207	207	207	206	205	205	205	205	204	203	202	203	202	202	201	200	200	200	200	198	198	198	198	198	198	198	198	197	197	197	197	197	198	198	198	198	196	194	193	194	194	193	192	194	194	194	194	195	195	195	195	194	189	194	190	194	191	191	192	191	191	190	190	191	191	190	189	188	190	188	185	184	185	184	180	181	180	178	176	171	165	160	160	159	152	148	145	150	152	172	175	178	181	179	184	180	186	182	183	188	190	191	190	187	184	186	189	191	181	186	182	193	192	187	182	196	189	187	189	189	191	189	182	185	188	185	186	185	179	176	167	165	161	162	160	161	162	159	163	164	164	160	159	163	160	154	152	150	150	147	148	151	150	149	152	152	156	153	150	154	157	152	149	155	161	156	153	155	155	155	162	154	156	155	156	152	158	150	157	158	151	158	161	164	158	161	159	163	163	158	158	156	151	152	150	147	146	145	144	144	144	144	144	140	140	140	139	139	139	139	139
179	122	123	123	123	123	122	120	119	122	124	125	124	124	124	123	123	126	129	130	129	129	130	129	126	129	126	123	125	125	124	126	129	127	128	128	127	127	128	128	126	129	128	126	124	124	125	127	128	130	128	127	129	130	130	130	130	128	130	130	131	130	131	134	132	131	131	132	132	132	132	133	133	134	134	133	134	134	134	135	135	134	135	136	137	137	137	137	137	137	140	133	138	137	127	144	171	194	216	209	219	211	217	207	209	210	209	208	207	208	207	205	204	201	190	189	186	191	178	173	179	176	178	185	180	182	154	129	100	60	48	37	34	34	35	40	47	47	48	54	54	57	55	61	61	62	62	62	63	63	63	61	60	62	49	44	43	28	31	24	63	86	159	197	220	230	233	237	237	241	235	235	245	255	191	222	240	231	232	237	240	237	216	175	255	254	232	227	225	223	223	227	229	228	228	228	228	227	228	229	230	228	229	230	230	231	231	230	230	231	230	230	231	232	232	232	231	232	232	231	231	232	232	232	231	229	229	229	229	228	228	228	228	228	227	226	225	225	225	225	225	227	222	224	225	219	219	219	213	213	206	199	195	194	192	188	184	182	179	176	178	184	193	202	208	207	218	223	229	227	222	193	133	58	16	0	4	33	49	45	47	47	50	46	48	47	44	46	43	44	43	45	42	46	43	45	44	43	43	43	43	43	43	43	43	43	44	44	45	45	47	48	50	49	45	52	48	41	15	7	6	35	134	171	187	155	71	75	95	116	119	125	120	117	132	162	146	237	237	234	233	233	238	238	224	188	195	168	150	147	161	169	167	168	173	179	185	189	190	189	187	193	189	183	182	186	186	181	178	185	179	178	173	163	161	162	158	162	162	163	164	167	169	169	169	169	173	171	176	171	177	174	176	174	173	173	173	173	173	172	171	176	169	173	179	172	161	154	144	143	135	126	119	116	114	113	113	119	117	111	66	109	168	216	237	232	233	227	225	223	219	219	212	211	201	204	193	195	180	180	168	169	173	174	204	195	213	207	208	206	207	208	209	210	210	211	212	211	211	211	210	210	210	210	210	208	208	207	207	207	207	206	205	206	205	205	205	205	204	204	204	200	200	200	199	199	199	199	199	198	198	198	198	199	199	200	201	200	199	198	197	198	197	196	196	193	193	194	194	194	194	194	194	197	190	199	191	196	196	193	195	194	193	192	192	192	192	192	192	188	189	190	187	186	186	185	182	182	180	178	176	171	164	161	160	158	151	149	145	151	157	175	178	174	177	180	180	181	182	182	181	184	182	181	182	185	187	187	187	191	185	191	188	189	185	184	189	183	188	192	192	190	190	191	191	190	193	190	192	191	185	180	170	155	154	159	158	158	161	159	163	159	162	161	160	157	152	150	151	147	152	149	143	140	139	141	151	155	153	156	157	153	146	140	147	144	154	153	147	152	160	149	147	153	155	154	150	150	150	142	148	151	150	157	158	163	158	160	157	151	160	155	155	152	149	154	147	149	150	151	152	152	151	149	148	143	143	142	142	142	143	144	144
180	123	124	125	127	127	128	127	127	123	124	125	126	126	125	125	126	130	126	124	125	125	124	126	130	127	128	125	123	123	126	127	126	125	126	127	126	126	128	128	126	127	127	126	125	125	125	126	127	130	127	125	127	129	129	129	130	128	130	131	129	130	132	132	133	131	132	133	132	132	132	133	133	134	134	134	134	134	135	135	135	136	136	137	137	137	137	137	136	135	137	138	141	134	136	139	132	127	138	128	137	137	142	137	140	140	139	139	140	140	140	140	140	140	127	129	125	140	143	145	149	138	128	103	83	81	72	66	77	70	73	74	71	68	68	71	72	66	72	71	73	67	67	64	68	66	66	66	67	68	67	65	63	70	65	74	74	75	71	67	92	73	103	103	140	178	204	216	217	220	207	203	225	255	188	223	239	240	243	244	239	246	233	192	255	231	207	201	202	206	213	221	229	222	222	222	222	222	222	223	224	222	223	224	224	225	224	224	224	224	224	225	226	227	227	225	224	227	226	226	226	224	225	224	224	230	230	230	230	230	230	230	230	231	230	230	229	228	228	228	228	219	214	217	218	215	215	216	210	214	207	199	194	191	188	182	177	181	181	180	179	181	188	200	207	210	217	218	200	153	113	98	83	66	61	52	56	53	43	46	48	45	48	45	48	48	45	48	45	48	49	46	49	46	49	46	47	47	47	47	47	47	47	47	47	46	47	47	47	47	48	50	51	54	50	53	49	55	52	62	66	44	84	103	86	86	92	89	104	108	118	131	129	121	137	177	168	237	235	234	233	233	238	238	224	190	177	143	130	126	133	138	132	132	129	126	125	126	125	122	120	127	126	128	134	139	145	149	149	151	147	150	153	154	164	175	177	184	184	183	183	183	183	183	183	181	185	182	184	177	182	178	178	181	180	179	179	179	177	175	174	171	171	173	175	168	160	160	146	141	133	123	119	118	118	116	116	115	116	111	65	112	177	218	236	236	236	231	229	226	222	223	214	212	202	205	193	195	181	180	168	170	173	179	206	199	215	209	211	209	210	211	212	213	213	214	215	213	213	213	213	212	212	211	211	211	210	209	209	209	209	209	208	209	209	208	209	208	208	207	207	204	204	203	203	202	202	201	201	200	200	199	199	199	200	201	202	204	203	203	203	202	202	201	201	199	199	198	198	198	198	198	198	199	193	201	193	198	199	195	197	198	196	195	194	194	194	194	193	192	192	190	188	187	186	184	182	182	180	179	176	171	165	161	160	157	149	150	146	153	162	176	181	178	180	183	181	182	181	182	179	183	183	183	185	187	187	184	182	185	190	190	184	181	195	193	195	189	192	192	188	186	189	191	194	192	192	186	186	186	184	181	172	163	159	159	154	153	157	158	163	165	165	163	157	149	146	148	150	145	150	144	135	132	130	136	150	158	152	158	158	152	146	142	151	147	157	166	167	172	170	155	149	152	153	158	153	160	155	148	151	151	157	163	158	162	161	162	158	155	163	161	167	163	152	155	150	149	152	155	158	159	156	152	149	150	149	148	148	147	147	147	147
181	120	120	119	119	120	121	122	123	123	123	123	125	124	123	124	125	126	121	120	124	124	120	121	126	124	128	125	122	122	126	126	123	123	125	125	125	125	127	127	126	126	125	125	125	124	125	125	125	129	125	123	124	125	124	126	129	128	129	132	128	131	133	129	134	131	132	132	132	132	132	132	133	134	134	134	134	134	135	136	136	136	136	137	137	138	138	139	139	139	136	143	147	135	134	136	131	131	136	134	136	148	141	142	141	144	146	146	146	145	142	138	135	126	117	125	121	130	142	132	116	110	98	69	51	44	43	41	66	61	66	68	66	66	67	66	62	63	64	62	59	65	65	63	64	69	67	66	66	66	67	68	68	65	65	71	64	72	71	69	66	65	45	20	66	115	158	183	191	197	179	171	195	241	186	225	236	237	233	241	252	254	222	184	255	212	192	189	194	200	211	222	232	221	221	221	220	219	219	220	221	223	224	224	225	226	226	227	227	228	228	229	230	231	228	227	225	227	226	226	226	227	226	226	225	232	232	232	232	233	233	233	233	232	232	231	231	230	230	229	229	223	221	222	223	222	221	221	218	212	210	206	204	203	202	199	197	184	187	187	185	185	193	206	215	217	233	217	182	98	16	13	21	60	64	57	64	65	59	63	55	57	60	57	60	60	58	62	59	60	62	58	63	57	62	58	60	60	60	60	60	60	60	60	60	60	60	61	61	60	61	62	62	61	66	65	70	66	72	67	65	69	27	23	19	48	76	104	113	127	137	147	149	143	158	201	192	237	235	234	233	234	238	240	224	188	155	119	112	108	111	111	112	98	91	84	81	78	72	63	57	66	76	91	95	90	94	109	119	117	115	118	125	134	150	167	175	182	184	186	188	189	189	189	190	184	187	185	183	178	179	176	173	168	168	168	168	168	167	165	163	169	176	168	174	158	163	153	145	142	133	124	118	117	117	116	117	113	120	112	53	105	185	226	237	240	238	235	234	229	227	227	218	215	206	206	195	194	182	179	168	169	167	185	200	205	211	212	211	212	213	215	216	217	217	218	218	217	217	217	216	216	215	214	214	212	213	212	211	212	211	211	211	211	211	211	211	212	211	210	210	208	208	207	206	205	205	204	204	202	201	200	200	200	201	202	203	202	202	202	201	201	201	201	201	202	202	202	201	201	200	200	199	198	195	200	194	198	197	197	196	199	197	196	195	195	195	194	194	191	190	189	188	187	187	185	183	182	180	180	177	172	166	162	162	159	149	149	142	149	159	172	176	177	180	182	181	182	182	183	181	177	179	181	180	180	183	188	193	197	195	193	197	193	200	189	190	190	192	187	185	192	193	188	184	192	194	189	191	191	183	175	162	154	153	156	153	154	158	156	158	158	156	158	157	151	151	151	147	150	150	146	143	151	162	174	183	189	182	190	186	186	195	192	193	181	176	181	180	180	167	173	176	172	169	171	170	178	184	183	188	187	190	185	168	170	170	173	171	179	171	164	168	161	145	143	148	150	152	155	157	157	155	150	147	147	147	147	147	148	148	149	149
182	126	125	124	123	122	122	123	123	122	121	121	123	122	120	121	123	124	123	126	129	129	126	123	124	123	124	122	122	122	123	123	122	122	124	124	124	124	126	126	125	125	124	124	123	123	124	124	124	127	123	120	120	119	117	120	125	127	130	131	126	130	134	127	134	130	130	131	131	131	131	132	132	133	133	133	134	134	135	136	136	136	136	137	137	138	139	140	141	143	139	144	144	141	133	143	163	186	203	204	211	214	211	206	206	211	211	211	210	208	203	198	194	184	174	187	185	168	158	121	92	84	75	73	74	67	68	61	69	63	63	61	61	63	66	66	64	66	68	64	59	67	66	64	64	65	64	63	63	63	64	66	67	65	68	65	64	67	69	76	67	82	72	61	82	79	114	163	198	199	191	187	200	251	192	227	243	236	231	231	234	237	220	182	242	207	189	188	193	198	205	215	225	208	208	207	206	204	203	203	204	204	204	204	204	205	205	206	206	210	210	209	209	208	208	208	207	207	205	204	204	205	205	205	204	205	205	205	205	205	205	205	205	202	203	203	203	203	202	201	201	196	200	198	196	195	191	186	186	179	177	174	171	165	160	156	153	151	154	158	164	173	180	183	182	189	156	136	100	80	70	50	70	64	67	65	60	55	56	62	65	59	61	58	61	61	59	63	60	60	60	59	60	59	60	59	59	60	60	60	60	60	60	60	60	60	61	61	61	61	61	61	61	60	63	59	63	59	68	66	66	63	73	64	77	48	64	87	109	129	140	145	146	146	163	202	187	237	235	234	233	234	238	240	226	195	166	128	116	113	121	123	125	121	120	121	125	124	115	103	95	92	87	87	84	76	77	81	78	77	75	68	63	66	69	76	84	87	91	96	101	105	109	114	118	130	136	142	142	149	153	158	156	159	161	163	167	170	172	173	173	175	181	173	176	163	165	149	150	142	133	122	117	116	115	114	114	115	121	109	44	102	189	231	243	242	240	237	239	233	229	232	223	225	219	213	205	198	190	183	171	173	171	193	205	211	216	216	216	214	215	217	219	219	220	220	220	219	220	220	219	219	218	217	217	215	214	212	212	212	214	214	213	212	213	213	213	213	212	211	212	210	210	210	209	208	207	207	206	205	204	203	203	203	204	205	205	200	200	200	199	199	199	199	200	199	198	198	197	197	196	196	196	199	199	199	196	200	196	200	195	199	198	197	196	196	196	195	195	192	191	190	190	190	189	187	187	186	183	181	180	174	168	164	163	158	147	151	142	149	162	173	178	177	181	182	184	183	186	185	184	188	190	191	191	191	194	201	206	211	209	218	219	202	183	175	189	215	231	238	237	238	237	236	242	228	230	228	231	229	218	205	189	164	166	176	180	186	192	187	186	180	181	185	184	175	173	175	173	170	168	168	169	177	194	214	222	211	204	218	218	218	229	225	227	211	198	197	190	194	184	205	196	201	194	186	193	187	206	201	207	209	207	196	177	179	174	172	169	166	154	147	144	143	142	139	143	139	139	138	138	137	135	133	131	128	128	130	131	133	134	135	135
183	119	120	121	122	123	122	121	121	124	122	122	123	122	120	121	123	121	122	121	119	119	121	122	121	122	119	118	122	123	120	120	123	122	124	124	123	124	125	125	124	125	124	123	122	122	123	124	124	128	123	120	117	114	112	116	122	126	129	132	124	130	133	126	134	128	129	130	130	130	130	131	132	132	132	133	133	134	135	136	136	137	137	137	137	138	138	140	141	141	143	146	140	147	136	147	182	219	248	239	255	236	252	240	248	247	247	246	245	246	245	242	241	237	217	230	229	180	143	91	66	68	52	63	64	57	66	68	62	64	61	61	64	64	62	61	63	57	68	63	65	62	66	59	65	62	64	65	65	65	65	66	66	63	66	60	75	65	58	68	67	75	76	71	60	22	59	124	162	205	214	217	219	255	193	222	241	234	233	231	235	228	214	181	255	228	212	209	210	211	212	219	225	217	216	215	212	210	208	208	208	208	207	207	206	206	206	206	206	206	204	202	201	201	201	202	202	201	199	199	199	200	200	198	197	196	196	196	196	195	195	195	195	194	195	196	197	196	195	194	193	198	203	198	193	193	184	174	175	174	175	174	173	168	164	161	161	146	136	128	134	153	169	169	162	134	82	30	17	43	56	50	59	57	54	59	53	52	58	51	53	54	56	52	54	54	52	55	53	54	52	56	52	57	53	56	54	54	54	54	54	54	54	54	54	53	54	55	55	54	54	54	54	55	53	57	53	58	53	57	55	53	66	61	46	37	43	45	92	112	135	140	136	134	151	192	180	237	235	234	233	234	238	240	226	195	178	141	114	107	125	126	122	115	115	117	119	114	101	86	77	74	64	58	48	34	32	37	35	37	35	23	13	13	12	11	19	18	22	28	33	38	46	56	63	83	89	101	102	115	121	130	129	131	134	140	148	155	161	165	166	176	175	175	169	168	158	147	151	139	130	118	114	114	114	114	115	111	113	104	49	109	191	228	245	242	241	239	242	233	232	236	225	225	220	212	205	194	188	179	168	171	172	189	210	206	220	213	217	214	216	219	221	221	221	221	221	221	222	222	222	221	220	219	218	216	215	214	213	213	213	215	215	212	212	214	214	213	213	212	211	210	210	209	209	208	208	207	207	208	207	206	205	205	205	206	207	204	204	204	203	203	203	204	205	205	205	204	204	203	203	203	202	200	204	200	198	202	196	204	196	198	198	197	197	197	197	196	196	196	195	194	195	195	194	193	194	189	186	183	182	176	169	165	165	155	146	152	145	156	172	185	191	195	199	197	200	195	199	196	196	194	192	189	184	176	164	150	141	157	154	163	154	151	141	142	147	165	173	171	168	173	174	170	171	178	177	171	172	172	166	159	146	139	138	141	139	142	146	139	137	141	138	138	128	110	110	122	128	128	125	128	125	122	136	157	165	167	158	181	191	187	187	182	192	169	169	178	173	188	182	198	158	162	157	143	158	134	153	132	132	129	129	125	118	123	108	93	85	87	88	95	90	104	127	121	113	110	108	104	101	99	98	98	98	97	97	98	100	100	101	101	101
184	119	120	121	122	122	121	120	119	123	122	122	121	121	121	122	122	120	122	123	122	122	123	124	124	121	121	122	118	117	122	119	121	124	122	122	124	125	123	123	123	122	122	121	121	123	125	125	123	126	123	119	115	113	111	114	116	126	124	126	131	131	126	126	129	127	128	130	130	130	130	130	130	134	132	132	134	136	135	135	137	136	138	138	137	137	141	143	142	141	152	144	154	144	118	156	215	239	250	250	252	255	250	249	255	253	253	255	255	255	255	252	255	255	253	240	255	171	84	58	54	63	61	61	62	63	64	64	63	61	63	63	61	62	65	66	65	64	64	64	63	63	64	64	64	64	63	62	62	63	63	63	63	61	68	60	63	66	62	67	66	73	75	69	76	55	51	58	141	225	249	238	255	255	192	219	246	242	242	243	234	237	219	191	255	255	252	249	248	248	248	250	251	248	244	248	245	249	244	248	248	246	246	249	249	244	248	249	245	250	251	251	250	248	248	248	247	247	247	247	248	248	248	247	247	247	248	248	248	248	248	248	248	248	245	248	248	248	249	248	249	249	249	249	249	249	249	249	251	251	251	251	251	251	252	252	251	248	234	222	218	211	200	194	149	107	31	39	63	47	55	49	54	53	53	52	51	51	51	51	51	53	51	51	52	52	50	50	51	51	49	52	48	54	49	53	50	52	52	52	52	52	52	52	52	52	52	52	52	52	52	52	52	51	52	53	54	55	55	55	55	49	55	61	51	41	54	33	61	100	126	138	127	133	154	183	176	237	235	234	233	234	238	240	226	190	232	182	164	156	164	158	155	150	132	125	99	83	79	65	67	67	64	71	57	33	28	23	25	43	52	42	29	34	47	40	55	61	66	62	57	61	62	61	66	70	59	71	62	73	72	79	70	84	92	97	82	107	108	106	108	121	137	113	114	127	139	141	150	136	127	118	114	113	114	115	116	116	106	111	81	108	158	192	199	206	197	200	208	202	195	195	193	193	186	180	183	173	163	163	157	152	164	183	196	203	207	209	210	207	207	209	213	215	215	215	218	217	217	217	220	221	220	219	220	220	218	220	213	221	218	220	215	215	218	214	219	213	218	214	216	216	215	215	217	217	216	216	217	219	218	216	214	215	216	213	210	212	212	214	216	215	213	212	213	216	216	216	215	214	214	214	214	212	214	213	209	207	206	204	201	204	204	203	202	202	203	204	206	203	201	201	201	201	200	198	197	194	195	188	181	175	169	168	164	158	151	152	139	164	183	191	208	203	203	201	197	212	210	208	214	224	229	225	205	188	128	53	49	33	29	31	33	30	33	37	30	28	30	27	32	27	42	51	43	47	44	41	61	47	54	70	108	113	112	98	85	56	46	62	87	91	102	91	69	57	61	53	72	86	73	69	71	61	51	73	109	107	132	137	140	143	140	144	142	135	143	154	165	172	170	160	150	142	127	127	123	113	89	50	34	33	35	38	61	60	43	43	30	18	46	38	55	80	101	110	111	95	81	77	79	74	74	77	74	73	77	78	76	78	82	83	81
185	119	120	121	121	121	120	119	118	121	120	120	120	120	121	121	122	120	122	123	121	121	122	123	122	121	121	122	118	118	121	119	120	124	122	122	124	125	124	124	125	122	125	127	124	122	122	123	123	124	122	118	114	111	111	111	113	121	126	128	125	125	128	128	125	125	126	127	127	127	128	128	129	134	133	133	135	136	135	135	136	137	136	136	139	139	138	139	141	140	148	143	150	136	113	150	202	229	248	254	245	254	250	252	250	254	255	253	253	255	253	250	249	255	255	247	227	142	66	50	58	64	64	62	61	62	62	62	62	62	64	63	62	62	64	64	63	63	63	63	63	63	63	63	63	63	63	62	62	62	62	62	62	62	65	61	62	64	62	64	65	65	70	63	77	71	43	30	114	241	244	244	255	255	184	232	233	248	238	239	247	247	221	185	255	255	255	255	255	255	255	255	255	255	255	255	255	255	255	255	255	255	255	255	255	255	255	255	255	255	255	255	255	255	255	255	255	255	255	255	254	254	254	255	255	254	254	254	254	253	253	254	254	255	255	255	254	253	255	252	250	248	248	248	250	250	250	251	251	250	250	251	252	252	252	252	252	251	255	255	251	238	231	214	145	56	43	56	59	64	63	49	56	58	57	57	57	57	57	57	57	58	56	56	58	58	56	56	58	57	58	54	60	55	60	57	58	58	58	58	58	58	58	58	58	58	58	58	58	58	58	58	58	58	58	58	59	59	59	60	60	53	59	63	62	55	62	39	53	71	108	147	144	137	146	181	174	237	235	234	233	234	238	240	226	193	255	210	184	179	183	178	180	162	149	124	81	57	71	68	63	64	61	70	64	46	37	28	27	30	27	32	26	27	32	31	35	41	41	40	42	42	37	34	37	32	29	24	26	17	20	24	29	42	47	53	33	51	54	66	74	84	102	88	83	108	139	148	145	134	126	118	115	114	113	112	111	107	122	104	81	113	132	150	169	169	165	172	178	175	173	173	167	170	173	163	164	154	161	155	142	145	146	157	190	192	200	199	199	194	194	197	201	204	204	206	208	210	209	208	210	211	210	209	209	209	208	208	204	205	205	206	204	206	207	203	207	201	205	201	203	202	200	199	199	198	196	195	196	194	193	191	191	194	199	200	199	199	196	195	197	199	199	199	199	202	203	203	203	202	202	202	203	202	205	206	206	207	210	210	209	209	209	208	207	205	205	206	206	202	201	205	203	206	201	202	202	197	192	181	179	177	171	167	167	159	151	153	150	168	182	193	203	202	200	211	205	200	208	201	216	214	212	199	162	144	124	80	63	45	26	40	30	26	38	29	40	41	42	41	45	45	41	46	63	82	92	96	100	94	101	108	118	122	131	112	105	107	103	102	128	129	128	117	105	107	113	100	103	108	107	104	100	97	102	110	119	127	130	123	127	127	118	116	113	122	129	129	121	115	115	115	112	104	106	114	111	98	82	74	80	74	92	97	106	101	87	79	56	57	70	66	85	106	120	117	116	104	93	90	92	89	89	91	88	87	87	87	88	89	88	89	90
186	119	119	120	120	119	119	119	118	119	119	119	119	119	120	120	121	120	122	122	121	120	121	121	121	120	120	122	118	118	121	118	120	123	121	121	122	123	122	122	123	122	124	124	121	119	120	121	121	122	121	118	114	111	110	111	110	118	123	125	122	123	126	126	123	122	122	123	123	124	124	125	126	126	124	124	125	126	126	125	126	131	127	127	132	133	128	130	135	132	136	131	137	131	119	131	141	149	161	170	159	179	184	191	189	194	200	195	197	198	201	210	202	196	186	155	134	104	70	59	67	65	63	62	61	62	62	62	61	63	64	63	62	62	63	63	62	62	62	62	63	63	62	62	62	63	62	61	61	62	62	62	61	62	62	63	60	62	63	60	64	83	68	61	68	70	65	49	74	160	208	214	237	255	196	229	243	232	236	234	238	239	232	198	255	255	253	250	253	253	251	254	255	250	250	249	253	252	254	253	255	253	252	251	254	255	253	253	255	255	255	255	255	255	255	255	255	255	255	255	255	255	255	255	255	255	255	255	255	255	255	255	255	255	255	255	255	255	255	255	255	253	253	253	254	254	254	254	254	255	254	254	254	254	254	254	254	255	255	255	242	195	142	114	66	41	59	70	55	66	62	55	60	61	60	60	60	60	61	61	61	61	60	60	61	62	61	61	62	61	63	59	64	60	65	61	63	62	62	62	62	62	62	62	62	62	62	62	62	62	62	62	62	62	62	62	62	62	62	62	63	55	60	64	68	60	65	55	60	61	85	129	139	137	146	189	179	237	235	234	233	234	238	240	224	191	255	242	216	217	216	210	212	223	206	145	70	24	50	65	57	62	71	103	128	138	139	135	135	132	106	102	83	66	52	49	37	29	23	25	33	36	35	38	41	47	61	55	64	59	60	63	64	71	71	75	75	88	97	90	81	116	114	118	120	141	147	146	147	131	124	116	114	114	112	111	110	114	108	111	74	114	198	227	249	239	238	238	234	229	229	228	221	202	199	177	179	162	164	162	165	159	154	150	194	191	204	202	197	195	195	196	198	199	199	199	200	197	194	192	193	193	191	189	188	186	189	188	190	187	190	188	188	186	188	185	186	182	184	181	182	177	175	174	173	171	168	167	167	164	163	162	162	165	169	171	171	160	155	150	150	152	152	152	152	152	152	153	153	153	153	154	155	157	158	159	159	160	162	163	163	164	165	168	171	174	177	180	182	187	186	189	187	193	192	197	197	202	196	183	173	172	170	168	172	159	156	156	159	170	183	206	208	208	202	203	206	202	212	204	203	206	186	162	127	121	135	112	80	64	53	48	45	35	29	30	34	30	32	28	21	24	16	10	42	63	90	114	106	98	98	109	112	132	128	119	120	118	124	127	134	137	135	132	116	111	107	105	109	100	105	103	96	95	101	101	92	89	85	76	68	55	48	61	69	67	71	65	47	37	41	46	45	47	50	53	58	55	45	46	47	52	74	78	81	80	75	72	59	54	53	62	83	99	109	102	105	96	88	87	90	89	88	88	86	85	82	82	85	85	81	81	84
187	119	119	119	119	118	118	118	118	118	118	118	118	118	119	119	119	118	120	121	119	119	120	120	120	119	118	121	118	118	120	117	119	122	121	120	120	121	121	121	121	123	123	121	119	120	122	122	120	120	119	117	114	112	111	111	112	119	117	119	123	123	120	120	124	122	122	122	122	122	123	124	125	125	124	124	124	125	125	124	124	123	120	121	124	125	121	121	123	121	124	119	120	123	125	119	93	51	38	34	36	57	61	68	76	82	96	100	108	102	98	110	96	101	57	29	32	55	60	65	73	64	62	60	61	61	61	61	60	63	63	63	62	62	62	62	62	62	63	63	63	63	63	63	62	62	62	61	61	62	62	62	62	62	60	64	59	61	65	58	64	63	61	69	69	64	70	60	50	58	125	157	162	243	194	224	239	226	222	221	237	237	224	191	252	223	207	206	209	211	213	216	220	212	214	212	220	217	224	222	225	225	228	226	228	233	231	230	238	238	238	239	241	242	243	244	245	247	249	253	255	255	255	255	255	255	255	255	255	255	255	255	255	255	255	253	255	255	251	254	255	255	255	255	255	255	255	255	255	255	255	255	255	255	255	255	255	255	253	255	248	182	84	43	33	61	61	63	58	57	55	61	58	58	58	58	58	58	58	58	58	58	58	58	58	58	58	58	59	59	57	60	56	62	58	61	59	59	59	59	59	59	59	59	59	60	60	60	60	60	60	60	60	59	59	59	58	59	59	60	60	50	57	61	66	54	59	64	65	42	63	106	130	147	152	187	169	237	235	234	233	233	238	238	224	190	255	245	231	238	239	244	244	246	231	162	84	22	42	61	57	48	61	102	142	169	172	176	181	176	150	137	119	102	91	85	68	51	35	27	24	19	22	29	30	40	54	50	43	59	54	69	58	71	72	71	77	68	88	82	81	85	95	120	114	135	150	149	138	132	123	116	111	111	111	112	113	116	105	122	60	102	217	247	255	255	255	255	255	254	254	254	250	237	234	219	217	198	186	185	191	160	186	197	231	218	221	223	227	221	220	220	220	219	218	218	218	218	215	213	214	213	211	209	208	208	212	211	217	213	216	211	211	211	211	209	209	207	207	206	206	206	205	204	205	204	202	201	202	199	199	199	200	201	202	201	199	191	185	180	179	180	181	181	182	183	184	185	185	185	185	186	186	181	180	179	177	176	176	175	175	182	183	185	186	186	187	188	188	195	197	196	200	200	201	197	193	190	185	177	166	166	170	170	174	162	161	143	145	153	156	169	164	164	186	180	196	195	178	183	166	173	151	132	103	88	94	91	81	62	65	56	61	56	44	49	44	50	54	50	40	39	46	26	43	50	64	80	82	84	84	87	85	92	85	88	92	87	108	123	129	133	121	120	113	113	111	116	112	110	112	111	108	105	104	103	100	106	105	104	102	98	101	102	91	103	104	100	91	89	93	93	88	89	97	96	101	95	84	89	89	92	102	98	101	102	93	94	97	93	84	102	112	115	121	113	118	96	92	90	92	92	91	91	90	89	87	87	89	89	87	87	89
188	119	119	118	118	117	117	118	118	118	118	118	118	117	117	117	117	116	118	119	118	118	119	120	119	119	117	119	118	117	119	115	118	122	121	120	119	119	120	120	119	124	127	129	128	126	124	121	119	117	116	115	113	112	111	112	113	118	115	117	121	121	118	119	123	120	120	120	120	119	119	120	121	123	123	122	122	122	123	122	121	125	126	126	126	126	126	125	124	122	124	124	122	119	126	127	108	103	79	64	70	74	77	70	84	90	94	86	90	88	92	114	110	98	66	70	77	81	68	62	57	60	59	59	59	60	61	61	61	62	62	62	63	63	62	62	62	63	63	64	64	64	64	63	63	62	61	61	61	62	63	63	63	61	59	64	59	62	66	58	65	74	69	63	59	69	65	62	75	88	91	114	136	189	193	226	241	219	225	230	237	233	219	198	200	170	152	149	152	153	154	157	160	158	161	159	165	162	169	167	169	164	170	168	165	169	171	169	172	177	176	178	181	184	184	186	189	193	194	196	199	201	204	206	207	213	214	214	214	214	215	217	218	214	218	215	220	220	217	221	217	227	227	227	227	227	227	225	225	221	222	223	223	223	224	225	226	212	217	202	159	110	52	48	73	64	55	52	63	53	54	59	51	55	55	55	54	54	54	54	54	54	55	55	54	54	54	54	54	55	53	56	52	58	53	57	54	55	55	55	55	55	55	55	55	56	56	56	56	56	56	56	56	56	55	55	55	55	56	57	58	43	54	59	67	54	52	59	51	28	54	83	112	140	147	181	172	237	237	234	233	233	238	238	224	192	240	199	180	178	180	190	185	190	190	151	105	48	44	52	57	61	68	94	120	143	137	146	154	157	162	160	163	162	169	165	159	165	160	155	144	126	112	98	80	82	78	56	30	37	18	37	30	38	39	50	59	63	82	86	84	91	95	118	109	131	147	155	143	131	123	114	111	111	111	114	114	117	125	95	48	149	242	255	255	254	254	255	255	255	255	255	255	251	255	255	255	252	233	219	193	215	248	253	255	255	255	255	255	255	255	255	255	255	255	255	255	255	255	255	255	255	255	255	255	255	255	255	255	255	255	255	255	255	255	255	255	255	255	255	255	255	255	255	255	255	255	255	255	255	255	255	255	255	255	255	255	255	254	252	252	253	253	254	255	255	255	255	255	255	255	255	255	251	250	249	248	247	246	246	246	242	242	242	241	239	237	235	235	229	233	229	238	230	231	211	201	186	166	165	171	175	178	175	178	170	160	121	116	109	85	86	95	136	168	170	179	189	154	153	129	120	104	85	67	59	59	64	75	67	67	80	76	78	83	71	72	64	66	67	68	55	74	47	45	42	45	47	55	56	58	52	49	36	43	42	45	59	86	97	123	116	103	103	102	111	114	123	114	112	110	109	109	108	107	109	112	115	109	108	104	102	111	115	110	109	108	108	110	112	111	107	103	105	108	100	102	101	98	107	107	113	114	109	113	114	102	99	106	107	97	117	116	113	117	107	106	94	93	90	90	91	90	89	91	88	90	90	88	88	90	90	88
189	118	118	117	117	117	116	116	116	117	117	117	117	117	116	115	115	115	117	117	116	116	118	119	118	118	116	118	116	116	117	114	118	120	120	119	118	119	120	119	118	122	132	140	139	131	124	119	117	113	113	112	111	110	111	112	113	114	117	118	116	116	120	121	118	120	120	120	119	119	118	119	119	118	119	118	117	118	119	118	117	114	117	117	115	115	117	117	113	115	110	113	116	111	111	116	114	103	93	86	89	78	90	78	90	82	83	80	91	96	94	92	78	89	70	76	71	64	60	67	60	59	58	58	58	60	61	63	62	61	61	61	63	63	62	62	63	63	63	64	64	64	64	63	63	61	60	60	60	61	62	62	62	60	61	62	60	63	64	60	64	67	55	55	66	71	62	57	59	61	62	60	83	101	190	230	240	233	233	232	233	241	232	180	112	76	59	56	58	58	59	61	65	61	63	61	62	60	63	61	61	63	68	66	61	61	63	62	61	54	51	51	54	54	52	54	56	52	50	46	44	43	44	46	48	66	66	66	66	66	67	69	70	75	92	92	92	95	100	105	90	99	98	98	98	98	97	95	95	97	97	98	97	97	97	97	99	75	70	44	24	51	60	56	56	56	61	51	57	54	57	53	53	56	56	55	55	54	54	54	54	54	55	55	54	53	54	54	53	54	56	52	57	53	58	54	56	55	55	55	55	55	55	55	55	56	56	56	56	56	56	56	56	56	56	56	56	56	57	58	58	50	53	59	64	58	57	58	47	31	53	62	90	125	151	188	181	237	237	234	233	233	238	238	223	186	202	163	150	149	157	171	165	172	174	159	130	77	49	44	65	62	70	90	111	133	123	133	142	149	173	175	182	181	187	189	195	189	194	197	191	178	164	144	124	108	101	79	69	53	32	34	39	42	24	32	22	47	60	81	75	95	84	95	100	129	140	152	148	128	121	115	115	115	114	113	112	114	121	81	41	150	244	255	255	255	255	255	255	255	255	255	255	255	246	252	255	255	240	218	176	235	255	255	251	255	255	255	255	255	255	255	255	255	255	255	255	255	255	255	255	255	255	255	255	255	255	255	255	255	255	255	255	255	255	255	255	255	255	255	255	255	255	255	255	255	255	255	255	255	255	255	255	255	255	255	255	255	255	255	255	255	255	255	255	255	255	255	255	255	254	255	255	254	253	253	253	253	252	252	253	253	254	255	255	255	255	255	255	253	254	248	255	248	253	237	229	209	153	142	162	170	167	159	166	163	153	122	119	95	71	103	153	199	207	207	179	175	137	121	103	80	72	55	50	58	63	61	65	60	72	75	75	77	80	79	76	83	74	74	82	60	73	53	45	37	43	44	47	45	50	45	41	41	37	42	48	60	90	101	118	117	105	93	93	101	114	130	125	118	116	113	111	114	118	117	114	114	112	124	128	123	117	115	121	115	115	117	120	119	116	116	118	117	114	107	108	112	116	119	116	112	113	112	112	116	117	117	120	121	111	128	125	128	132	121	113	109	110	107	105	107	105	104	107	105	108	108	104	103	106	106	102
190	117	116	116	116	115	115	115	114	115	115	116	116	115	115	114	114	114	116	117	116	115	117	117	117	118	114	116	115	114	115	113	117	117	118	118	117	118	120	119	117	119	127	134	134	130	124	118	114	112	112	112	111	110	111	112	113	113	115	116	114	114	118	119	116	117	118	118	118	117	117	117	117	118	119	119	117	118	120	119	117	121	118	118	119	119	118	119	119	121	114	116	119	118	117	113	111	95	90	95	96	93	110	105	115	130	132	125	122	126	120	101	82	67	62	60	58	57	60	63	53	58	58	58	59	60	63	62	63	61	60	61	63	63	62	61	63	62	62	62	62	62	62	62	62	61	60	60	59	60	60	60	60	59	63	60	61	64	61	62	62	70	64	67	71	54	60	71	66	63	61	97	153	202	195	220	241	250	237	240	243	234	218	192	190	156	142	140	143	144	145	147	151	143	143	144	140	141	140	141	138	138	137	139	138	134	134	135	133	133	130	128	130	130	126	124	126	128	127	123	120	117	116	116	117	123	123	123	122	122	123	125	126	116	130	124	123	123	122	128	114	123	123	122	121	120	120	118	118	114	112	112	110	107	106	108	110	112	104	89	69	74	68	61	61	57	65	59	53	54	57	53	57	55	55	54	54	54	54	54	54	54	55	55	53	53	55	55	53	55	56	52	58	53	58	55	56	55	55	55	55	55	55	55	55	56	56	56	56	56	56	56	56	56	56	56	57	57	57	57	57	57	58	63	62	58	61	59	51	37	47	42	79	117	162	198	177	237	237	234	233	233	238	238	223	195	197	164	145	145	151	157	156	158	161	158	130	83	39	22	52	56	69	93	116	143	130	139	143	140	155	153	154	152	150	159	163	163	165	161	157	161	166	169	172	160	164	160	174	158	160	151	155	132	123	131	107	109	99	109	105	112	115	110	99	124	147	160	140	129	123	116	114	115	114	113	112	110	118	128	104	117	182	206	209	212	215	210	207	213	214	213	217	204	180	181	189	186	173	173	150	161	184	227	233	230	231	229	232	235	236	235	233	233	235	235	234	234	234	234	232	226	222	223	226	224	227	235	239	242	240	245	248	252	251	253	249	254	251	253	252	252	251	251	253	253	253	253	254	255	255	255	255	255	254	255	255	255	255	255	255	255	255	255	255	255	255	255	255	255	255	255	255	255	255	255	255	255	255	255	255	255	255	255	255	255	255	255	255	255	255	254	252	255	255	255	251	218	142	126	141	141	140	136	140	139	139	135	140	113	122	188	251	254	253	247	183	124	79	77	71	57	63	62	58	54	53	54	54	54	77	66	75	81	77	98	98	102	91	91	97	84	79	64	46	34	31	31	33	48	52	47	35	40	21	36	49	51	85	100	105	109	90	63	71	93	122	137	127	126	122	118	117	120	123	122	119	132	120	119	121	128	129	123	130	125	128	129	128	126	127	130	132	122	127	135	130	124	124	124	128	123	121	120	116	116	125	130	130	136	127	137	131	135	133	126	120	121	125	122	119	121	119	117	121	120	120	120	118	117	117	117	116
191	115	115	115	115	114	114	113	113	113	114	114	115	115	114	114	113	114	116	117	115	115	116	116	115	118	114	115	114	113	114	112	117	115	117	117	117	118	120	120	117	117	117	118	121	126	126	119	111	113	113	112	111	111	111	113	114	115	112	111	116	116	113	115	119	115	116	117	117	117	116	116	116	116	117	117	115	116	118	118	115	121	116	116	118	118	114	115	119	113	116	117	110	109	114	112	107	107	92	101	101	105	121	123	134	129	140	141	133	136	133	105	85	49	61	60	60	61	55	55	56	57	59	59	59	60	62	63	62	61	60	61	63	63	61	61	62	61	61	60	60	60	60	61	61	61	60	59	59	59	59	58	58	58	65	58	62	64	59	63	60	65	68	55	60	65	69	60	60	59	65	95	140	207	192	230	238	251	242	247	245	233	222	180	195	165	150	147	151	150	150	152	153	153	153	157	150	155	152	156	152	153	147	151	157	152	151	154	153	149	146	148	151	150	147	147	150	146	147	149	151	152	151	150	149	142	141	141	140	139	140	141	142	141	143	132	140	139	130	140	138	139	139	137	136	136	135	133	133	130	130	129	127	125	126	126	129	130	105	90	76	74	66	66	62	60	54	63	55	58	58	56	52	56	56	55	55	55	56	56	56	55	56	57	55	55	57	58	56	58	56	59	55	61	57	60	58	57	57	57	57	57	57	57	57	58	58	58	58	58	58	58	58	58	58	59	59	59	58	58	57	54	60	72	63	57	56	52	51	47	43	27	60	92	158	209	187	237	237	234	233	233	237	238	223	186	184	147	121	119	126	128	135	127	140	158	139	103	54	24	53	57	71	93	115	145	131	140	142	146	146	146	148	152	143	154	151	156	159	158	161	169	173	176	185	188	192	190	194	185	209	202	194	193	179	162	142	130	131	126	125	128	124	108	101	120	132	150	146	132	124	116	113	112	113	113	113	115	116	122	141	78	74	106	93	96	108	108	106	110	110	101	97	72	64	70	71	56	71	101	97	105	97	141	161	161	170	167	166	172	174	174	174	176	179	181	181	182	181	179	172	162	153	152	155	156	165	184	190	199	195	201	205	225	223	228	223	229	225	229	225	228	226	227	228	229	228	228	229	230	230	233	237	239	238	238	240	240	238	240	246	251	253	253	252	251	252	252	252	251	251	251	252	252	250	251	253	253	251	250	252	252	253	253	253	253	253	253	254	249	249	255	247	255	247	251	240	208	138	130	140	132	137	135	129	132	129	135	135	109	140	199	228	240	239	224	172	93	49	66	49	54	52	53	57	54	55	58	51	50	59	62	62	66	70	81	100	105	102	109	114	120	100	79	43	34	27	36	34	47	35	42	42	40	32	39	46	55	83	87	108	90	88	69	77	92	119	133	129	122	114	113	117	117	115	118	126	116	121	127	123	126	129	122	129	126	129	129	126	126	131	131	128	130	126	131	126	129	136	127	125	124	118	122	122	120	126	131	133	136	130	137	130	133	127	129	131	125	131	128	125	128	126	122	127	126	123	122	125	124	121	121	124
192	115	114	114	114	114	115	114	114	114	113	113	113	114	115	114	114	114	114	113	113	112	113	115	116	116	116	116	116	115	114	115	115	115	123	115	119	116	109	119	114	111	113	113	111	109	109	113	116	113	115	114	113	112	113	113	113	118	115	114	117	116	114	112	115	118	117	116	115	115	115	115	115	117	116	115	114	114	115	117	119	114	114	115	116	117	116	115	114	114	115	112	110	111	113	112	110	105	95	99	98	101	111	119	120	121	125	136	125	110	107	74	64	60	61	62	62	62	59	59	59	59	59	58	57	57	58	60	61	61	62	62	62	61	61	61	62	60	62	63	63	60	60	61	63	62	62	63	62	61	60	59	59	61	61	61	58	58	60	61	61	64	61	59	62	63	60	59	61	55	50	96	155	213	190	228	239	238	234	235	239	238	222	189	198	164	147	144	146	148	149	152	155	155	154	153	153	154	155	156	157	155	155	155	155	157	157	157	157	154	153	153	153	153	153	152	152	154	155	155	155	155	154	152	151	159	157	155	156	157	159	157	155	156	151	158	152	152	147	154	149	149	152	152	149	149	153	154	151	149	150	154	152	147	150	155	155	136	93	73	62	66	64	63	59	57	59	58	56	57	58	58	56	57	57	57	57	56	56	56	56	56	57	57	57	57	58	58	58	59	58	53	58	59	55	57	55	59	57	60	56	59	55	58	56	56	56	57	58	59	59	59	59	59	58	57	57	58	58	58	58	57	61	59	57	55	54	59	57	53	44	29	50	91	150	197	183	233	234	237	237	238	241	237	220	190	169	155	141	144	155	150	146	147	142	159	153	109	61	36	42	53	69	98	120	144	138	137	139	146	148	150	151	152	153	154	154	157	157	158	157	156	156	156	156	156	160	158	165	160	165	162	164	159	174	165	177	165	169	167	164	165	156	161	148	155	143	148	141	134	121	118	118	111	108	113	116	113	117	113	117	129	116	97	97	97	101	107	112	113	112	109	108	101	111	109	97	97	111	114	107	119	113	94	118	116	118	115	117	113	116	119	120	119	118	118	119	118	116	114	113	115	119	122	124	128	123	124	136	125	123	145	133	140	137	140	136	144	141	145	143	143	144	146	148	151	153	156	158	157	155	154	157	159	160	162	164	171	163	171	182	165	169	180	184	194	195	197	198	200	202	203	204	204	204	206	209	208	207	208	212	210	211	211	211	211	209	208	207	201	189	201	197	195	201	162	155	138	134	134	138	139	137	134	133	128	134	128	125	117	124	100	118	125	126	114	73	72	72	57	62	56	56	56	56	55	54	55	53	53	54	51	54	47	49	53	64	83	103	118	133	115	107	94	50	35	42	38	42	45	45	40	64	63	44	54	52	62	91	94	100	89	89	78	82	96	110	121	113	105	99	108	112	114	124	124	118	119	120	122	123	124	124	123	123	125	127	124	129	128	125	129	129	128	128	129	129	129	129	128	128	125	121	123	126	127	126	129	134	133	133	134	135	133	132	132	132	128	127	126	126	125	126	126	126	125	125	122	126	126	123	126	125
193	116	115	114	114	115	115	115	115	114	114	113	113	114	114	114	113	114	114	114	113	113	113	114	115	112	114	115	115	116	116	116	117	110	121	116	115	103	91	101	102	106	104	100	95	93	97	105	111	112	114	114	113	113	113	114	114	115	114	114	115	116	114	112	113	114	114	113	113	113	113	113	113	113	114	116	117	116	115	115	115	119	117	114	112	113	115	116	117	112	113	112	108	108	110	109	106	107	99	98	99	101	113	117	121	131	127	135	131	112	95	65	65	61	61	62	62	61	58	58	59	54	56	57	57	57	56	56	56	59	59	60	59	59	59	60	61	64	62	60	60	62	62	60	58	55	56	57	57	58	58	59	59	57	58	59	58	58	59	58	57	64	61	59	62	63	60	59	60	55	53	97	154	213	191	228	239	238	233	235	239	238	222	189	198	165	148	146	148	150	150	153	155	158	158	157	157	157	158	159	159	157	158	159	159	159	159	160	161	164	163	163	163	164	164	164	163	161	161	161	161	161	163	164	165	163	168	173	171	167	165	167	173	173	170	173	171	170	168	169	167	165	164	164	165	165	164	165	166	170	164	164	166	168	174	169	150	140	107	77	57	68	62	56	65	57	59	58	57	57	57	57	56	56	56	56	56	57	57	57	57	57	57	57	57	57	58	58	58	55	62	59	57	56	59	63	56	58	56	59	55	59	56	59	57	58	58	58	58	59	59	58	58	62	61	60	60	60	59	59	58	57	61	59	57	55	54	59	57	54	50	31	36	69	137	196	185	233	234	237	237	238	241	237	220	182	142	122	120	134	149	144	139	145	142	152	146	120	86	56	48	50	64	92	118	139	134	139	146	142	143	145	146	146	147	147	148	144	145	145	145	144	145	145	146	149	151	153	157	156	159	159	161	171	182	180	192	184	190	183	182	177	179	182	189	161	159	150	143	129	124	120	116	110	109	112	114	106	115	115	114	119	112	100	100	93	94	95	95	94	93	92	92	90	91	95	98	98	95	93	94	89	89	79	78	82	85	90	84	77	75	74	75	78	78	76	72	73	75	78	83	85	86	85	83	86	80	74	77	69	68	76	59	60	58	58	57	60	60	61	59	61	65	71	75	76	74	72	70	73	72	72	73	73	71	69	68	65	66	78	76	63	60	74	78	98	100	102	106	108	109	109	109	116	115	116	119	120	120	120	121	118	119	120	121	121	120	119	118	109	102	108	117	99	113	77	67	104	118	128	122	115	113	115	112	110	112	107	107	104	106	62	28	25	8	18	37	54	60	48	58	53	54	54	53	53	52	50	51	45	46	44	49	41	43	44	53	69	85	92	119	123	114	89	52	38	44	43	49	47	43	41	63	71	52	64	71	74	92	95	93	84	91	88	90	93	96	99	89	94	87	97	108	115	123	122	120	119	120	121	122	123	123	123	123	127	129	126	130	130	126	130	130	129	129	129	129	129	129	128	127	124	124	125	124	126	129	131	132	133	134	134	135	134	133	132	132	127	126	126	125	125	126	126	126	129	129	125	128	127	123	125	124
194	111	110	110	110	110	111	111	110	115	114	113	113	114	114	113	112	114	114	114	114	113	113	113	114	114	115	115	115	115	114	114	114	118	120	111	112	110	102	104	96	112	112	112	110	109	110	114	117	111	113	114	113	113	114	114	114	112	114	115	114	114	115	113	112	113	113	113	112	113	113	114	114	111	113	115	117	116	115	114	113	117	116	116	116	117	116	115	114	115	115	115	114	114	114	110	108	105	102	94	97	96	112	111	120	120	124	135	128	92	69	51	65	61	61	61	60	59	59	57	58	57	59	60	61	60	59	59	59	62	62	62	62	62	62	64	65	62	60	58	59	62	63	61	60	59	59	60	60	60	60	61	62	60	61	62	62	61	62	62	61	65	61	58	62	62	59	58	59	56	55	97	153	214	191	227	239	238	233	235	239	238	222	189	198	164	146	144	147	147	149	150	153	155	155	155	155	155	155	155	155	154	156	157	157	155	155	157	160	156	156	156	156	157	158	157	157	159	158	157	157	157	158	159	160	162	158	156	158	164	166	163	159	158	161	158	159	156	157	155	158	159	156	156	159	159	155	155	158	160	156	156	155	157	168	163	138	104	70	62	58	57	56	61	58	57	58	57	57	57	57	57	56	55	56	56	56	57	57	57	58	57	57	57	57	57	58	58	58	53	61	59	57	56	57	62	57	56	55	58	55	60	56	60	58	59	59	59	58	58	58	58	58	59	58	58	59	60	60	60	59	56	61	58	57	55	54	59	56	47	50	39	42	64	123	185	178	233	234	237	237	238	241	237	220	188	134	108	101	103	115	127	137	139	142	146	140	134	123	97	85	79	84	111	138	151	141	140	141	145	145	146	147	147	146	147	147	149	149	150	150	150	151	152	154	153	153	155	154	156	154	156	156	155	158	157	162	157	167	160	164	171	170	168	182	141	150	141	136	123	122	120	117	108	91	82	85	97	109	117	118	119	123	125	125	130	130	129	128	127	127	128	130	133	127	127	135	135	127	127	137	134	142	147	138	147	143	149	136	148	145	143	144	146	147	145	142	143	143	143	144	145	146	146	145	142	141	141	138	137	143	145	134	145	144	141	143	142	144	142	142	136	137	138	137	136	134	132	131	128	127	128	130	129	127	125	124	124	121	124	118	125	125	129	123	123	125	125	127	127	127	126	125	127	125	124	126	127	125	123	121	121	122	122	121	121	119	117	117	121	118	120	125	92	109	108	110	112	113	110	105	106	107	103	95	107	109	98	81	69	77	81	62	58	47	61	74	58	63	56	59	53	53	53	53	52	52	50	50	51	52	50	56	51	52	51	56	50	58	54	82	102	99	80	61	50	53	53	57	48	42	42	54	62	55	74	94	96	102	107	98	93	98	95	91	88	84	82	73	71	65	81	102	116	124	120	119	119	120	120	121	122	122	123	123	128	130	127	130	130	127	131	130	129	129	129	129	129	128	128	127	123	126	127	124	125	131	133	131	132	133	135	136	134	133	132	131	128	128	127	127	127	128	128	128	127	129	125	128	128	125	128	127
195	113	112	112	112	112	113	113	112	114	113	113	113	113	113	113	112	113	114	114	114	113	112	112	112	115	115	115	114	113	112	112	113	109	116	114	115	109	103	108	107	107	109	113	114	114	112	110	109	111	113	114	114	114	114	114	113	111	115	116	114	114	116	113	110	112	112	112	112	113	114	115	115	114	114	114	114	113	113	114	115	115	116	117	118	118	117	114	112	111	111	111	111	111	111	109	108	103	103	91	95	93	111	107	120	126	127	124	108	82	76	59	58	61	61	60	59	58	58	56	57	57	57	57	56	56	57	59	60	57	57	57	57	57	57	58	60	58	60	62	61	59	58	60	62	58	58	58	58	57	57	58	59	60	59	58	57	57	58	61	62	65	61	59	62	62	60	56	59	56	57	97	152	214	191	226	240	238	233	235	237	238	222	189	198	167	150	147	148	150	151	154	156	155	155	156	156	156	156	156	156	156	157	158	158	157	157	159	161	161	160	160	160	161	161	161	160	159	160	160	161	160	159	158	157	158	160	161	161	160	160	163	165	159	165	157	160	158	160	154	160	162	160	161	161	161	158	158	159	156	155	158	157	158	170	161	130	87	57	68	73	62	61	69	55	57	58	57	57	57	56	56	56	57	57	57	57	56	56	56	56	57	57	57	57	57	57	58	58	57	58	55	60	60	54	58	60	57	55	59	55	60	57	60	59	60	60	59	58	58	58	59	59	58	58	58	59	60	60	59	58	56	61	58	57	54	54	59	56	52	49	38	44	55	105	176	185	233	234	237	237	238	241	237	220	187	116	78	68	70	83	92	97	119	135	145	148	155	154	140	132	117	108	115	129	137	140	145	145	142	143	144	144	143	143	144	144	144	144	145	145	145	146	148	149	149	148	151	146	149	144	147	147	156	152	152	152	148	160	153	160	163	162	167	178	159	159	147	135	130	123	120	124	112	79	64	76	90	98	112	116	116	125	136	138	134	134	136	137	137	138	138	139	140	138	136	136	136	137	140	143	144	139	145	138	146	139	152	154	145	146	146	145	144	144	146	148	150	147	143	141	141	142	144	145	141	145	149	143	143	147	145	146	146	148	144	148	144	148	143	144	150	148	145	142	140	141	143	145	142	141	141	142	143	143	143	143	133	137	139	133	139	136	140	142	141	139	139	137	136	136	137	137	139	138	137	138	137	135	133	131	132	132	132	131	130	128	127	126	125	122	123	125	122	123	124	113	114	109	104	105	103	99	97	99	99	98	83	71	62	51	66	61	66	60	65	58	43	57	57	48	52	53	53	52	51	49	49	50	46	46	44	49	46	48	44	47	40	42	35	53	64	68	66	65	62	62	61	60	50	45	45	38	59	77	98	118	117	109	110	101	104	103	96	91	90	88	85	77	75	69	79	96	113	123	119	118	119	119	119	119	120	121	122	122	125	128	125	128	128	126	130	129	128	129	129	129	129	128	128	127	123	125	126	125	126	129	131	131	131	133	134	135	134	132	131	131	128	128	128	128	128	128	128	128	125	127	124	127	127	125	128	126
196	113	113	112	112	113	113	113	113	112	111	111	112	112	113	112	112	112	113	114	114	113	112	111	111	112	112	112	111	111	112	114	116	109	114	114	115	111	107	110	110	115	115	115	114	114	114	114	114	112	114	115	114	113	113	113	112	112	115	116	114	114	116	113	110	113	113	113	113	113	114	115	116	117	117	116	115	114	115	117	118	121	117	115	113	113	114	115	116	111	111	110	111	112	111	109	109	103	103	91	95	93	111	107	120	122	123	109	86	64	68	59	53	60	60	60	59	57	57	58	58	57	57	57	56	56	57	58	60	61	61	61	61	60	60	61	62	59	61	62	60	56	54	55	57	55	56	56	56	56	57	59	60	60	58	57	57	57	58	60	62	66	62	59	61	63	59	55	57	56	59	98	151	215	192	226	240	238	233	235	237	238	222	189	200	165	148	144	145	147	149	153	157	152	152	153	154	155	155	154	154	156	155	155	155	156	157	157	158	158	157	157	157	157	157	157	156	154	155	156	157	157	157	156	156	155	156	157	156	154	155	157	160	156	162	156	157	156	158	151	157	157	159	160	158	157	158	158	155	156	153	154	155	161	167	145	106	73	59	63	59	60	55	56	57	57	57	56	57	57	56	56	56	56	56	56	56	57	57	57	57	57	57	57	57	57	57	57	58	62	59	55	62	62	56	59	59	58	57	60	56	61	57	60	59	59	59	58	58	58	59	60	60	63	62	61	61	61	60	58	57	56	61	58	57	54	54	59	56	50	47	40	43	46	94	171	185	233	234	237	237	238	241	237	220	185	134	111	97	87	93	101	105	98	108	107	108	116	122	126	131	129	127	133	141	139	142	140	132	143	144	145	145	144	145	145	146	148	149	149	149	149	150	151	153	150	149	154	149	154	150	154	155	151	148	153	154	152	160	152	157	161	159	150	148	150	149	143	142	131	122	115	118	111	86	78	93	101	101	111	118	115	120	131	131	129	131	132	132	132	132	132	132	127	131	132	131	131	133	133	130	129	129	136	143	143	134	133	136	139	140	140	138	137	137	140	142	139	139	140	141	142	142	141	140	138	139	141	138	139	137	132	138	137	138	134	139	135	139	134	135	133	135	136	137	137	137	138	138	139	139	138	138	138	138	138	137	131	135	132	134	135	133	128	136	136	136	135	134	136	137	138	139	130	132	133	133	133	132	133	133	131	131	132	132	132	132	132	132	139	142	131	128	138	132	133	129	130	126	125	131	131	127	126	128	129	121	86	66	65	43	55	59	62	59	63	55	54	52	54	54	48	49	49	48	48	47	47	48	51	52	49	54	51	54	50	52	49	51	49	57	51	58	64	64	64	66	64	61	56	52	46	19	56	100	120	132	132	117	113	109	110	109	107	105	105	108	105	103	105	96	93	94	108	121	118	117	118	118	118	118	119	120	121	122	122	126	123	126	126	125	130	128	127	127	128	128	129	128	128	128	125	123	124	126	127	127	128	131	131	132	133	134	132	131	130	130	129	129	129	129	128	128	127	127	128	131	127	128	127	124	127	124
197	111	110	109	109	110	110	110	110	110	110	110	110	111	112	111	111	110	111	112	112	112	111	111	111	112	112	111	111	110	111	112	114	117	114	111	113	117	118	114	110	115	114	113	113	113	113	112	111	112	114	115	114	113	113	113	112	114	115	115	114	114	114	112	110	114	114	114	113	114	114	115	115	115	115	116	116	116	115	116	116	118	117	116	116	116	115	114	114	113	112	112	114	115	114	112	112	103	99	91	91	91	108	107	117	122	123	108	85	58	56	58	65	59	60	59	59	58	57	58	58	59	60	60	60	60	60	59	59	57	57	58	57	57	56	56	57	60	58	57	57	59	60	58	56	58	58	58	58	57	57	58	59	58	59	60	62	62	61	60	61	66	62	58	61	63	59	55	56	56	61	98	150	215	192	225	241	238	233	235	237	238	222	189	200	162	146	143	146	146	148	153	157	150	151	151	152	153	153	153	153	154	153	152	152	153	155	155	155	161	160	159	159	160	160	159	158	163	162	161	160	160	160	161	162	164	159	155	156	161	163	160	157	156	159	156	157	155	155	152	155	158	162	162	159	159	161	160	156	159	159	157	158	161	154	129	99	68	55	63	61	60	58	62	60	57	57	56	57	57	55	55	56	55	55	56	56	57	57	58	58	57	57	57	57	57	57	57	57	59	62	57	57	59	59	61	55	59	57	60	56	60	57	59	58	57	57	58	58	59	59	60	60	60	59	59	59	60	60	60	59	56	61	58	57	54	54	59	56	45	49	46	43	39	90	170	179	233	234	237	237	238	241	237	220	188	135	106	95	98	108	99	85	85	84	76	82	97	111	131	141	147	151	149	146	136	141	143	143	143	144	144	145	144	145	146	147	145	145	146	147	147	147	148	148	144	144	147	146	148	147	151	151	153	151	153	153	152	154	151	154	143	154	149	153	154	151	135	139	126	122	116	112	107	99	95	98	110	106	112	119	118	124	132	132	131	131	131	131	128	129	130	132	127	127	129	133	133	130	130	131	137	135	132	131	130	138	134	138	141	138	135	136	138	140	138	136	134	134	136	138	139	139	137	136	136	135	132	136	142	140	138	139	135	136	135	137	135	137	135	136	132	134	136	137	137	136	135	135	132	133	134	135	135	135	133	131	136	135	125	133	137	141	130	135	134	136	136	137	137	136	136	135	134	137	138	137	136	136	137	138	137	137	137	137	137	137	136	136	128	149	141	143	140	137	127	138	133	133	132	130	133	139	139	136	118	118	85	61	62	46	57	64	53	55	57	49	57	48	51	56	49	50	50	49	49	48	48	49	50	51	47	52	48	52	48	49	48	48	47	50	41	51	57	57	65	71	70	67	65	57	45	7	51	102	125	132	132	118	112	111	104	102	105	101	100	105	111	122	109	102	97	95	109	121	116	115	117	117	117	117	118	119	120	120	121	125	123	125	125	125	129	127	125	126	127	127	128	128	128	127	126	122	124	127	128	126	127	131	130	131	132	132	131	130	130	130	129	129	129	129	128	127	126	126	125	129	125	126	126	124	127	123
198	113	112	111	111	112	112	112	112	110	109	109	109	110	110	110	109	109	110	111	111	110	110	110	111	112	112	112	112	110	109	109	110	108	111	116	114	110	109	111	116	115	115	117	120	120	118	114	111	112	114	114	113	113	113	114	113	114	113	113	114	114	113	111	112	116	116	115	114	114	114	115	115	113	114	116	116	116	115	115	115	114	115	116	118	119	117	115	111	111	109	109	111	111	110	109	110	103	95	92	89	90	103	107	112	121	111	86	70	56	58	57	55	58	59	59	59	58	58	58	58	55	56	58	59	59	58	58	58	58	60	61	61	61	60	60	60	58	56	55	56	59	60	59	57	56	56	56	56	54	52	52	52	54	54	57	60	60	57	56	57	67	61	58	62	63	59	54	54	55	63	99	149	215	193	225	241	238	233	234	237	238	222	189	200	167	152	150	153	153	155	158	162	156	156	157	157	158	158	158	158	157	157	156	156	156	157	159	160	157	157	156	156	157	157	157	156	158	157	156	155	154	154	154	155	154	159	162	160	156	154	157	161	156	154	157	155	155	153	156	153	157	158	157	156	154	155	155	154	153	156	156	155	154	136	106	85	70	52	65	64	56	55	59	49	58	55	55	57	57	55	55	56	55	55	55	56	57	58	58	58	57	57	57	57	57	57	57	57	56	60	56	57	57	57	60	55	58	56	59	55	60	56	59	57	56	57	57	58	59	59	59	59	57	56	56	57	59	60	60	60	56	61	58	57	54	54	59	56	53	53	46	36	25	79	168	186	233	234	237	237	238	241	237	220	187	147	120	102	99	106	103	101	101	99	94	99	99	96	103	98	105	119	127	140	141	147	143	147	139	139	139	139	139	140	141	142	144	146	147	148	148	148	148	149	147	149	149	151	149	152	150	151	153	153	149	150	148	145	149	151	150	154	147	150	146	150	143	148	130	126	121	115	111	111	109	102	105	104	107	110	115	127	135	134	132	132	130	130	130	131	133	134	133	129	128	131	130	128	130	135	126	130	134	132	130	140	131	129	137	135	133	134	136	137	135	133	137	136	135	134	135	135	135	135	137	139	132	136	139	136	138	130	133	133	135	132	134	131	133	132	136	136	135	133	132	131	132	133	132	133	134	134	135	137	136	133	127	136	138	136	132	132	137	144	137	138	139	139	139	138	136	135	136	137	137	134	133	134	134	133	135	135	134	133	132	131	130	129	137	138	124	123	126	135	129	135	127	133	135	128	121	124	135	143	118	101	63	44	51	54	63	59	63	62	51	47	55	56	51	44	51	52	52	51	51	50	50	53	50	52	49	53	50	55	51	51	53	55	50	51	51	58	56	64	64	72	72	71	71	56	46	12	56	90	118	124	118	110	105	102	112	109	113	108	105	111	119	134	103	97	94	97	114	122	115	117	118	118	118	119	119	120	121	121	121	125	123	124	124	123	127	124	125	126	126	127	127	127	126	126	125	124	126	126	127	127	128	130	131	131	131	131	130	130	130	130	128	128	128	128	127	126	126	125	121	125	122	123	124	123	127	123
199	109	108	108	108	108	109	108	108	110	109	109	109	109	109	109	108	109	109	110	110	110	110	110	111	108	109	111	112	112	111	111	111	117	113	113	112	114	116	112	112	113	113	114	115	117	116	113	110	112	114	114	112	112	113	115	114	114	111	111	114	114	112	110	113	115	114	114	113	112	112	112	112	114	114	114	114	114	114	115	115	117	115	114	113	114	115	116	117	115	112	112	113	113	112	111	113	104	92	93	90	91	102	108	110	115	112	87	70	57	65	67	63	57	58	59	60	59	58	58	58	60	60	59	59	59	59	61	62	55	57	58	59	59	58	58	58	58	60	61	59	56	54	55	56	55	57	58	58	58	58	58	59	57	57	58	60	60	59	60	62	69	61	60	62	63	58	54	54	55	63	99	148	215	193	224	241	238	233	234	237	238	222	189	200	164	149	148	152	151	152	154	158	156	156	156	156	156	156	156	156	153	155	155	154	153	153	156	159	156	156	155	156	157	157	157	156	155	156	157	158	159	159	158	158	157	156	156	157	159	159	157	154	156	151	158	155	155	152	159	154	162	158	157	159	157	154	153	156	152	156	154	162	167	135	86	60	62	59	60	54	64	60	55	61	58	55	55	57	57	54	54	56	56	56	56	56	57	57	57	57	57	57	57	57	57	57	57	57	59	57	55	62	61	53	58	62	57	55	58	55	59	55	58	57	56	57	57	58	59	59	59	58	62	61	59	59	58	58	58	57	56	61	58	57	54	54	58	56	47	45	44	43	28	69	156	180	233	234	237	237	238	241	237	220	183	148	122	105	106	114	113	117	111	107	98	95	84	79	86	78	75	86	92	115	131	144	141	149	141	142	142	141	141	141	142	143	141	143	145	147	147	147	147	147	142	145	144	151	147	151	147	149	145	150	149	156	156	147	153	150	154	148	149	150	149	148	147	139	133	119	112	111	109	112	116	113	110	112	111	108	114	128	135	132	134	133	134	134	133	131	131	131	132	134	133	131	130	131	132	129	133	129	133	128	128	134	129	133	134	136	138	138	137	137	138	140	136	136	136	137	138	138	137	136	134	143	136	138	135	132	143	130	135	133	137	132	135	131	134	133	133	134	135	135	134	133	133	133	136	136	134	131	131	134	134	133	138	142	144	134	139	139	142	137	138	138	138	140	141	142	143	143	138	138	136	134	136	138	138	136	136	136	136	135	135	135	134	134	131	126	136	128	133	129	126	120	129	122	120	126	132	131	132	138	115	86	57	47	49	54	60	53	52	55	53	59	50	49	50	53	51	51	51	51	50	49	50	52	48	51	50	55	52	55	51	50	47	56	50	51	56	54	40	56	61	69	69	72	75	57	54	31	53	70	102	118	111	111	114	105	107	103	109	107	107	110	107	118	115	104	95	96	111	116	111	120	117	117	118	118	119	120	120	121	120	125	122	122	122	121	125	121	125	126	126	126	126	126	125	125	123	126	128	125	126	130	131	128	132	132	131	131	130	130	130	131	126	126	127	127	127	126	125	125	125	128	125	125	124	123	126	121
200	113	114	113	112	111	112	112	111	109	108	109	112	113	111	110	111	112	112	112	112	113	113	113	113	112	112	111	111	111	110	110	110	113	113	113	113	113	113	114	114	118	115	119	119	121	123	116	115	116	116	116	115	114	112	112	112	116	116	115	114	113	113	111	111	113	113	112	112	112	111	111	111	115	116	115	113	113	114	114	111	114	114	114	114	113	113	112	112	115	112	115	113	113	113	105	104	103	99	79	84	87	105	104	116	105	91	77	63	65	57	62	57	57	57	56	57	57	58	57	57	57	58	59	60	60	60	59	58	57	56	55	55	56	56	56	56	55	56	57	57	56	54	53	52	56	55	54	54	52	53	53	53	54	55	57	58	58	57	56	55	61	59	58	56	57	54	48	46	56	63	95	156	213	193	225	237	235	236	237	233	241	225	183	201	168	147	144	150	149	145	150	157	150	150	148	157	152	154	150	154	150	152	149	153	153	149	153	154	154	158	155	151	153	156	154	151	154	154	154	154	154	155	155	155	157	158	159	158	155	153	155	157	161	153	158	156	151	155	157	158	159	153	163	152	152	155	158	149	155	155	155	164	151	116	69	58	59	61	57	58	58	54	58	56	55	57	57	54	53	56	57	55	54	56	54	58	58	55	57	53	57	59	54	58	56	60	55	58	57	56	60	56	60	54	57	56	57	57	61	54	59	56	59	56	59	62	59	61	61	59	62	61	61	59	59	59	60	59	59	61	58	59	59	56	53	54	57	59	49	48	48	40	18	69	164	183	233	234	237	237	238	241	237	220	185	152	131	126	126	124	116	109	111	106	110	106	107	106	93	92	93	98	100	95	105	101	110	122	125	135	144	146	142	140	141	144	143	144	144	140	146	144	151	146	146	147	147	148	148	146	146	148	150	154	149	143	151	155	149	144	148	148	152	147	151	146	145	138	132	119	112	113	113	112	112	110	111	110	109	111	115	119	122	124	130	130	130	127	130	137	136	130	133	138	125	129	134	139	132	130	131	136	132	129	139	129	135	134	137	135	135	136	136	134	134	136	137	136	136	135	135	135	135	135	135	135	135	136	137	137	136	135	136	133	131	134	135	133	134	137	135	135	136	135	135	135	136	136	136	135	134	134	134	134	135	136	136	133	141	138	140	145	139	143	142	142	141	141	140	140	140	140	140	136	142	137	137	141	136	139	138	136	133	132	135	138	136	132	129	127	126	125	126	128	128	127	128	126	127	129	130	129	135	142	111	83	54	46	44	57	57	62	60	56	49	62	47	54	49	51	51	53	46	45	53	54	50	51	55	50	49	53	54	51	51	54	46	61	50	49	49	54	52	55	61	53	73	76	71	80	60	36	55	68	102	120	112	113	114	103	92	77	77	77	78	79	76	88	94	88	96	100	110	120	115	116	117	117	117	117	117	118	119	120	122	121	121	122	124	124	122	120	124	125	125	124	125	127	127	125	125	125	127	127	127	128	128	129	133	135	135	133	132	132	131	128	128	132	132	126	123	126	128	127	122	124	126	123	125	128	124	123
201	120	118	119	121	121	118	118	119	120	117	116	118	119	119	119	121	120	119	119	118	118	118	117	116	118	118	118	118	118	118	117	117	117	117	116	116	115	114	114	114	117	115	119	118	119	121	115	115	109	110	112	112	113	113	114	115	112	112	112	111	111	111	110	110	112	112	112	112	112	112	112	111	109	110	110	108	109	110	110	108	109	109	109	109	109	109	109	107	102	99	101	97	96	98	95	98	81	74	48	37	35	55	55	56	40	25	14	18	31	31	32	29	30	30	30	30	31	31	31	30	32	33	34	34	34	34	33	33	33	32	33	34	35	36	36	36	39	37	34	32	33	35	36	36	36	36	36	37	38	39	39	39	38	38	36	37	39	40	42	43	49	44	43	46	45	37	30	30	46	53	71	119	175	186	226	249	239	230	237	243	233	223	188	182	146	129	127	132	136	138	140	142	142	139	140	132	138	136	142	141	144	144	139	138	143	142	140	140	142	141	146	149	147	148	150	148	144	145	145	146	147	147	148	148	146	145	144	146	149	149	147	144	135	146	152	154	150	152	147	148	147	152	156	156	161	155	156	159	157	152	150	159	148	114	65	47	60	61	57	57	56	54	57	55	50	52	55	58	58	56	55	55	54	56	54	57	58	56	58	54	58	54	56	60	54	58	60	56	57	59	58	59	58	58	58	59	57	59	59	59	57	59	58	58	56	59	56	58	58	56	59	58	60	58	58	59	58	57	58	59	54	60	62	56	53	56	57	55	50	47	45	39	19	64	156	181	233	234	237	237	238	241	237	220	186	155	137	131	131	128	120	113	107	109	115	113	116	112	99	100	91	89	84	76	82	74	76	82	96	112	130	141	146	149	147	143	144	147	144	142	138	140	143	145	148	147	147	148	148	147	148	149	145	150	150	148	150	150	150	152	151	149	151	145	148	145	145	140	132	119	112	113	112	112	112	109	111	109	110	112	110	106	109	116	122	131	136	135	132	132	134	135	128	131	124	127	132	136	137	144	133	140	129	136	133	134	134	135	138	137	136	137	137	136	136	138	138	138	138	137	137	137	138	138	140	139	138	138	136	135	134	133	136	136	137	137	136	135	134	132	135	136	136	136	136	136	136	136	131	132	133	134	134	134	133	132	136	134	137	135	136	137	134	136	135	135	135	135	135	135	134	134	138	135	140	136	136	139	134	137	131	137	141	138	131	129	130	131	124	129	124	129	121	127	125	130	126	126	127	129	127	125	131	137	115	74	45	42	55	61	59	54	55	55	55	53	46	55	51	49	47	50	50	50	51	47	47	57	41	51	57	53	48	49	51	52	55	50	48	52	50	51	46	44	49	57	63	72	71	87	73	69	62	69	93	109	103	107	112	105	82	64	57	55	61	67	64	68	72	77	94	102	110	117	116	121	117	117	117	117	118	119	120	121	122	122	122	120	118	120	126	131	123	123	123	123	125	127	128	127	122	122	124	124	124	125	126	127	127	129	129	129	128	129	129	127	127	125	124	126	129	128	125	122	125	123	126	126	125	124	122	124
202	130	126	127	132	133	128	127	131	131	129	128	130	131	131	131	132	130	130	130	130	131	132	132	131	132	132	133	133	133	133	133	132	134	135	135	136	136	137	136	136	135	134	138	136	136	138	134	135	133	134	135	135	134	134	134	135	134	134	135	136	136	137	135	135	138	138	138	138	138	139	139	139	137	137	137	137	138	140	140	138	137	137	137	138	138	137	137	137	141	139	142	138	137	139	138	142	134	138	139	138	139	149	149	141	151	138	118	107	96	95	90	92	90	89	89	89	89	89	88	88	90	90	90	90	90	89	89	91	90	90	89	90	90	90	89	88	90	88	87	88	90	90	88	85	87	87	86	87	87	87	87	86	91	90	89	88	87	87	88	88	94	85	84	88	88	80	76	79	82	81	138	186	225	197	232	230	239	236	230	243	237	222	191	217	187	169	165	162	161	165	167	168	165	167	171	162	167	164	167	161	157	167	171	165	164	164	163	174	169	161	165	168	159	155	158	158	165	164	164	164	163	162	162	162	168	166	165	164	166	166	164	161	167	167	150	151	154	159	155	159	158	171	154	154	163	154	144	146	147	152	154	154	128	93	57	49	57	59	55	57	56	53	56	53	60	55	52	53	52	51	54	59	54	56	54	57	58	56	59	56	53	59	56	52	62	58	55	60	55	58	54	59	53	59	55	58	54	58	55	59	53	59	55	56	59	62	59	61	61	58	62	60	60	59	58	59	58	57	57	58	53	61	63	56	52	58	59	54	52	49	45	40	23	61	150	182	233	234	237	237	238	241	237	220	185	157	139	132	131	130	125	119	116	120	119	113	114	113	106	112	116	110	104	95	97	91	92	97	91	98	102	102	108	121	133	138	142	146	143	149	145	152	146	146	144	143	144	145	146	145	145	146	149	147	150	152	149	146	148	151	150	148	150	144	148	144	145	140	131	119	112	112	111	112	112	109	110	112	115	117	115	115	119	125	124	124	127	133	137	137	134	129	134	139	146	150	150	135	128	132	135	138	132	140	133	136	135	134	137	136	136	137	137	136	136	138	138	137	137	137	137	138	138	138	137	137	136	136	137	138	138	135	133	137	138	135	135	137	136	132	134	135	136	136	135	135	135	135	134	134	135	136	136	136	135	134	130	132	129	131	132	131	133	132	133	133	133	134	134	133	133	132	133	131	133	131	130	132	128	131	130	127	123	122	126	132	134	133	130	133	131	131	124	125	124	128	124	121	119	121	121	122	129	137	115	71	43	31	39	41	54	56	55	53	58	49	56	59	51	46	57	55	49	50	56	56	51	49	52	51	49	46	50	54	52	45	45	30	37	44	47	54	65	65	56	62	47	53	80	95	90	86	88	90	103	111	106	111	116	109	91	90	94	88	84	86	87	94	99	94	99	105	115	123	117	113	116	116	116	117	118	119	120	120	115	120	125	126	123	121	121	122	123	123	123	123	124	127	128	127	131	131	134	136	139	142	145	147	144	144	143	142	140	140	139	137	134	131	132	135	133	129	131	136	129	124	126	129	125	122	124	125
203	136	135	136	139	139	137	137	139	138	138	139	141	142	141	140	139	140	140	140	141	143	144	145	144	144	145	146	146	147	147	147	146	146	147	148	150	151	151	151	151	150	149	153	150	149	151	148	151	155	155	155	153	152	150	150	150	153	153	155	156	157	157	155	155	158	158	158	159	159	160	160	160	162	162	162	162	163	165	165	164	164	162	163	163	164	165	165	165	164	163	167	166	165	167	164	167	170	181	205	220	216	208	207	204	213	210	190	171	146	152	146	150	142	142	141	142	142	142	142	141	140	139	141	140	140	140	140	140	138	137	137	137	137	136	134	133	133	132	133	134	135	134	131	128	131	130	130	130	131	130	127	126	123	124	125	126	127	127	126	126	131	125	119	120	121	119	119	123	118	123	156	192	252	190	224	244	237	241	230	239	240	226	188	249	210	197	196	200	203	207	214	219	217	222	221	225	219	223	216	213	212	210	207	204	210	208	196	200	200	197	193	191	187	181	181	185	179	178	178	177	176	175	174	173	177	177	177	173	169	168	170	172	170	172	168	174	169	162	168	177	180	203	181	172	162	154	156	161	156	159	152	148	121	91	65	54	55	58	54	57	56	53	56	52	52	53	57	60	59	54	51	51	55	57	54	57	58	56	59	57	59	49	59	58	56	55	64	54	58	60	57	60	56	60	58	61	56	59	58	61	57	60	58	59	56	59	57	59	58	56	60	58	60	59	59	60	59	58	58	59	57	61	62	55	52	56	59	58	51	51	45	39	24	61	149	182	233	234	237	237	238	241	237	220	186	159	140	130	128	130	130	128	128	130	122	112	114	113	109	115	114	112	106	95	90	84	82	81	79	76	69	64	67	81	102	117	136	146	156	156	145	142	136	141	144	144	145	146	147	146	146	147	152	145	147	151	148	148	150	146	148	147	150	146	150	144	143	138	131	119	112	111	111	112	112	108	109	112	111	105	104	112	121	123	132	129	126	126	128	135	149	162	179	182	201	203	196	162	142	136	138	132	138	136	137	132	140	134	136	135	135	136	136	136	136	137	136	136	136	136	136	137	137	138	136	135	135	135	136	137	138	138	137	136	134	132	132	135	137	136	136	137	137	137	136	135	136	136	135	135	134	133	133	133	134	135	126	131	125	129	130	126	133	129	127	129	129	130	129	129	128	127	129	127	128	127	127	126	124	126	128	128	127	125	125	128	133	137	142	135	139	129	138	125	129	123	124	121	119	117	115	114	118	125	88	49	18	9	13	14	20	11	12	8	12	3	9	18	30	57	51	59	58	49	45	46	45	42	37	36	38	40	38	32	33	38	33	31	36	41	45	41	57	54	53	61	55	48	85	84	107	104	103	99	105	110	107	111	113	104	95	94	94	95	98	100	99	99	96	97	100	102	105	110	113	117	117	118	118	119	119	120	120	121	125	122	118	117	119	121	123	123	124	124	124	123	124	127	128	127	124	125	129	132	136	141	145	147	145	144	142	140	138	136	135	134	136	135	135	136	133	128	130	135	130	128	127	130	126	124	128	125
204	139	141	141	140	140	143	144	142	142	143	144	145	146	146	144	142	146	145	145	145	146	146	146	145	147	147	148	149	150	150	150	150	149	150	151	151	151	151	150	150	153	151	155	152	151	153	151	154	154	155	155	155	154	153	153	154	154	155	156	157	158	158	156	156	156	156	156	157	158	158	159	159	159	158	158	159	160	160	160	160	163	164	164	164	165	165	165	165	165	163	168	167	169	171	166	166	170	177	196	205	196	190	195	197	201	197	184	177	152	153	134	137	138	137	137	137	138	138	138	137	139	138	137	136	136	136	137	137	135	135	136	137	138	138	137	136	137	136	135	133	133	134	136	138	135	135	135	136	136	137	136	135	133	134	135	135	133	132	131	130	135	133	127	124	126	129	132	132	132	124	153	207	255	192	232	238	237	233	238	242	235	226	184	244	212	192	188	191	190	184	179	179	178	176	170	174	169	173	171	177	184	179	176	178	183	180	175	182	181	182	173	179	202	206	194	191	195	195	195	196	196	196	196	197	202	203	202	200	198	196	198	201	198	192	194	194	189	186	199	197	169	168	142	143	137	141	151	146	149	156	145	134	100	73	59	50	54	56	53	56	56	53	56	53	55	56	53	50	50	55	60	61	57	58	54	56	57	55	59	56	54	59	57	50	63	56	53	58	57	56	58	54	57	54	57	57	56	55	59	56	59	56	58	58	57	60	57	59	59	56	60	58	59	58	58	59	60	58	58	59	60	59	60	57	54	54	57	60	48	50	44	36	20	60	149	181	233	234	237	237	238	241	237	220	187	162	144	132	128	132	133	131	129	132	127	124	126	122	115	112	112	115	116	116	113	111	97	83	87	82	80	83	86	86	88	93	97	99	116	123	137	145	148	152	148	147	146	144	143	144	144	145	147	144	147	148	146	151	153	146	148	146	149	146	150	143	142	138	129	118	112	111	110	112	111	107	105	107	109	111	112	118	133	146	157	159	166	170	168	161	158	161	166	150	150	140	136	127	129	138	138	131	138	135	136	133	138	133	133	133	133	133	133	134	134	134	133	133	133	133	133	133	134	134	136	135	133	133	133	133	133	132	138	135	133	135	134	133	133	136	135	134	134	133	132	132	133	134	133	132	131	130	129	129	130	131	127	131	125	128	128	123	129	126	129	129	129	129	128	128	127	126	127	126	125	126	126	123	123	124	120	121	123	123	119	109	97	89	94	91	104	105	124	121	131	130	136	140	148	154	157	156	155	155	129	124	116	128	130	133	129	115	117	115	120	126	123	101	59	46	42	47	54	57	59	66	72	74	82	80	81	86	88	90	98	108	113	118	103	104	96	54	52	41	29	37	44	46	79	79	113	103	99	96	99	103	105	111	111	103	98	91	84	89	94	98	106	113	111	115	118	121	122	123	126	128	122	122	122	122	123	123	123	123	116	118	122	126	128	126	121	117	123	124	123	123	124	127	127	126	128	128	131	133	136	139	143	145	146	145	143	143	142	141	140	140	137	135	133	135	140	141	135	129	131	135	130	131	131	132	135	126
205	139	143	143	139	139	145	146	142	145	145	144	143	144	145	146	145	145	145	145	145	146	147	147	146	146	146	146	147	147	148	148	149	148	148	149	150	150	150	150	150	153	150	153	151	151	153	150	153	153	153	154	154	153	152	152	153	155	155	156	156	156	157	155	155	154	154	155	155	156	157	157	157	158	156	156	157	158	158	158	158	159	160	160	160	160	159	159	160	160	157	159	158	160	164	157	158	162	172	180	185	183	190	191	189	188	182	181	185	162	152	130	142	137	136	136	136	136	136	136	137	141	141	140	140	140	140	140	142	140	140	140	141	141	141	140	140	140	141	142	142	141	141	143	144	144	144	143	144	144	144	143	143	146	144	144	143	142	142	142	142	143	144	142	139	143	148	150	148	141	141	173	218	255	188	219	241	239	232	236	241	237	220	186	255	213	182	166	159	151	137	123	118	108	101	101	97	102	96	103	107	110	115	118	123	119	116	132	143	147	170	182	191	206	209	209	221	215	216	216	216	216	216	216	216	214	212	211	213	213	213	209	207	208	208	223	230	247	255	250	229	192	139	86	84	98	130	158	157	147	163	155	136	88	61	61	59	53	55	52	55	54	52	56	54	48	54	58	57	57	59	57	52	56	58	54	56	57	55	58	55	60	52	57	58	54	55	61	54	55	53	57	51	56	51	55	54	55	52	57	53	58	52	57	57	59	62	59	61	61	59	62	61	57	56	57	58	59	57	57	58	58	57	59	60	57	54	55	59	48	49	45	37	18	60	151	181	233	234	237	237	238	241	237	220	186	164	148	135	130	133	132	127	130	133	131	133	134	132	131	121	104	101	103	118	127	134	121	104	93	81	73	74	75	71	65	62	58	51	70	79	110	131	143	152	151	151	149	146	144	144	144	143	145	148	150	147	144	147	150	148	150	146	147	144	148	142	142	140	127	118	112	111	110	112	111	105	119	105	96	98	101	113	148	185	195	188	184	185	185	180	173	169	141	115	102	84	81	99	120	142	136	134	134	138	131	138	133	135	131	132	132	131	131	132	132	132	131	131	131	131	131	131	132	132	133	132	131	131	133	133	133	132	134	131	131	135	137	132	131	134	133	133	132	131	130	130	131	132	131	131	132	132	132	131	129	129	125	128	126	128	128	126	129	129	133	133	133	133	132	131	130	129	127	127	123	127	127	122	124	124	129	123	121	126	127	112	84	62	59	67	79	97	107	120	129	140	158	165	176	187	197	203	206	208	217	235	232	240	229	224	221	215	210	206	195	194	182	147	81	30	19	10	17	37	51	59	67	73	88	96	106	117	130	141	140	133	145	154	144	157	143	74	36	13	16	21	29	51	74	88	111	96	100	98	98	101	106	112	113	108	93	89	84	89	92	93	109	122	137	135	127	129	131	129	128	123	127	128	128	128	128	128	127	127	128	128	125	121	117	118	123	128	122	123	124	123	124	126	126	125	124	124	127	129	132	135	138	140	143	141	141	142	141	139	138	139	139	139	138	138	140	143	144	142	131	144	136	135	139	138	140	131
206	139	141	142	140	140	143	143	141	144	145	144	142	143	145	145	144	143	143	143	145	146	147	148	147	146	146	146	146	146	147	148	149	144	145	146	147	148	149	149	150	151	148	150	148	149	152	148	150	152	152	152	152	151	149	150	150	155	155	155	155	155	155	153	154	153	154	154	154	155	155	156	156	158	156	156	158	159	158	158	159	159	159	158	158	158	159	159	159	163	160	163	159	159	163	160	163	161	175	179	189	188	195	186	185	195	191	195	192	168	158	137	148	143	142	141	141	140	140	139	140	144	143	143	143	143	144	145	145	146	146	145	145	145	144	143	143	142	143	145	147	147	146	144	142	145	145	144	145	146	146	146	146	139	140	141	143	145	145	146	147	146	145	141	141	142	144	143	142	138	121	159	193	242	193	234	240	239	237	232	238	241	218	186	231	186	169	166	167	167	168	171	171	177	175	180	176	182	176	179	177	175	175	166	175	174	174	188	172	150	138	139	164	196	214	210	199	205	205	204	204	203	202	202	201	205	202	200	200	202	202	202	200	200	206	201	190	175	179	142	145	130	102	88	88	103	130	156	154	151	161	144	122	77	56	58	51	53	54	51	53	53	51	55	53	57	57	55	52	51	53	55	56	55	57	53	56	57	55	58	55	55	59	53	53	56	58	54	59	58	58	60	59	59	58	59	59	59	58	59	59	60	58	61	63	55	58	55	58	57	55	58	57	58	57	57	59	58	57	56	57	55	57	59	58	54	53	54	56	53	46	44	40	17	56	150	182	233	234	237	237	238	241	237	220	185	165	149	136	131	134	133	126	136	135	132	135	131	135	145	133	102	75	57	69	75	90	97	101	116	110	98	87	82	81	81	79	79	80	95	87	83	90	98	120	127	135	144	150	155	155	153	149	149	150	148	146	146	144	144	149	150	145	147	144	147	141	142	139	126	117	112	111	111	112	110	103	94	84	80	86	87	82	86	97	97	101	106	108	105	102	102	103	100	89	91	79	76	104	122	142	134	134	134	135	132	139	129	136	129	130	130	128	128	129	130	128	130	129	129	129	129	129	129	129	128	127	130	131	132	133	133	132	130	130	132	133	133	132	131	133	129	129	129	129	127	127	126	127	123	123	124	125	125	124	123	123	126	125	128	128	129	133	131	132	131	131	131	130	129	129	128	128	128	128	123	129	129	122	127	126	121	121	124	126	119	101	80	67	55	61	62	76	71	77	75	83	84	85	83	85	89	95	100	103	99	112	101	110	121	120	125	124	129	139	145	151	151	132	118	89	85	79	81	84	76	72	78	82	76	78	75	65	62	72	86	94	98	95	89	94	84	62	43	36	23	33	43	58	71	85	107	107	101	99	99	101	106	110	111	108	92	86	77	87	100	104	111	108	120	128	128	129	125	121	131	134	132	133	133	133	133	133	133	132	131	135	138	137	132	127	125	125	127	128	128	127	127	128	126	124	124	124	127	130	132	135	138	139	141	140	140	142	142	140	139	140	136	138	139	133	121	112	114	121	115	135	125	125	131	123	124	122
207	139	139	140	142	142	141	140	141	141	144	144	144	145	146	144	141	145	144	144	144	144	144	144	143	147	146	145	145	145	147	148	149	151	151	150	150	150	150	150	150	156	152	154	152	154	157	152	153	152	153	154	154	154	154	155	155	156	156	156	156	156	156	155	155	155	155	156	156	156	157	157	157	158	156	156	158	160	159	159	160	160	161	161	161	162	162	163	163	162	161	164	163	162	164	161	165	167	177	176	190	185	188	182	197	183	185	192	186	178	184	159	152	150	149	148	147	146	146	144	145	144	144	144	144	145	146	146	146	145	145	145	145	146	147	148	148	150	147	143	143	144	144	144	142	144	144	146	148	152	156	158	158	163	164	164	163	160	156	151	148	145	137	128	126	122	117	114	116	113	100	72	85	108	189	227	235	237	236	237	242	235	225	183	128	121	127	148	163	172	184	197	204	208	213	211	214	209	216	211	209	209	216	207	216	210	210	225	193	150	122	124	152	176	201	214	205	202	202	202	202	202	202	202	202	202	202	201	200	198	202	207	212	237	236	209	188	146	114	30	44	48	59	79	79	104	138	155	146	148	163	148	120	66	46	60	60	53	55	51	52	52	51	55	53	53	51	53	57	56	53	53	56	54	56	53	56	57	55	58	56	57	56	52	57	51	58	57	58	53	56	54	59	54	58	54	56	55	55	52	58	53	57	55	61	57	60	57	59	59	56	60	58	59	58	58	60	59	57	56	57	55	58	58	52	49	53	56	55	55	42	41	41	15	51	147	180	233	234	237	237	238	241	237	220	188	167	150	136	132	138	138	132	136	134	134	137	128	134	150	136	107	60	20	20	19	44	78	111	123	134	134	115	94	84	76	68	77	69	71	66	56	61	47	56	77	95	119	140	154	160	156	149	152	147	140	143	152	148	145	150	147	144	147	146	150	142	140	137	125	117	112	111	111	112	110	102	90	79	64	58	58	54	37	19	23	18	12	11	14	16	14	10	8	5	12	9	17	72	114	148	134	132	138	128	137	135	130	136	129	130	130	128	127	129	129	128	130	130	130	129	129	129	129	129	130	129	129	129	130	131	130	129	132	135	134	130	128	131	130	127	126	127	128	128	127	125	124	124	124	124	123	123	123	125	126	127	131	127	133	129	129	133	127	130	133	134	133	132	132	132	132	132	127	128	122	129	129	122	127	126	127	122	121	125	123	106	80	60	54	49	46	47	45	38	31	29	18	14	10	6	4	5	7	8	28	49	53	68	93	88	104	114	121	121	130	156	183	174	193	174	165	157	146	128	112	109	101	83	81	71	62	54	42	26	13	9	10	15	37	40	35	58	51	47	39	36	39	40	71	81	102	100	100	101	102	105	110	114	114	114	78	83	77	83	89	94	104	100	95	105	108	120	125	123	127	122	136	136	137	138	138	138	138	137	141	141	143	145	146	144	140	136	134	134	134	131	130	129	126	123	124	124	127	128	129	130	131	132	132	131	133	138	139	139	139	141	140	138	137	132	111	83	69	69	89	113	102	104	111	96	96	102
208	139	140	141	142	142	142	142	143	143	146	146	145	144	145	146	144	144	146	148	147	145	144	145	147	147	146	152	150	149	150	147	150	150	151	151	152	152	153	153	152	151	153	153	151	152	156	156	152	153	153	154	157	157	154	154	155	157	156	156	158	158	157	157	159	157	158	159	159	159	159	159	159	161	160	161	161	161	161	162	164	159	163	165	165	165	166	166	164	166	170	165	161	165	167	165	168	168	177	176	187	188	189	183	194	189	185	188	190	181	183	169	159	158	155	155	155	152	148	148	152	147	149	150	148	147	148	148	145	142	149	151	147	146	150	149	143	146	153	141	153	152	146	144	148	146	146	147	148	148	145	140	137	137	141	133	141	128	135	126	129	121	116	113	116	118	115	118	123	124	112	119	142	179	188	227	242	238	233	236	237	236	225	182	203	170	156	158	165	170	177	181	185	185	189	186	184	189	187	183	188	190	184	187	186	189	182	207	188	156	137	132	142	176	208	207	202	199	196	201	208	194	198	202	200	205	201	205	203	204	210	188	201	168	179	157	128	127	80	90	82	79	82	92	94	126	150	156	148	150	157	137	104	59	39	56	53	51	51	52	52	53	53	53	54	56	56	56	56	55	56	56	57	56	56	56	55	55	55	55	55	56	55	54	54	54	55	55	55	54	57	57	54	53	56	56	54	57	56	60	56	61	56	59	56	57	57	58	59	59	59	58	58	57	60	60	56	55	59	59	57	55	59	59	53	50	53	55	54	48	49	43	37	17	60	141	184	234	235	237	235	237	238	235	220	186	180	153	136	141	139	134	135	133	132	136	136	131	128	148	140	86	48	24	24	47	63	55	55	71	78	80	101	95	105	99	101	95	79	81	69	88	74	83	79	93	83	92	86	110	113	128	146	143	159	140	165	147	150	137	151	150	146	143	141	145	147	137	139	126	118	113	112	109	110	111	110	97	79	63	62	64	64	68	75	75	77	80	83	85	85	85	85	80	86	82	85	92	121	134	140	131	131	137	131	136	133	136	133	135	134	134	133	133	132	132	132	132	132	132	133	133	133	133	133	130	129	129	129	130	130	129	129	132	130	128	126	126	126	126	126	126	126	126	125	125	125	127	128	125	127	128	127	125	124	125	127	124	125	126	127	127	127	125	123	125	125	125	126	126	124	122	120	124	126	122	123	118	124	120	120	118	122	121	123	120	106	85	62	49	52	56	52	56	58	48	54	58	56	56	56	56	59	63	66	68	66	69	69	71	77	76	79	83	83	93	94	102	96	98	97	94	94	95	98	99	101	105	110	112	107	105	108	107	103	101	103	99	101	95	101	91	81	88	73	70	74	76	87	95	98	104	103	108	106	108	113	116	115	112	109	108	100	107	108	113	117	113	120	123	124	125	126	125	124	124	124	126	121	124	127	123	126	128	123	122	121	120	120	121	123	126	128	129	131	131	129	129	129	127	123	125	127	123	129	126	132	130	132	132	132	132	132	133	134	134	135	137	137	138	137	130	117	106	101	113	115	118	116	108	97	92	92
209	139	140	142	142	143	143	144	145	141	144	146	146	146	148	149	148	151	149	147	148	151	152	150	148	148	147	152	150	150	152	148	150	149	149	150	152	153	153	154	154	153	152	151	153	154	154	153	154	155	154	156	158	158	156	155	157	158	157	157	159	160	159	159	160	157	159	160	161	160	160	160	160	165	158	155	160	163	160	160	162	161	163	164	163	164	166	168	167	161	166	166	166	169	170	169	169	167	179	180	187	188	190	182	185	187	185	187	188	181	186	176	173	151	157	159	153	151	155	153	146	151	152	150	147	146	147	147	146	149	146	145	147	150	152	156	160	159	165	160	161	163	167	164	159	155	146	133	121	109	95	81	71	55	57	51	56	50	59	58	63	79	84	91	102	110	112	121	132	136	128	140	171	212	198	229	241	235	233	237	239	236	223	190	232	198	179	174	173	172	174	175	177	178	182	180	178	182	181	178	181	179	180	180	186	186	182	197	183	182	161	148	150	174	202	205	204	205	201	201	203	200	205	202	192	202	206	208	221	230	241	197	179	118	82	31	43	59	68	81	81	85	77	88	105	137	145	143	143	145	149	127	97	60	45	60	56	51	51	52	52	53	53	53	54	53	53	52	52	51	52	52	52	54	54	55	55	55	55	55	55	55	55	54	54	55	55	55	55	56	55	56	56	55	54	54	56	54	55	54	56	55	56	55	55	55	56	56	56	56	56	56	56	58	57	58	58	57	57	57	59	53	57	58	54	51	55	58	58	48	45	40	34	12	53	134	178	234	235	237	235	237	238	237	220	184	182	159	137	138	139	138	135	139	137	139	138	138	136	142	121	82	37	25	34	35	27	19	23	12	29	43	74	111	134	126	117	103	97	89	71	69	70	84	91	79	73	64	53	51	64	82	104	137	147	164	157	163	155	144	144	142	146	148	147	147	144	138	139	125	117	113	112	110	110	111	109	99	83	65	53	49	54	70	86	88	90	93	97	100	102	103	104	112	107	111	123	134	132	129	128	131	131	135	129	133	130	134	131	130	130	130	130	130	130	130	130	128	129	131	132	132	131	130	129	132	131	130	130	131	131	130	129	127	128	129	131	132	131	129	128	128	127	127	125	124	123	124	124	125	126	127	127	126	125	126	127	126	125	124	124	124	125	125	125	126	125	123	122	122	122	121	121	122	124	120	122	118	123	119	119	117	120	117	119	119	111	98	79	65	53	51	49	48	45	41	53	47	47	49	50	51	52	52	52	46	42	44	40	38	39	33	34	27	19	16	8	13	15	27	34	48	54	67	83	95	103	109	114	130	142	153	160	166	172	173	170	167	164	152	151	138	127	133	122	114	113	106	107	107	104	108	107	104	106	109	112	116	120	118	113	124	119	126	124	123	125	125	136	141	139	136	132	128	126	126	126	117	112	113	114	110	111	112	107	108	108	108	108	109	110	111	112	112	112	111	111	115	122	127	129	125	125	124	127	127	131	131	132	131	131	130	129	129	130	130	131	139	137	137	138	139	140	142	145	138	137	134	125	112	97	90	88
210	141	142	143	144	144	145	146	147	144	147	148	148	148	149	149	148	149	147	145	147	149	151	149	147	151	148	152	151	151	154	150	151	155	155	155	155	155	154	154	153	157	153	153	157	158	155	155	158	157	157	158	159	159	158	158	159	160	159	160	161	161	161	161	162	158	160	162	162	162	161	161	161	161	160	160	164	167	167	166	165	167	168	168	167	166	167	168	167	166	166	169	170	168	170	171	168	169	179	179	182	184	191	188	188	185	189	189	189	185	187	176	179	163	160	157	156	155	153	152	153	152	153	152	149	148	148	148	147	153	150	150	154	155	153	152	154	145	148	155	142	133	133	138	140	129	127	124	121	117	112	107	104	107	106	104	105	105	110	114	118	119	121	125	131	134	134	138	144	150	143	149	181	229	191	224	235	237	235	235	238	237	218	189	248	208	187	181	181	182	186	188	189	188	191	190	189	193	191	189	191	190	195	186	192	189	189	194	188	187	173	166	166	182	200	202	202	194	199	204	200	195	193	199	204	204	210	194	196	176	172	136	123	102	82	67	93	74	77	77	81	82	78	99	130	158	153	144	147	150	146	120	89	58	44	54	49	51	51	52	52	53	53	53	54	57	57	57	57	56	55	55	55	53	53	54	54	54	54	55	55	54	54	54	55	55	56	55	54	57	54	54	57	57	53	53	57	57	59	55	60	55	60	57	59	57	57	56	56	56	56	56	56	58	55	56	59	59	55	55	59	55	59	59	54	50	53	56	55	51	45	42	37	14	57	137	184	234	235	237	235	237	238	237	220	187	182	159	139	140	141	139	137	138	137	138	136	142	143	137	103	68	42	38	35	29	36	39	31	43	58	57	50	64	69	81	98	100	107	105	104	98	97	82	67	73	78	80	85	86	90	96	91	87	100	111	124	136	152	152	158	147	151	148	141	138	135	139	138	124	116	112	111	109	109	110	108	111	99	87	87	97	106	112	113	108	109	110	112	113	114	115	115	124	112	114	120	132	125	130	133	133	133	134	129	131	129	132	131	128	128	127	127	128	128	129	130	128	129	130	131	131	130	129	129	127	127	126	126	126	126	125	125	127	126	124	123	123	124	125	125	124	125	125	125	124	123	124	124	122	122	123	123	123	123	124	124	126	125	123	123	123	124	125	125	124	123	121	120	120	120	120	119	120	122	118	121	117	121	117	117	115	116	111	113	114	108	98	83	82	69	70	72	70	66	63	68	62	60	59	58	57	55	52	49	50	47	49	47	48	50	46	48	50	47	49	48	52	51	56	59	58	60	65	71	75	77	79	82	78	86	92	91	91	96	100	101	104	107	103	108	104	97	101	92	95	97	95	101	103	101	105	104	109	113	115	113	116	120	118	110	118	114	119	116	114	116	119	128	136	135	132	128	125	124	125	126	126	123	124	124	122	123	124	121	120	120	120	120	119	119	119	119	119	119	118	118	119	122	124	123	125	124	126	125	129	130	132	132	131	130	128	127	126	126	126	127	131	130	131	134	137	140	143	146	139	137	134	126	116	106	102	101
211	144	144	145	145	145	146	148	149	148	150	151	151	150	150	149	149	149	151	153	153	151	150	152	154	153	150	153	152	153	156	152	153	157	157	157	157	156	155	154	154	157	155	155	157	159	158	158	159	159	159	159	160	159	159	160	161	161	161	161	162	163	163	163	164	160	161	163	164	163	163	162	162	158	164	166	160	158	163	165	162	162	164	165	165	165	165	165	164	171	167	169	170	166	169	172	169	173	177	178	180	183	188	187	187	186	189	186	185	184	187	176	182	173	166	163	166	167	165	166	171	164	165	167	167	167	165	162	160	155	156	151	141	133	127	115	103	89	68	71	62	62	60	58	57	69	81	98	111	120	130	141	149	159	158	163	160	165	163	167	166	168	161	156	158	161	162	161	163	165	160	158	186	239	187	227	238	239	237	233	236	241	218	183	246	216	196	191	193	196	197	197	199	195	196	197	197	198	198	197	197	196	202	192	194	194	192	191	190	181	178	178	183	192	200	200	199	201	196	196	199	206	205	212	222	226	216	179	155	98	57	40	48	69	64	75	82	68	75	82	84	70	82	110	136	155	153	145	148	145	136	107	79	57	49	56	54	51	51	52	52	52	53	53	54	52	52	53	53	52	52	51	51	53	53	53	54	54	54	54	54	54	53	54	55	55	55	55	54	55	54	54	56	56	54	54	57	56	56	53	56	53	56	54	56	58	57	57	56	56	56	56	56	56	55	56	58	57	55	55	57	54	58	58	52	48	51	53	52	45	37	36	31	11	53	131	182	234	235	237	235	237	238	237	221	189	176	152	142	142	139	139	137	140	142	143	138	146	148	132	93	61	38	29	32	30	31	34	37	33	33	30	25	25	18	32	55	97	111	116	116	105	102	89	80	77	74	78	77	87	76	85	66	63	70	38	74	78	108	133	149	166	166	159	148	144	138	143	135	123	115	111	110	108	109	110	108	104	109	116	121	127	133	136	135	136	135	134	133	133	132	132	132	128	130	134	130	132	129	131	129	132	132	133	130	130	129	131	131	127	126	126	126	126	127	128	129	130	129	128	127	127	128	129	130	130	130	129	129	130	130	129	129	132	130	126	124	123	125	127	128	122	123	124	124	124	123	124	124	125	124	124	124	125	125	125	124	123	123	123	123	124	124	123	122	121	120	120	120	120	119	117	115	119	120	117	120	116	119	115	115	117	119	115	117	118	109	98	82	79	77	83	85	83	86	84	76	78	73	68	64	62	59	56	54	53	48	48	42	40	42	38	40	45	43	42	41	43	44	48	52	48	46	44	41	37	35	34	34	34	30	26	24	21	21	29	39	48	57	62	75	79	78	81	76	77	82	87	100	110	114	122	123	122	124	125	124	124	125	123	119	116	111	111	112	114	117	117	120	123	124	126	127	127	127	127	127	126	125	125	125	124	124	125	124	123	123	123	122	122	121	120	120	121	122	122	124	125	126	126	125	127	125	128	124	131	128	133	131	131	130	128	126	125	125	125	126	127	128	130	131	131	130	128	128	130	130	130	128	126	124	125	127
212	147	147	147	147	147	148	149	150	148	149	151	152	152	152	152	152	151	153	154	154	151	151	152	154	155	151	154	153	154	157	153	154	153	153	154	155	156	156	156	157	153	155	155	154	156	159	159	157	159	160	160	160	160	160	161	161	161	162	162	162	163	164	164	164	161	162	164	164	164	163	163	163	169	170	168	163	162	165	168	168	166	167	168	169	170	170	172	172	170	165	168	170	167	170	174	172	174	173	178	183	185	182	182	182	186	187	183	184	186	191	181	188	174	176	173	165	163	165	162	155	154	154	155	156	154	151	148	147	137	136	130	123	120	120	116	110	105	86	94	90	95	95	94	93	101	111	124	132	136	141	149	156	155	155	163	160	167	162	166	163	167	160	154	157	162	165	166	170	168	168	167	192	247	191	230	237	235	238	233	235	243	223	186	247	213	193	189	190	193	193	192	193	196	195	196	197	196	197	197	196	191	199	196	193	201	194	191	190	191	190	189	191	194	195	198	198	200	199	196	198	203	200	189	182	179	159	132	126	102	67	66	71	72	70	78	74	82	85	77	69	76	88	111	131	144	148	141	148	143	130	100	72	55	49	54	55	50	51	51	51	52	52	53	53	54	55	55	56	55	55	55	55	54	54	54	54	53	53	53	53	53	53	53	54	55	55	54	53	53	55	56	54	53	55	56	54	57	55	56	52	55	52	55	54	56	56	55	55	54	54	55	55	53	56	57	55	55	56	56	54	51	55	56	51	48	52	55	55	50	42	40	34	17	55	127	184	234	235	237	235	237	238	237	221	192	181	164	152	150	147	148	144	145	146	149	142	152	148	118	73	53	54	43	39	40	34	31	35	37	27	28	40	38	44	58	66	58	66	81	90	102	107	114	116	97	91	94	90	91	75	89	80	88	93	83	99	99	89	100	94	119	125	140	143	147	141	143	130	123	114	110	109	107	108	110	108	107	111	110	107	110	119	125	127	127	127	126	126	126	127	128	128	131	136	130	123	117	126	128	128	128	129	129	130	128	128	127	128	127	126	126	126	126	126	127	127	129	128	127	125	125	126	128	129	124	124	123	124	124	125	124	124	120	120	120	121	122	122	121	120	124	124	124	124	122	121	121	121	123	122	122	122	122	122	122	121	122	122	122	122	123	123	122	121	119	119	118	118	118	117	115	114	118	119	116	120	115	118	113	114	114	116	113	118	118	108	96	81	76	75	77	78	76	80	83	75	79	74	70	68	68	69	69	68	61	58	60	58	59	61	58	60	52	53	54	56	52	47	42	41	43	44	45	46	47	47	46	45	42	39	39	43	44	43	47	53	52	56	55	59	62	62	64	64	62	64	62	69	74	77	87	90	93	93	96	103	106	106	107	110	109	108	109	113	117	117	118	118	123	125	127	128	128	126	125	125	132	133	131	129	128	126	124	125	129	128	127	127	126	125	125	124	124	123	121	122	124	126	128	129	128	126	129	124	130	127	131	129	129	128	126	125	124	125	125	126	126	126	126	125	126	127	128	128	128	129	129	128	127	127	128	129
213	148	149	149	149	149	149	150	151	152	151	152	153	152	151	151	152	153	151	149	150	152	153	151	149	155	153	156	154	155	157	154	156	154	155	155	156	157	157	157	157	154	157	157	155	156	161	161	157	158	160	161	160	160	161	161	160	161	162	162	162	163	164	165	164	162	163	164	164	164	163	163	164	162	157	159	171	176	172	170	173	175	173	171	169	167	165	165	166	169	166	169	171	170	170	172	171	174	168	175	180	184	184	192	194	192	194	196	200	199	199	185	186	165	157	142	124	109	98	89	84	82	79	77	76	74	72	71	72	73	71	77	92	106	114	124	134	144	152	167	163	161	164	170	171	164	164	162	160	158	156	155	155	155	155	160	156	162	158	162	160	161	159	158	159	159	158	162	169	168	167	164	188	241	188	227	235	232	239	236	234	239	220	187	249	215	196	191	192	196	197	199	201	200	198	200	201	198	199	201	198	196	199	196	190	197	194	192	194	194	195	191	194	194	191	194	193	198	213	217	217	205	198	164	134	67	49	40	51	69	68	79	71	76	77	73	70	74	77	72	81	82	87	106	136	151	152	140	148	145	128	95	67	54	48	48	52	49	50	50	50	51	51	52	52	49	50	50	51	50	50	51	51	53	53	53	53	53	52	52	52	52	52	52	52	53	54	54	53	51	55	55	52	52	55	56	53	58	56	59	53	59	53	57	55	56	56	55	55	55	55	55	55	52	56	57	53	53	56	56	53	52	56	57	51	48	52	54	54	44	39	36	29	17	52	116	182	234	235	235	235	237	240	237	221	190	185	169	148	142	146	149	139	147	145	148	146	158	149	109	66	34	60	53	36	38	37	34	33	31	31	43	50	35	37	37	24	30	20	26	36	69	87	116	129	133	122	105	96	83	77	82	86	88	85	99	80	74	72	68	65	67	73	109	123	137	137	138	129	122	114	109	109	107	108	110	108	113	109	103	101	108	118	122	119	123	123	123	123	124	125	127	128	121	125	125	135	132	136	127	126	125	127	126	130	126	128	125	128	126	126	126	126	126	125	125	125	126	126	126	126	126	126	125	125	128	127	127	127	127	128	127	127	126	125	124	124	124	124	124	123	121	122	122	122	121	121	121	122	120	120	120	120	119	119	119	119	123	122	120	119	120	121	122	122	120	118	115	114	114	114	115	115	117	117	113	118	114	116	112	113	112	113	110	113	112	102	92	78	77	74	73	80	79	74	79	79	78	76	76	77	79	80	80	80	84	81	84	80	78	76	68	67	70	66	57	54	47	48	48	53	42	42	40	39	39	40	41	39	44	48	49	47	49	53	51	45	49	50	46	43	44	43	41	44	45	46	42	44	43	39	44	44	52	51	56	67	72	72	76	83	87	94	99	105	107	107	114	116	123	124	124	123	123	123	123	124	125	128	126	125	126	124	122	125	125	124	124	123	123	122	122	122	128	126	127	128	128	127	125	125	128	126	127	125	127	126	128	127	127	126	125	124	124	124	125	126	124	125	125	124	125	127	128	128	126	127	126	124	124	124	123	122
214	148	149	150	150	150	150	151	151	155	153	153	153	151	149	150	152	157	155	153	154	156	157	156	154	155	153	157	155	154	157	154	158	158	158	158	158	158	158	157	157	158	158	158	158	159	161	161	160	158	160	162	161	161	162	161	160	161	162	163	162	163	165	165	164	162	163	163	163	163	163	164	164	164	164	168	173	174	170	168	169	173	172	173	174	173	170	170	171	170	170	168	170	172	168	168	171	177	172	181	181	183	183	193	192	197	194	196	198	188	186	173	172	154	141	129	119	105	89	83	86	82	79	77	77	77	76	78	81	89	88	97	112	123	127	133	141	151	159	157	162	167	172	170	164	172	169	166	164	164	164	163	162	162	161	162	159	161	159	162	163	159	159	160	162	161	161	166	174	176	168	166	191	238	190	228	241	234	236	236	236	237	216	185	246	211	194	190	193	192	192	192	194	200	196	198	199	194	196	200	196	199	201	196	195	194	198	193	196	191	193	190	196	199	196	201	199	197	196	183	180	154	151	118	90	84	73	66	65	67	72	78	69	73	75	72	77	80	78	75	80	75	79	99	134	150	151	137	146	137	117	85	60	55	54	49	55	48	49	50	50	50	50	51	52	54	53	53	53	53	53	53	53	51	51	51	51	51	51	51	51	51	51	51	51	52	53	53	53	51	52	53	53	52	53	54	54	52	52	53	52	53	52	53	52	55	55	55	56	56	56	56	56	53	55	55	54	53	54	54	54	54	57	57	51	47	50	52	51	45	44	40	31	26	57	114	187	234	235	235	235	237	240	237	221	184	160	131	112	108	113	117	109	111	108	115	109	120	111	80	54	52	57	50	54	51	32	30	40	44	34	35	28	30	37	44	31	32	34	48	49	60	58	76	88	93	102	112	118	118	114	102	100	88	81	96	85	77	95	82	85	85	71	104	113	133	140	137	132	120	113	110	110	108	109	109	107	99	106	112	111	110	115	123	128	126	125	125	124	124	125	125	126	132	126	121	123	122	123	125	130	126	127	125	130	125	128	125	129	123	124	124	125	125	124	123	122	123	123	124	124	124	123	123	122	126	125	124	124	124	124	123	122	126	124	120	118	118	119	120	121	119	120	120	121	121	122	124	125	125	126	126	126	125	124	125	126	124	123	121	121	122	122	123	123	120	118	115	114	113	114	115	115	115	114	111	116	112	115	111	114	116	116	112	115	114	103	94	81	71	75	73	81	82	74	77	80	78	77	77	78	78	78	77	77	71	70	75	74	76	78	73	74	64	66	65	71	64	64	57	58	62	60	56	52	51	52	51	49	47	49	47	43	44	48	47	43	41	45	44	42	46	45	40	45	40	43	42	45	44	39	41	40	48	49	52	58	59	59	63	67	69	77	80	86	88	88	98	98	100	101	102	103	105	108	112	114	109	115	116	117	123	123	122	127	122	123	124	124	124	124	123	123	117	118	122	127	129	127	124	123	125	125	123	125	123	126	125	125	126	125	125	124	124	125	125	126	127	129	130	130	129	129	127	125	127	128	127	126	126	128	128	126
215	147	149	150	151	151	151	152	152	152	150	150	152	152	151	152	155	151	153	155	155	153	152	154	156	155	154	158	155	154	156	155	158	155	156	156	157	158	158	159	159	160	157	156	160	160	157	157	159	158	161	163	162	161	162	162	160	161	163	163	162	163	166	166	165	162	163	163	162	162	162	163	165	161	168	162	139	123	125	132	132	128	133	142	152	159	161	163	166	168	169	165	164	170	170	171	180	181	183	195	190	184	175	175	161	140	128	121	115	99	103	103	109	116	125	135	139	144	149	149	147	151	150	151	154	157	158	161	164	165	167	166	163	161	160	158	156	154	160	148	159	160	156	156	161	158	159	161	161	160	160	160	162	161	161	162	161	162	163	165	167	167	162	159	161	163	164	168	173	178	166	169	197	241	192	224	240	238	233	233	238	242	220	185	244	213	200	202	208	210	210	209	212	200	194	196	197	192	194	198	194	198	206	207	218	210	219	203	203	199	198	191	199	204	205	215	215	206	186	146	119	57	47	42	53	63	65	72	78	67	71	73	73	69	72	77	74	77	71	81	74	76	85	102	128	140	146	140	153	141	117	82	57	54	51	45	50	48	49	49	49	50	50	50	51	50	50	49	49	48	48	48	49	50	50	50	50	50	50	51	51	51	50	50	50	51	52	53	53	52	50	51	54	54	51	52	56	52	55	52	57	53	58	54	56	52	53	53	54	54	54	54	53	55	53	52	55	54	51	52	56	50	54	55	50	47	50	53	53	44	45	38	28	24	52	103	179	234	235	235	235	237	240	237	223	190	135	90	80	85	85	88	88	92	89	94	82	86	78	64	60	50	53	53	60	55	44	42	33	35	33	42	34	44	32	38	35	35	30	29	22	21	17	25	29	52	77	115	110	124	118	118	123	108	87	84	80	83	92	91	88	95	61	88	95	126	143	137	131	119	112	110	111	110	109	109	106	107	105	103	102	107	116	123	127	126	125	124	124	124	124	124	125	121	123	129	123	125	120	127	128	126	126	122	128	122	126	123	128	122	123	124	124	124	124	122	122	124	123	122	121	121	122	123	123	127	126	125	125	124	124	122	122	118	118	119	121	122	122	121	119	120	120	120	119	119	120	121	122	120	121	123	122	121	120	122	124	120	121	122	123	124	123	121	120	117	116	115	114	114	114	112	111	113	112	108	114	111	114	111	115	109	110	107	113	113	103	93	81	71	84	77	75	77	75	80	79	80	78	78	76	75	75	76	77	80	76	78	75	75	78	75	77	76	77	73	79	73	77	75	79	72	74	75	73	71	68	62	56	58	52	49	49	47	41	40	43	41	44	42	39	44	45	40	47	47	48	43	45	45	42	49	50	48	51	52	50	49	49	50	50	50	52	48	52	55	54	60	56	61	63	66	71	75	80	85	87	90	99	100	103	111	112	111	117	117	119	121	122	123	122	120	119	124	122	121	123	124	122	122	123	123	124	119	124	120	126	122	124	126	126	126	126	126	126	126	126	126	127	126	124	124	126	127	126	127	127	125	123	124	126	126	124
216	147	150	151	149	150	153	153	150	151	151	152	153	154	154	154	154	156	153	152	154	154	153	153	155	155	159	156	154	158	156	153	157	156	157	158	158	158	158	158	158	161	160	160	159	160	160	161	162	159	163	158	163	164	160	166	162	163	162	162	163	163	165	166	166	162	162	163	163	163	163	163	164	165	161	156	121	99	88	114	113	121	115	117	129	139	152	165	161	171	168	156	171	169	177	186	183	185	189	189	186	173	157	126	130	102	79	69	72	71	71	79	85	98	132	139	138	153	152	147	162	159	151	148	161	162	163	171	170	173	173	173	172	171	170	169	168	160	168	161	159	157	157	163	155	156	160	161	166	163	157	162	164	160	169	171	159	161	166	162	167	165	163	162	159	169	170	164	176	173	173	165	191	245	193	225	239	236	238	232	236	241	226	177	250	213	197	192	187	193	194	183	179	166	169	163	165	164	163	169	169	175	177	183	186	189	193	187	188	196	198	193	189	200	188	182	173	152	138	109	83	68	57	55	64	68	68	72	68	71	67	72	73	73	73	75	76	77	76	77	79	77	82	102	122	150	147	139	149	136	109	76	55	47	49	51	50	50	49	48	47	48	49	49	50	50	50	50	50	49	50	50	51	52	51	50	50	50	50	50	50	49	49	50	50	51	51	52	52	48	55	52	52	47	56	53	51	52	55	55	52	52	54	54	51	52	52	51	51	52	52	52	52	53	56	55	53	53	56	56	52	52	55	57	52	48	49	50	49	43	39	36	29	29	50	110	181	234	235	235	235	237	240	237	223	190	143	107	92	100	97	103	95	102	100	102	99	87	76	68	51	53	54	54	53	52	50	46	41	40	40	41	41	37	34	36	40	35	28	32	22	31	25	39	43	69	81	96	117	107	110	112	114	111	131	102	108	104	85	89	89	89	72	94	106	135	140	139	129	113	115	108	103	87	79	70	90	108	107	107	108	111	116	120	122	125	121	126	121	123	129	122	123	128	124	126	126	119	121	126	125	125	127	121	129	129	121	125	122	121	121	122	123	123	123	122	122	121	121	122	122	122	122	122	121	123	122	122	121	121	120	120	119	120	118	121	117	122	118	121	119	119	119	119	119	120	120	120	120	118	119	120	122	122	120	119	120	120	120	120	120	120	119	118	118	115	114	112	112	112	113	113	112	111	110	113	110	115	111	113	110	112	109	108	113	110	104	96	75	75	75	76	77	77	77	76	75	77	76	76	76	76	76	76	76	76	76	76	76	76	77	77	77	77	77	77	77	77	77	78	79	77	77	76	76	75	74	73	72	65	65	65	63	61	57	54	52	50	49	48	47	48	48	47	46	46	45	44	44	44	45	45	45	45	48	48	43	41	43	45	43	42	43	43	39	39	44	46	44	47	48	51	55	58	61	64	68	77	78	80	83	87	92	96	98	103	103	105	107	104	112	108	113	115	113	113	116	117	117	120	123	123	121	120	121	122	121	123	126	124	126	123	127	126	122	126	126	124	130	128	116	130	131	128	121	126	126	126	125	125	123	122	121
217	150	150	150	152	152	151	151	152	151	151	152	153	154	155	155	155	154	152	152	154	155	154	154	155	155	157	156	156	157	157	155	157	157	158	159	159	159	158	158	158	157	157	157	157	157	158	158	159	157	162	159	164	164	161	164	160	163	163	163	163	164	164	164	165	162	163	164	164	163	163	164	165	165	167	158	146	146	144	152	149	146	145	155	170	166	159	162	163	163	183	188	172	170	163	156	128	111	112	121	107	115	128	138	138	162	168	173	171	167	166	166	161	157	157	150	149	160	162	157	157	163	162	167	166	165	159	164	162	166	165	163	161	161	161	162	163	161	166	162	165	164	161	165	161	164	166	161	162	163	163	167	164	164	162	161	162	166	165	162	166	176	169	179	183	190	197	194	199	206	197	195	213	253	193	224	242	233	237	237	237	235	218	189	255	199	172	159	140	116	90	70	70	58	64	58	55	55	61	64	68	68	77	75	88	103	127	152	170	183	199	200	188	184	157	131	103	67	59	54	60	68	66	66	72	67	66	71	68	73	69	73	71	73	73	75	77	77	76	77	79	74	79	99	118	148	145	138	148	135	108	74	54	47	50	51	50	49	48	48	47	48	48	49	49	47	47	47	47	46	46	47	47	49	49	49	48	48	49	49	49	49	49	49	50	50	50	51	51	50	52	51	52	50	52	51	51	53	52	52	53	53	53	53	53	55	54	54	53	54	54	54	53	49	49	50	52	53	53	53	54	49	52	54	50	48	50	52	52	44	40	38	31	27	49	103	178	234	235	235	235	237	240	237	221	187	145	117	98	98	97	101	95	102	99	104	108	95	75	62	49	56	56	56	54	55	56	55	52	44	40	39	40	41	40	37	37	33	28	30	25	31	26	33	33	47	55	72	89	81	80	93	105	128	137	144	129	120	90	82	90	87	73	91	105	134	135	133	128	120	117	109	101	78	60	50	72	105	106	107	108	112	118	122	123	119	119	125	119	117	122	121	126	121	122	125	126	123	122	124	123	123	124	119	119	120	121	125	124	121	121	121	121	121	120	120	119	119	119	120	120	120	120	120	120	120	120	120	119	119	119	119	119	119	117	119	116	121	117	119	117	119	119	119	119	119	119	119	119	118	121	122	120	119	121	120	118	120	120	120	119	118	117	117	116	114	113	112	111	111	111	111	111	111	109	111	108	112	108	110	107	110	107	106	111	108	101	93	73	75	76	77	77	78	78	77	77	77	76	76	76	76	76	76	76	76	76	76	76	76	76	76	76	77	77	76	76	76	76	77	77	76	76	76	76	76	75	75	74	76	77	77	78	77	76	74	73	73	71	68	65	63	60	57	54	51	50	48	46	45	44	43	42	42	43	45	47	47	47	48	49	51	50	51	52	53	53	53	54	57	56	57	58	58	58	59	61	56	56	58	59	60	60	61	60	63	65	69	75	76	87	85	91	93	94	98	102	104	107	112	118	126	123	120	120	120	122	127	132	130	132	125	125	126	126	126	119	125	128	123	131	130	129	121	130	125	125	125	124	124	123	122	122
218	153	150	150	153	153	150	150	154	152	152	152	153	153	154	155	155	153	152	152	154	156	155	155	155	156	155	157	158	156	157	158	156	158	159	160	160	159	158	158	159	160	160	160	160	160	161	161	161	159	161	159	162	163	161	164	161	163	163	164	164	164	163	163	163	163	164	164	164	164	164	164	165	159	173	167	168	172	169	167	172	171	165	164	165	159	158	166	173	183	197	192	169	162	142	118	83	53	54	65	47	48	82	128	144	149	166	174	170	169	170	168	165	165	158	163	168	162	164	171	170	167	170	175	163	166	163	164	165	162	163	164	165	165	164	164	163	167	167	165	170	169	164	167	168	167	166	162	166	167	165	168	165	169	165	163	170	171	169	172	169	175	168	176	176	168	171	176	177	179	167	178	199	239	196	225	241	236	233	233	238	240	219	190	219	173	147	141	135	122	112	110	118	107	118	117	118	118	124	109	108	112	109	115	108	114	130	123	144	155	170	173	167	162	134	99	64	53	48	51	60	66	68	67	64	68	66	69	66	73	70	74	72	72	72	75	77	77	76	77	78	75	77	98	118	147	145	140	149	135	106	71	50	47	50	51	50	48	47	47	47	48	48	48	48	50	50	50	50	48	48	48	48	46	46	47	47	47	47	47	47	48	48	49	49	49	49	49	49	52	49	51	51	52	47	49	51	53	50	50	54	54	51	51	55	52	51	50	50	50	50	50	49	54	52	53	57	56	52	52	57	50	53	53	49	46	48	50	50	43	39	37	31	24	53	101	184	234	235	235	235	237	240	237	221	191	141	109	89	94	101	104	98	101	99	102	102	85	67	59	55	52	53	51	51	52	54	54	54	52	47	43	42	41	40	38	38	35	29	27	26	31	30	30	28	64	86	120	131	126	115	116	112	105	112	109	117	113	139	116	110	101	88	98	109	138	137	134	132	119	111	107	106	92	78	71	92	105	108	109	108	111	119	122	120	120	121	125	121	119	122	122	127	119	123	124	124	125	123	122	124	118	120	123	119	119	124	121	118	118	118	119	119	118	118	117	117	118	117	117	117	117	117	117	117	118	117	117	116	117	117	118	118	118	115	118	114	119	116	118	116	118	118	118	118	117	117	117	117	116	121	122	117	116	120	120	116	119	119	118	118	117	116	114	114	113	112	111	110	110	110	110	109	112	110	112	107	111	107	109	106	109	108	106	111	108	100	91	73	75	75	76	77	78	78	78	78	76	75	75	75	75	75	75	75	77	77	77	77	77	76	76	76	78	78	77	77	76	76	76	77	76	76	76	76	76	76	77	77	76	77	78	78	79	78	78	77	77	76	73	71	69	67	65	63	59	58	56	54	52	49	47	45	48	44	44	48	49	45	45	48	47	43	44	48	48	45	45	48	46	45	45	45	44	42	43	44	45	44	42	41	41	42	44	45	44	44	47	53	53	63	60	66	72	75	81	86	89	93	101	107	117	117	118	119	119	121	126	131	134	138	132	128	128	129	130	121	127	123	115	124	121	120	117	130	126	126	126	125	125	124	124	124
219	153	151	150	152	152	151	151	154	155	154	153	153	153	153	153	154	154	153	154	155	156	156	155	155	156	153	157	159	156	157	160	156	159	160	160	159	159	158	158	159	157	157	158	158	159	159	159	159	162	162	160	160	161	161	164	164	163	163	164	164	164	164	163	163	163	164	164	164	164	164	165	165	163	168	164	166	170	161	157	155	178	176	174	168	168	174	167	158	144	126	113	122	114	115	124	140	147	148	153	161	151	157	153	150	160	164	165	168	175	174	173	180	175	167	173	179	172	172	175	168	169	169	170	162	169	171	165	168	165	166	167	167	167	166	165	164	169	168	165	166	165	163	166	168	169	166	165	174	175	169	174	178	177	181	182	182	176	175	177	163	150	134	118	98	78	73	74	77	70	63	84	126	186	193	226	242	240	232	231	237	244	223	186	169	127	110	124	138	155	182	198	204	206	211	205	204	204	211	194	197	183	181	168	155	149	114	92	76	81	103	119	123	109	83	72	66	67	67	70	67	62	67	69	61	69	67	70	67	73	70	74	73	72	72	75	77	77	76	76	78	76	76	96	119	146	144	142	149	134	104	69	48	47	49	50	49	47	47	47	47	48	48	47	47	46	46	47	47	46	46	45	45	45	45	46	47	47	47	46	46	48	48	48	48	48	48	48	48	51	48	52	48	52	46	50	50	52	50	50	52	52	50	50	52	53	53	52	51	52	52	51	51	48	48	50	51	49	46	46	50	50	53	53	48	45	46	49	49	44	38	35	30	20	55	102	186	234	235	237	235	237	238	237	221	186	132	95	72	69	71	66	64	67	61	63	72	70	66	54	52	53	53	53	54	55	55	54	53	57	55	51	47	42	41	44	47	43	35	28	29	33	36	33	30	50	91	141	144	150	143	133	109	73	88	99	115	127	145	151	137	115	108	109	113	137	136	131	127	121	108	104	106	104	99	92	102	104	108	108	106	110	119	122	119	119	117	118	119	121	122	119	118	118	123	120	118	122	121	119	124	120	120	128	122	121	124	116	116	117	117	118	118	118	119	119	119	119	118	118	117	117	117	117	118	116	116	115	115	115	116	116	117	117	115	117	114	119	115	118	115	115	115	115	115	115	115	115	115	115	118	118	115	114	116	117	115	117	117	117	117	116	115	113	112	112	111	110	109	109	110	109	109	113	110	112	107	111	106	109	106	108	109	106	110	109	99	89	74	74	75	76	76	76	76	76	77	76	75	75	75	75	75	75	75	77	77	77	76	76	76	76	76	77	77	77	77	77	77	77	77	77	76	76	76	76	77	78	78	78	78	78	77	77	76	76	76	75	75	75	76	76	76	76	76	76	76	74	73	72	71	68	67	68	62	57	56	54	51	50	51	52	48	47	47	47	47	48	50	48	48	48	50	50	49	50	52	51	50	50	50	51	52	53	54	56	55	55	57	53	60	54	58	55	57	60	62	63	65	69	73	75	77	81	84	86	91	99	105	108	117	117	119	118	121	129	129	129	128	130	125	132	126	123	115	121	121	120	120	120	120	120	121
220	150	152	152	150	150	153	154	152	155	155	154	153	153	153	153	153	155	155	155	155	156	156	156	154	156	153	157	159	156	158	161	157	159	159	159	159	158	158	158	158	158	158	159	159	160	160	160	160	163	162	162	161	162	163	163	164	162	163	163	164	164	164	164	164	163	163	164	164	164	164	164	165	165	160	166	164	170	169	193	195	190	193	201	199	201	193	160	135	87	38	19	39	40	65	104	139	159	160	153	165	166	165	158	164	166	165	164	171	179	174	171	179	183	182	181	177	173	173	172	169	169	171	168	171	173	172	162	167	174	172	171	169	169	170	172	173	170	171	171	168	168	171	172	173	168	170	168	174	177	176	178	176	176	175	174	171	163	161	157	143	127	117	92	75	74	71	72	76	81	74	74	102	153	195	229	241	238	235	237	235	238	219	188	157	125	112	128	138	145	161	174	179	185	191	191	193	190	192	186	193	192	169	184	150	149	115	72	61	57	72	86	98	92	82	83	82	63	61	65	67	63	66	69	65	66	67	74	72	76	71	74	73	72	72	74	76	76	75	76	78	77	72	94	118	143	141	140	147	134	103	66	48	46	48	48	48	46	46	46	46	47	47	46	46	44	45	45	46	45	45	45	45	46	46	46	47	46	46	45	45	47	47	47	47	47	47	47	47	48	48	52	46	50	47	51	48	49	51	51	49	49	51	51	49	51	51	50	50	51	51	51	51	48	52	54	52	51	53	55	55	47	50	51	48	45	48	51	52	44	37	34	30	17	53	104	180	234	235	237	235	237	238	237	221	187	161	140	129	124	127	127	133	134	136	144	144	105	66	35	46	53	50	50	51	54	54	53	53	56	56	54	51	49	49	52	54	44	35	26	27	29	31	28	25	77	114	157	140	143	140	136	121	112	98	94	102	95	92	116	132	121	127	129	127	138	135	130	125	120	108	106	103	104	104	100	100	102	105	105	104	110	119	122	120	119	118	117	119	121	121	122	120	121	124	121	118	122	120	117	121	125	118	123	119	117	119	115	122	116	116	116	116	117	117	118	118	118	118	117	116	116	116	116	116	116	116	115	115	115	115	115	116	117	115	117	114	118	115	117	115	114	114	114	114	114	114	115	115	116	114	114	116	115	113	114	118	115	115	116	116	115	114	113	112	110	109	108	108	109	110	110	110	110	107	109	105	109	105	107	105	105	107	104	108	107	96	85	73	74	75	76	76	75	75	76	76	76	75	75	75	75	75	75	75	76	76	76	76	76	76	76	76	76	77	77	77	77	77	77	77	78	78	77	77	77	78	79	79	79	79	79	78	78	77	77	77	77	77	77	78	78	78	78	78	81	80	80	80	80	80	78	77	75	74	68	63	60	61	60	57	51	51	51	47	47	49	48	46	50	49	49	50	49	48	49	51	45	47	50	52	52	50	48	46	48	46	45	47	43	49	42	45	44	43	42	40	40	40	40	39	37	39	41	42	45	53	63	70	76	82	86	97	102	104	116	122	142	139	136	120	122	123	129	121	123	123	122	122	122	122	123	123
221	149	152	152	149	150	154	154	151	153	153	153	153	154	154	154	154	156	156	156	155	156	157	156	155	157	155	157	158	157	158	159	158	159	159	159	159	158	158	158	159	162	162	162	162	162	163	163	163	162	161	165	164	164	165	161	162	162	163	163	164	165	165	166	166	163	163	164	164	164	164	164	165	172	164	174	171	171	155	162	144	157	138	125	113	113	113	100	107	113	102	129	146	151	153	161	154	156	170	173	168	176	166	174	181	174	178	179	177	178	177	176	178	171	179	179	173	172	172	172	175	171	174	168	171	170	165	169	173	169	171	174	177	179	179	179	179	177	179	185	182	182	187	184	184	185	191	183	172	165	156	140	115	110	90	83	80	81	84	81	85	109	128	133	141	155	157	163	173	172	155	127	131	156	195	228	242	235	235	239	235	236	219	188	163	139	121	128	124	109	103	112	132	150	163	174	180	177	172	179	177	189	174	180	158	151	103	81	58	55	57	54	68	82	100	102	87	80	65	59	65	65	60	60	64	61	66	77	77	80	73	73	71	72	71	73	75	75	74	75	78	75	70	94	119	142	140	138	145	133	102	66	48	45	45	45	46	45	45	44	44	45	45	45	45	45	45	46	47	47	47	46	46	46	46	46	45	45	45	44	44	45	46	46	46	46	46	46	46	45	48	50	45	47	48	50	47	48	51	51	47	47	50	50	46	48	47	46	46	47	48	48	47	43	48	50	46	46	49	50	47	48	51	52	48	45	47	49	49	41	36	36	33	17	53	117	180	234	235	237	235	237	238	237	220	196	198	179	164	162	163	161	163	171	177	195	195	130	58	21	55	51	49	47	48	51	52	53	55	55	54	53	54	59	59	54	49	53	45	40	36	39	35	34	31	79	108	148	131	131	128	134	142	127	98	84	90	76	83	79	94	115	131	138	140	139	133	132	127	113	106	110	104	103	105	108	107	105	105	104	105	110	116	118	117	119	122	119	119	116	113	120	122	125	127	126	124	124	121	118	118	118	114	117	118	117	115	114	120	117	116	116	116	116	116	116	117	118	117	117	116	116	115	115	115	114	114	114	114	114	114	114	114	116	114	116	113	117	114	116	114	114	114	114	114	115	115	115	115	116	112	112	116	116	112	113	119	113	113	114	115	114	113	112	111	109	108	107	107	108	109	110	110	109	107	109	105	109	105	107	105	103	108	103	107	107	93	82	73	76	77	78	77	76	75	76	77	76	75	75	75	75	75	75	75	75	75	75	75	76	76	76	76	76	76	77	77	77	77	77	77	77	77	77	77	77	77	77	78	75	75	75	76	76	77	77	77	76	76	76	76	75	74	74	75	75	75	74	75	75	75	75	74	72	75	74	71	71	74	73	69	68	72	74	71	70	71	68	62	62	61	59	57	54	50	49	50	48	48	48	48	48	48	48	48	49	47	46	48	45	52	46	49	52	51	50	49	51	53	52	50	59	62	64	64	63	65	67	68	70	67	66	77	82	79	84	86	82	96	116	138	138	145	142	140	141	141	141	141	141	141	141	141
222	151	152	152	152	152	153	153	152	153	153	153	154	154	154	154	154	156	156	156	155	156	158	158	156	157	158	156	156	158	158	157	160	159	159	159	159	158	159	160	161	159	159	159	159	159	160	160	161	163	160	165	163	163	165	160	163	163	163	164	164	165	166	166	167	163	164	165	165	164	164	165	166	166	163	167	174	180	155	126	88	38	27	29	27	32	30	14	27	93	120	161	162	162	164	171	174	171	174	171	170	181	178	185	176	180	183	184	178	175	179	183	179	182	176	173	177	181	180	174	167	172	174	170	168	176	163	183	171	186	188	191	193	194	192	189	187	193	191	198	196	196	197	191	194	188	191	179	162	144	126	109	89	60	43	44	39	44	53	49	66	94	117	134	148	153	153	164	170	170	153	129	138	171	191	230	244	237	233	236	237	240	224	186	178	153	132	132	129	125	124	132	157	164	172	173	173	176	173	191	168	188	152	163	134	116	93	61	53	45	50	49	58	58	78	92	90	86	74	60	57	58	56	56	62	61	64	74	75	81	75	75	72	72	71	72	73	74	73	75	78	75	68	93	120	141	139	138	144	132	102	67	49	44	42	42	44	43	43	42	41	42	43	43	43	40	41	42	42	42	41	41	40	44	43	43	43	43	43	43	43	43	43	44	44	44	45	45	45	45	46	45	47	45	46	45	47	48	49	49	48	48	48	48	48	50	49	49	49	49	49	49	49	51	51	51	51	50	50	50	49	49	52	52	48	44	44	45	45	39	36	36	31	11	48	132	185	234	235	237	235	237	238	237	220	180	214	191	170	169	173	171	163	175	171	179	179	121	57	13	43	55	52	51	52	53	55	57	59	56	56	55	56	58	60	53	45	45	38	38	31	35	29	35	35	94	120	154	141	139	133	130	140	126	103	97	72	87	87	112	111	103	109	115	130	134	129	130	123	115	104	110	103	102	100	104	103	107	104	104	108	113	115	115	115	114	116	110	110	102	93	97	96	102	102	106	110	111	114	117	115	111	115	114	116	114	110	112	111	115	115	115	114	114	115	115	115	115	115	115	114	114	113	112	112	110	111	112	113	113	113	112	112	114	111	114	110	115	111	114	112	113	113	113	113	114	114	114	114	114	112	112	114	114	111	112	115	111	112	113	113	113	111	109	108	108	107	106	106	107	108	108	108	108	106	109	105	109	105	107	104	104	109	104	106	106	91	78	72	75	76	77	77	75	75	77	78	76	75	75	75	75	75	75	75	75	75	75	75	75	75	75	75	75	76	76	77	77	76	76	76	76	76	76	77	77	77	77	77	76	77	77	78	78	79	79	79	77	78	78	78	77	77	77	78	77	76	76	76	76	77	76	76	76	78	80	80	81	81	82	82	79	80	84	84	84	82	78	74	70	68	66	64	61	57	55	56	49	47	44	42	42	43	45	47	50	47	46	48	45	51	44	46	41	43	43	43	46	49	49	48	43	47	49	48	46	44	40	37	45	42	37	42	43	38	38	34	36	50	80	121	139	160	168	173	168	168	168	168	168	168	168	167
223	154	151	152	155	155	151	151	153	153	154	154	155	154	154	153	153	155	156	156	154	155	158	159	157	157	160	156	154	158	158	156	161	159	160	160	159	159	159	161	162	162	161	161	161	161	162	163	163	166	161	164	159	159	164	160	166	164	164	164	164	165	166	167	167	164	165	165	165	165	165	165	166	164	176	164	149	135	121	119	124	126	119	120	113	124	133	125	138	150	163	164	162	165	174	159	170	173	172	166	178	168	172	180	174	180	175	177	179	177	181	184	178	180	171	177	182	172	168	176	178	170	173	177	172	192	169	191	156	142	138	131	123	117	114	113	113	110	102	106	105	102	99	92	101	93	92	86	86	79	74	88	100	114	118	141	131	133	141	125	141	154	150	146	150	150	155	171	164	163	146	134	157	205	199	230	241	238	233	236	239	239	222	189	204	169	151	149	152	169	182	180	188	178	182	179	177	187	179	190	137	145	100	86	70	56	61	55	55	56	57	57	68	55	59	69	74	75	82	71	55	55	60	59	58	64	64	70	70	78	75	78	76	72	70	71	72	73	73	75	78	72	65	90	118	138	136	136	141	132	100	67	50	44	41	41	42	42	41	40	39	40	41	41	42	42	42	43	44	43	42	41	40	42	41	41	41	41	42	42	43	41	42	42	42	43	44	44	44	46	44	41	49	44	43	40	47	49	46	46	49	49	47	47	50	48	47	46	46	46	46	46	45	48	45	46	50	51	49	48	51	45	49	50	47	44	45	46	46	40	37	34	24	0	36	136	185	234	235	237	235	237	238	235	220	192	255	250	228	224	229	229	217	213	218	221	200	126	63	20	49	52	49	50	53	53	53	52	53	51	54	56	55	54	54	54	51	48	41	43	32	40	35	49	53	90	115	143	127	131	137	130	133	116	109	81	84	98	93	120	107	103	93	92	120	133	135	136	125	119	101	106	105	108	105	108	106	102	99	101	110	117	117	118	119	116	115	105	105	98	83	78	69	65	63	72	84	91	104	116	117	118	124	116	113	109	107	114	110	113	113	113	113	113	114	115	116	113	113	113	113	112	111	110	109	107	108	110	111	112	112	111	111	112	109	112	108	113	110	112	110	112	112	112	112	112	111	111	111	111	112	112	111	110	111	111	110	111	112	112	112	111	110	108	106	108	107	106	105	106	107	107	107	106	104	107	103	107	103	104	101	102	107	102	103	103	87	73	68	73	75	76	75	74	74	76	78	75	74	74	74	74	74	74	74	76	76	75	75	75	75	75	74	75	76	76	76	76	75	75	74	74	75	76	76	77	77	76	76	77	77	77	77	77	76	75	74	76	77	77	77	76	76	76	77	77	76	75	75	76	76	76	76	78	75	75	77	75	72	74	79	78	75	77	81	81	76	74	75	76	75	74	74	72	70	70	71	67	68	69	68	66	62	58	55	52	49	47	48	45	51	44	46	47	49	50	47	46	47	47	46	47	47	45	42	43	47	50	50	45	50	49	51	51	49	52	49	43	45	70	94	123	138	150	141	142	142	143	143	143	142	142	141
224	151	151	152	153	154	154	154	154	155	154	153	154	154	153	155	158	157	156	156	156	157	157	158	158	160	158	158	160	160	160	161	164	163	163	163	162	162	161	160	159	164	163	162	161	161	162	164	165	161	163	163	162	162	163	162	160	161	161	162	163	164	164	164	163	166	165	164	164	164	165	165	165	167	173	161	127	102	109	108	134	134	134	137	146	157	168	178	185	174	176	174	166	175	167	167	169	171	170	175	173	178	175	179	177	179	179	179	178	178	178	178	178	177	173	175	169	177	174	175	169	173	180	194	189	200	190	157	134	114	87	60	43	35	39	41	34	35	32	30	31	34	36	36	36	32	34	40	42	38	43	70	101	118	134	149	139	142	143	151	146	162	161	160	161	165	159	156	161	152	148	147	174	224	196	225	231	236	240	231	242	239	225	182	221	180	159	151	165	177	183	188	186	181	183	177	166	186	148	156	119	96	81	56	53	55	54	62	61	57	58	59	57	52	50	55	63	77	78	71	64	61	55	54	63	67	70	60	68	85	73	78	73	73	74	69	74	70	76	73	74	77	72	90	115	144	139	132	144	132	106	72	54	40	38	45	36	41	41	41	41	41	41	39	38	41	40	40	40	40	39	39	38	41	39	40	42	42	41	41	43	40	43	39	45	40	44	40	42	43	41	42	44	44	42	43	44	45	45	45	44	44	45	46	46	47	47	47	46	46	47	48	48	46	47	48	49	48	49	49	50	40	48	51	49	45	47	44	37	36	34	32	30	10	53	136	178	233	234	237	237	238	240	237	220	189	187	171	150	147	151	152	147	154	152	149	133	97	57	41	47	55	53	52	49	50	51	53	54	55	55	56	58	57	52	48	49	42	40	42	37	31	39	53	74	110	130	133	127	133	128	135	134	113	102	83	75	89	107	109	114	111	104	117	130	133	134	130	127	110	108	106	104	104	105	104	104	104	104	105	99	103	113	115	116	114	94	86	84	77	77	76	66	57	55	63	70	77	85	88	97	100	101	101	107	109	105	109	110	107	110	106	114	106	110	116	107	111	109	109	109	108	108	109	108	106	106	108	109	109	109	111	110	113	111	110	111	111	109	110	111	112	111	110	110	110	111	111	110	109	111	108	113	108	112	108	110	109	109	110	110	110	109	108	108	106	106	105	105	105	105	106	106	108	106	104	103	103	103	103	103	103	106	99	100	103	85	65	65	71	76	77	74	74	77	79	77	76	75	74	75	75	75	75	77	73	75	76	76	76	75	75	75	75	77	75	79	74	77	74	76	75	76	76	73	73	76	76	75	78	78	77	75	75	76	78	79	74	75	77	77	77	76	76	76	78	78	76	74	74	77	78	77	79	79	78	77	77	76	76	75	78	78	76	78	78	78	80	83	80	81	81	80	82	85	85	83	84	84	83	81	78	75	72	71	65	63	61	59	54	47	44	44	45	41	48	43	53	43	48	46	42	43	44	44	43	43	43	43	45	45	45	44	44	44	44	45	44	46	53	64	81	96	104	105	103	103	103	103	103	103	102	102
225	154	154	155	155	154	154	154	154	156	156	157	159	159	157	158	159	158	158	158	158	158	159	159	159	160	158	158	160	160	159	160	162	160	160	161	161	162	163	163	163	163	163	164	165	165	164	164	163	159	162	163	163	164	166	166	165	164	163	162	162	162	163	165	166	166	165	164	164	165	165	165	165	163	176	161	127	101	96	102	137	150	158	164	164	165	170	178	182	175	177	171	169	171	172	171	176	172	171	175	173	178	175	178	177	177	178	178	179	179	179	178	178	177	183	178	183	172	183	183	190	182	162	162	131	129	95	103	111	116	127	145	155	156	158	164	166	163	168	174	177	175	170	167	166	174	169	169	178	185	185	178	172	173	170	174	174	180	173	177	177	189	183	182	192	194	172	154	155	155	158	165	195	237	188	220	239	235	238	235	243	234	219	190	251	215	197	190	197	199	195	198	199	196	196	190	165	148	93	89	62	62	63	57	62	63	60	63	60	60	58	57	57	57	55	54	54	66	72	74	70	62	54	57	66	67	73	65	67	77	67	77	76	73	72	70	72	71	74	73	73	74	70	89	112	141	138	131	140	130	110	81	57	36	30	39	38	40	40	39	39	40	39	39	38	40	39	39	38	38	38	38	38	40	38	38	40	40	38	38	40	39	41	38	43	38	43	39	41	42	40	41	43	43	42	42	44	44	44	44	44	44	45	45	46	45	45	45	45	45	46	46	46	45	46	47	47	47	47	47	47	39	47	51	48	44	45	43	36	36	35	31	28	16	49	116	172	233	234	237	237	238	240	237	220	180	135	85	53	47	54	63	67	60	64	68	69	60	50	48	53	52	51	52	53	51	51	51	51	51	57	59	54	53	55	51	45	43	38	39	38	33	31	57	85	120	134	128	128	128	127	127	128	113	100	83	75	88	107	112	114	120	112	124	134	135	134	128	124	110	107	105	104	104	104	104	103	103	102	101	89	82	87	98	112	113	92	75	66	67	76	77	68	51	48	50	48	51	58	57	59	51	63	78	98	99	106	105	112	118	116	108	114	104	106	112	107	108	106	108	110	108	108	109	106	106	107	107	108	108	107	109	109	111	109	109	111	111	109	109	110	110	109	109	109	109	109	109	108	108	110	107	112	107	111	108	109	109	109	109	109	108	108	107	106	104	104	104	104	104	104	104	104	105	104	103	102	102	102	102	102	101	104	98	99	101	84	66	66	71	75	77	74	74	76	77	76	76	74	74	75	76	75	75	76	74	75	76	76	75	75	75	75	75	78	75	79	74	77	74	76	76	77	77	75	75	77	77	76	75	76	77	77	76	76	76	76	74	75	76	77	76	76	76	76	75	76	76	75	76	77	76	74	78	77	77	77	77	77	76	76	77	78	79	80	80	78	77	78	79	80	79	77	77	78	77	75	79	79	78	77	75	73	72	71	71	68	66	68	66	58	47	40	43	39	40	39	42	38	39	39	39	40	42	43	44	45	46	47	44	44	45	45	45	44	43	43	40	39	45	59	74	83	89	93	90	90	89	89	88	87	86	85
226	153	153	154	155	156	156	157	157	156	156	157	160	160	158	158	160	159	160	160	160	160	160	159	159	164	163	163	165	165	164	165	166	167	167	166	166	166	167	167	168	166	167	168	169	168	168	166	166	167	168	169	168	169	170	170	169	171	171	169	169	169	170	171	172	172	171	171	172	172	172	171	171	168	186	162	130	106	98	108	137	176	190	201	200	197	197	197	194	190	193	184	185	181	185	180	185	189	187	191	187	190	186	189	187	187	186	185	184	185	188	190	192	192	199	201	220	219	228	212	204	183	140	115	87	87	56	73	78	97	116	137	152	159	160	161	167	176	181	187	191	192	192	193	194	184	192	201	205	205	204	202	201	205	195	194	198	205	198	200	203	200	192	191	204	208	183	154	144	150	166	182	211	253	196	221	234	237	234	234	243	237	222	190	255	229	213	206	211	209	203	207	205	205	203	200	164	114	59	52	45	51	57	57	61	63	62	65	62	57	55	54	57	59	59	57	56	57	63	72	72	62	55	57	60	55	64	64	68	78	70	79	77	73	71	72	70	73	71	72	71	72	69	88	110	139	139	131	134	133	121	95	65	39	30	39	41	39	38	37	37	38	38	38	37	38	37	37	36	36	37	37	38	38	36	36	37	37	36	36	37	38	40	37	40	37	40	38	40	39	39	39	41	41	41	42	43	42	42	42	42	43	43	44	44	43	43	43	44	44	44	44	44	44	45	46	46	45	45	45	45	37	46	51	47	44	43	41	35	33	33	30	28	27	51	96	175	233	234	235	237	238	240	237	220	188	116	66	55	55	56	56	52	59	60	57	54	54	57	56	53	51	50	51	52	53	51	51	51	50	57	58	54	53	54	49	44	48	40	40	43	40	26	67	104	129	133	121	128	125	129	124	127	112	97	81	75	87	105	116	114	120	112	123	133	134	134	128	123	109	107	104	103	103	103	103	102	104	104	106	94	79	72	76	90	90	84	75	70	75	83	80	70	59	58	59	56	62	72	70	67	70	70	71	80	72	89	86	103	98	100	100	111	105	107	109	107	108	104	108	109	104	106	109	105	107	107	107	107	106	106	108	107	109	108	108	110	110	108	108	108	108	107	107	107	108	107	107	106	107	108	106	109	106	109	107	108	108	108	108	108	107	106	104	104	102	102	103	104	104	103	102	102	103	102	101	101	101	101	101	100	99	101	97	98	99	84	68	67	71	75	77	75	74	75	75	74	75	74	74	75	76	74	74	75	75	76	76	76	75	74	74	75	76	78	75	79	74	77	75	77	75	76	76	75	75	76	76	75	74	75	76	76	76	75	75	75	74	75	76	76	75	75	75	76	74	75	75	75	76	77	76	74	76	76	76	76	77	77	77	77	77	78	79	81	80	78	77	77	77	77	77	76	77	78	77	76	77	77	77	76	76	75	75	75	79	78	78	80	79	70	57	48	40	37	33	35	34	36	35	36	34	35	35	36	36	37	38	39	40	41	43	44	44	43	41	40	48	46	52	68	80	86	90	96	92	93	92	91	90	89	88	87
227	165	165	165	166	167	168	169	169	168	166	166	167	167	167	169	172	169	170	170	171	170	169	168	168	167	167	167	168	169	169	169	169	171	170	169	168	168	169	169	170	170	169	169	168	168	168	168	168	167	168	167	167	167	167	166	166	164	164	165	166	166	165	164	164	166	166	166	167	167	167	166	165	165	179	157	132	109	98	108	107	135	142	150	154	159	161	159	155	159	163	162	167	167	170	167	169	167	166	170	168	173	170	174	173	176	175	174	174	173	173	174	174	169	164	162	144	139	126	127	122	119	119	116	125	118	116	127	124	121	129	134	141	152	156	156	161	162	159	157	158	161	164	165	164	165	166	166	166	165	168	171	174	169	172	175	174	175	177	179	177	176	174	174	183	188	170	133	112	139	170	184	194	236	195	226	230	238	232	235	241	239	224	186	244	207	190	184	190	194	192	194	192	180	176	173	138	82	50	53	63	61	61	57	56	59	63	63	58	54	55	55	56	56	57	60	62	58	56	63	67	61	58	56	49	49	51	55	66	80	73	78	75	74	72	75	69	74	68	71	69	72	69	89	110	137	140	132	130	129	125	100	65	37	29	37	35	39	38	36	36	36	36	36	36	36	35	34	34	34	35	36	37	35	35	35	35	35	35	35	35	38	38	37	37	36	38	38	39	37	37	38	39	40	40	41	41	40	40	40	41	41	42	43	43	41	41	42	42	43	42	42	42	43	43	44	44	44	43	44	44	36	45	50	47	43	41	40	35	30	33	30	27	34	47	78	180	233	234	235	237	238	240	237	220	188	91	30	17	16	16	19	18	8	11	11	16	29	43	50	50	53	52	50	50	50	52	54	53	54	53	54	58	56	50	45	46	41	35	34	37	37	18	70	108	135	129	120	127	127	128	124	128	111	94	80	75	86	103	121	115	117	110	121	131	132	133	127	123	109	106	104	103	103	103	103	102	102	100	101	90	76	62	48	47	56	64	69	70	72	71	66	62	55	52	55	57	67	78	75	73	73	62	59	60	54	69	56	69	76	85	91	104	104	111	111	111	108	105	108	108	101	104	109	106	108	108	107	107	106	106	108	108	108	108	109	109	109	108	107	106	106	106	106	106	107	106	105	104	106	106	106	106	105	106	106	106	106	106	106	106	105	104	103	102	101	102	102	102	102	102	102	101	102	101	101	101	101	101	100	99	99	100	97	98	97	83	70	68	71	74	76	75	74	75	75	73	74	73	74	75	76	74	74	74	75	75	75	75	74	74	75	75	76	78	75	78	73	77	75	78	74	75	75	75	75	75	75	74	76	75	75	74	73	74	75	76	74	75	75	75	74	74	75	76	75	75	73	73	74	76	77	77	75	75	75	76	76	77	77	77	77	78	78	78	78	78	78	79	75	76	76	77	78	80	80	80	78	78	78	77	77	77	78	78	74	77	79	78	72	65	58	55	45	40	36	34	35	36	36	36	36	37	36	36	35	36	37	38	38	39	40	42	42	41	40	39	41	41	47	57	66	70	72	74	72	72	73	73	73	73	72	72
228	152	152	151	150	149	149	149	149	152	150	150	150	150	150	152	155	151	151	152	152	152	151	150	149	151	151	152	153	153	154	154	154	152	151	151	151	152	153	155	156	154	154	153	153	153	153	153	153	154	154	154	155	155	155	155	156	154	155	155	156	156	155	155	154	157	154	154	154	154	154	153	152	154	158	150	145	120	97	99	78	83	78	78	84	93	98	102	105	109	111	121	127	136	138	144	143	143	143	148	147	155	155	160	160	157	159	161	162	160	155	150	147	139	123	109	66	51	20	19	9	35	75	103	136	126	133	129	117	122	133	141	147	156	158	157	163	165	164	163	164	167	167	165	163	170	162	157	158	161	159	158	161	154	163	165	161	159	164	165	162	161	161	161	169	175	156	118	94	115	156	182	184	218	193	228	232	237	234	239	238	234	223	187	227	190	172	166	171	174	175	177	175	159	150	140	109	62	50	53	63	59	60	61	59	60	62	58	53	56	57	57	57	56	57	58	59	60	54	57	61	60	61	59	49	55	48	54	66	77	68	72	72	76	73	76	70	74	68	70	68	71	67	87	109	134	138	131	127	126	134	111	69	37	28	35	35	38	37	36	35	35	35	35	34	35	33	33	32	33	33	34	35	34	34	35	34	35	35	36	35	37	36	36	35	36	36	37	37	35	36	37	37	38	39	40	40	39	39	39	40	40	41	41	41	40	40	41	41	42	41	41	41	41	42	43	43	43	43	44	44	34	44	49	46	42	41	40	36	29	33	31	25	32	40	67	178	233	234	235	237	238	240	237	220	180	89	43	38	38	42	41	38	42	41	44	48	52	54	56	56	54	53	52	50	51	52	54	55	55	53	54	58	56	48	43	45	42	41	41	40	41	29	81	114	138	125	125	126	128	122	121	126	109	93	78	73	88	102	123	115	120	113	124	132	132	132	126	120	109	106	104	103	103	104	103	103	106	104	103	94	90	89	77	70	73	75	75	72	71	70	73	80	75	66	66	67	73	77	73	74	73	60	64	59	61	69	60	70	73	83	85	87	86	97	97	99	103	104	108	108	103	105	109	106	108	108	108	108	107	108	110	110	109	109	110	109	108	108	106	105	106	105	105	106	106	106	105	104	105	105	105	104	105	104	105	105	103	104	104	104	104	103	102	101	101	101	101	100	100	101	101	101	102	102	101	101	101	100	99	98	99	99	98	98	94	82	71	68	71	74	76	76	75	75	75	74	73	72	73	75	75	73	73	74	74	74	74	74	74	74	75	76	76	78	75	78	73	77	75	78	76	76	77	77	77	77	76	76	76	76	75	74	74	74	75	76	74	75	75	74	74	74	74	75	76	74	73	74	75	76	76	77	75	75	75	75	76	76	76	76	76	78	78	77	77	78	78	78	78	77	76	77	77	77	76	76	78	77	77	76	76	76	76	76	73	76	76	73	68	63	60	58	55	48	47	35	41	33	37	32	33	34	34	34	34	34	35	37	34	34	35	36	37	38	38	38	40	44	47	48	52	56	55	51	52	52	52	53	54	54	54	54
229	138	137	136	135	135	135	135	135	137	137	138	140	140	138	138	139	137	137	138	138	138	137	137	136	135	136	137	136	136	138	138	137	137	137	136	136	137	137	138	139	136	137	138	139	138	138	136	136	139	138	137	138	137	136	136	137	142	141	140	139	140	141	142	143	141	141	140	140	141	138	137	137	139	132	135	145	126	98	103	89	83	79	79	85	88	87	90	96	100	96	105	103	109	106	114	110	116	114	116	111	114	110	113	111	116	117	117	117	117	117	117	117	115	106	97	87	92	96	101	100	98	102	100	102	102	112	121	119	124	129	132	135	137	137	136	138	137	140	142	143	142	141	143	145	143	141	143	146	144	140	141	146	145	144	141	145	144	148	146	148	143	134	131	144	152	136	111	100	95	118	146	158	199	195	225	233	237	234	237	236	237	226	184	191	155	142	136	138	137	136	142	143	121	112	98	81	56	56	56	58	58	60	66	60	56	56	52	54	57	56	55	57	60	62	59	55	57	55	57	58	60	63	64	59	52	47	61	73	77	67	70	71	75	74	75	72	72	69	69	68	69	62	85	108	131	134	129	124	127	142	125	84	48	30	34	38	37	36	35	34	34	34	33	33	33	32	32	32	32	32	33	33	32	34	34	33	34	35	35	35	35	34	36	33	36	34	36	35	35	36	36	36	37	38	39	38	38	38	39	39	39	40	39	39	39	39	40	40	40	40	40	40	40	41	42	42	42	43	43	44	34	43	48	44	41	40	38	34	27	31	30	25	30	40	74	180	231	234	235	237	238	240	237	220	189	101	59	46	44	53	53	55	59	61	64	64	59	49	44	45	51	52	53	53	54	53	53	53	52	56	57	55	52	50	44	39	36	37	38	35	38	37	81	109	135	119	125	124	126	120	121	126	106	93	77	71	90	100	123	115	118	112	124	132	132	133	126	119	108	106	104	103	103	104	103	103	98	99	102	97	99	106	102	98	89	77	69	65	66	70	77	84	87	76	72	71	73	73	69	73	76	65	66	55	53	56	60	73	73	82	82	78	73	79	72	77	93	102	108	108	108	107	106	105	107	107	108	108	108	108	110	110	109	110	110	108	108	108	107	105	106	105	105	105	106	106	105	104	105	103	105	102	105	102	105	104	102	102	102	103	102	102	101	101	101	100	100	99	99	100	100	101	101	101	100	100	100	99	98	96	98	98	98	97	90	80	72	68	71	73	75	75	75	74	74	75	73	72	72	74	74	73	73	74	72	73	74	74	74	74	75	76	75	77	74	78	73	77	75	77	76	76	76	77	77	76	76	76	73	75	76	77	77	75	75	74	74	75	75	75	74	74	74	75	74	73	74	77	77	76	74	74	75	75	75	75	75	75	75	75	75	78	79	79	78	78	77	75	79	77	76	77	78	77	76	76	77	77	77	77	76	76	75	75	79	78	76	74	73	69	63	57	58	52	54	40	46	35	41	35	35	35	35	34	33	32	32	33	34	34	34	34	35	36	38	38	34	40	41	38	38	41	41	35	37	38	38	38	38	38	37	37
230	117	117	116	116	117	118	119	119	118	118	119	120	120	118	117	118	118	118	118	118	118	118	118	118	121	122	122	120	120	122	122	121	123	123	123	123	123	123	123	123	121	121	122	123	123	122	122	121	121	119	118	118	117	115	115	116	117	117	116	115	115	117	118	119	117	116	116	116	117	117	117	115	114	111	111	117	118	100	106	102	90	90	92	95	94	89	86	87	77	71	71	68	62	61	63	58	52	49	48	40	39	32	32	29	28	27	26	26	29	34	39	42	46	63	77	94	94	104	105	111	109	105	107	95	98	92	99	109	117	111	108	108	108	111	113	110	109	109	108	105	101	100	102	104	113	110	108	108	110	110	108	106	111	106	101	110	108	111	108	114	112	105	103	115	122	112	96	92	96	91	104	118	165	192	223	237	238	233	233	238	240	227	183	163	120	108	101	104	104	102	108	106	80	70	56	57	55	58	60	62	63	59	60	55	51	53	52	60	55	55	55	56	60	63	61	57	55	57	54	54	59	63	61	60	44	41	56	63	69	69	74	71	72	74	73	74	70	70	68	69	69	61	85	109	129	129	128	125	123	136	127	103	69	37	27	28	33	33	33	33	34	34	33	32	33	32	32	31	31	31	31	31	31	33	33	32	32	33	34	32	33	32	35	31	36	32	35	33	34	36	36	35	36	38	38	37	38	38	39	39	39	39	38	38	39	38	38	38	38	39	39	39	40	40	41	42	41	41	42	42	35	43	47	43	40	39	36	31	26	28	30	26	27	45	89	181	231	234	235	237	238	241	238	220	184	100	59	45	46	56	53	55	48	51	55	59	56	52	51	52	52	51	52	53	53	53	53	53	52	56	56	54	51	47	41	36	40	38	40	39	43	53	85	111	133	117	123	125	122	123	121	128	103	94	76	69	93	99	122	116	114	109	122	131	131	133	126	119	107	105	103	102	102	103	103	102	104	104	108	105	104	105	96	93	89	78	76	78	79	83	81	72	74	69	72	71	73	76	72	75	67	67	67	68	59	57	55	63	68	73	75	75	70	70	59	71	89	104	107	105	109	106	102	106	105	106	106	107	107	107	108	108	107	109	109	107	107	108	108	106	106	105	105	105	105	105	105	105	104	102	105	100	104	101	105	104	102	102	102	102	101	101	100	99	99	99	98	98	98	98	99	99	99	98	98	98	98	97	96	95	96	96	97	96	87	78	72	67	72	73	75	75	73	72	73	74	73	72	72	73	73	72	72	74	72	73	74	75	74	74	74	75	73	76	74	78	73	77	74	76	76	75	74	76	76	74	75	76	73	74	76	77	77	75	74	74	74	75	76	76	75	74	74	74	74	73	74	76	77	75	73	73	75	75	75	75	75	75	75	75	74	78	79	78	78	78	78	75	77	76	76	78	79	78	78	79	77	77	77	77	77	77	76	76	76	76	74	72	70	67	61	55	57	56	58	48	50	43	46	42	46	46	45	44	41	39	38	38	38	37	37	37	38	39	40	40	36	39	41	39	38	40	40	38	40	40	40	40	40	39	39	39
231	102	101	100	99	99	99	99	100	101	99	98	98	97	96	97	100	94	94	94	94	94	94	95	95	93	94	92	90	89	91	91	90	92	93	94	96	97	98	99	99	98	97	95	95	95	96	98	99	100	98	98	99	99	98	99	101	99	99	100	101	102	102	102	101	102	101	101	101	102	103	104	104	96	106	103	98	117	111	105	96	95	93	89	86	87	87	85	81	77	73	72	78	67	73	73	71	73	71	72	66	68	63	65	63	65	67	69	72	74	76	77	77	82	84	81	87	87	98	98	101	98	95	99	91	98	99	100	114	113	111	116	119	114	115	117	113	120	118	117	118	120	121	120	117	114	120	122	121	119	121	123	121	120	122	119	125	118	120	118	122	113	119	122	127	130	120	99	87	96	92	113	126	166	201	223	233	236	234	233	240	235	221	192	169	136	120	110	115	119	121	121	114	105	89	65	65	65	57	57	59	62	51	50	48	51	56	52	58	57	60	61	57	54	56	58	59	56	57	49	48	58	61	55	53	45	35	40	38	50	65	75	69	69	73	70	75	68	72	68	70	70	61	86	111	130	128	128	126	125	133	128	121	96	54	27	22	31	31	31	32	33	33	33	32	32	32	32	32	31	31	30	30	30	32	32	30	30	32	32	30	32	30	35	30	36	31	34	32	34	36	36	35	35	37	37	36	38	38	39	39	39	38	37	37	38	38	37	37	37	38	38	39	39	40	41	41	40	40	40	41	37	43	46	42	39	38	34	28	28	27	29	25	22	46	97	174	231	234	235	237	238	241	238	221	187	102	57	43	46	55	48	51	46	47	46	46	47	50	50	51	53	52	50	50	50	52	54	55	55	51	52	57	53	42	35	38	39	33	35	37	42	58	82	109	137	122	124	129	118	125	118	125	101	95	75	68	95	99	121	116	116	111	124	132	132	133	125	117	107	104	102	101	102	102	102	102	103	97	101	103	107	105	96	94	89	86	95	99	94	94	83	61	57	61	70	70	73	78	73	70	70	73	63	73	60	58	49	50	59	56	56	59	56	55	48	71	91	108	106	100	106	103	99	107	104	104	105	106	106	105	106	106	106	108	108	106	106	108	109	107	106	105	104	104	104	105	105	105	104	102	105	99	105	100	105	103	102	102	102	102	101	100	99	98	97	97	98	98	98	98	97	97	97	96	95	95	96	96	95	94	95	94	95	95	85	77	72	67	73	73	74	74	72	71	72	73	73	72	71	72	73	72	72	74	72	73	75	75	75	74	74	74	73	75	73	77	73	76	73	75	78	76	75	77	77	75	76	78	75	75	75	75	74	74	75	76	74	75	76	76	75	74	74	74	76	73	72	74	74	73	73	74	74	74	74	74	74	75	75	75	75	78	77	74	75	78	80	80	78	75	75	77	78	76	76	77	74	75	76	77	77	77	76	75	75	79	79	74	68	65	64	62	60	62	62	57	51	49	47	45	44	45	45	45	44	42	42	42	40	40	40	40	40	41	41	41	41	40	41	41	40	37	37	39	38	38	39	40	40	40	40	39
232	93	94	94	95	95	95	95	95	98	98	97	97	98	98	99	100	97	97	96	97	97	97	97	96	99	97	97	100	101	100	99	101	104	104	104	105	105	105	104	103	106	102	108	104	104	108	102	106	105	104	104	106	105	103	104	106	103	104	106	107	108	108	108	108	107	109	110	110	109	107	105	104	105	107	107	105	107	109	106	100	96	89	93	90	90	91	85	89	91	91	91	91	90	90	89	89	90	90	91	92	93	93	94	94	94	93	93	94	92	90	91	92	96	97	97	95	95	97	97	96	99	100	100	99	98	99	104	107	107	110	112	113	112	110	107	105	108	109	111	112	112	111	110	110	110	110	111	111	111	112	115	116	114	120	110	120	116	115	119	113	104	121	126	132	128	103	90	95	101	96	103	115	162	196	224	232	238	236	232	240	240	218	188	164	130	107	107	114	113	117	118	111	95	79	74	57	60	60	58	60	54	51	45	44	45	49	54	56	60	59	59	58	57	58	58	58	58	54	50	51	54	57	56	53	38	32	31	26	48	49	70	70	71	71	73	67	67	73	69	68	64	61	84	108	130	129	125	127	124	128	127	137	117	75	49	17	32	71	84	77	57	30	27	31	29	29	30	30	29	29	29	30	29	30	31	31	31	30	29	29	27	29	31	33	34	33	32	31	31	39	33	32	33	34	40	32	35	33	37	33	38	34	38	36	36	36	36	36	37	37	38	38	35	39	41	39	38	40	40	40	33	40	45	42	38	36	33	28	26	23	29	22	31	47	94	178	231	234	235	237	238	241	238	221	184	102	56	41	47	51	53	49	46	51	53	51	63	63	48	55	54	52	56	56	54	52	49	54	54	53	53	54	50	42	35	36	37	34	32	34	50	65	95	109	134	119	127	125	122	119	122	125	107	93	73	68	94	101	125	115	115	112	122	130	132	132	122	116	107	104	103	103	103	101	101	102	101	102	101	99	101	102	97	90	80	78	79	80	80	77	71	66	62	67	69	75	71	75	72	75	69	71	69	69	71	63	55	57	62	54	62	58	57	57	51	68	87	104	108	104	105	104	102	105	105	106	106	104	104	105	107	105	107	107	106	106	107	107	106	106	104	104	105	104	104	103	104	104	103	107	100	104	104	99	104	100	100	100	100	99	98	98	97	97	97	96	96	97	97	96	95	94	95	97	97	95	94	95	96	94	94	93	91	91	84	75	70	71	69	70	71	72	72	73	74	75	74	75	74	72	71	74	74	73	74	74	75	74	73	72	71	71	72	75	74	80	74	78	74	75	73	74	74	75	75	77	77	77	77	74	74	76	76	75	75	76	74	76	73	76	72	76	73	74	75	75	74	74	75	75	74	74	74	74	74	74	74	74	73	73	73	78	76	77	76	74	79	79	77	77	78	77	76	76	76	77	76	76	76	76	76	77	77	77	76	76	75	72	69	66	64	63	62	62	62	62	61	57	53	50	51	48	46	46	48	49	48	47	45	49	51	48	45	45	47	47	44	45	45	45	46	43	40	39	43	42	42	42	43	43	42	41
233	93	94	95	96	97	98	98	99	94	94	94	94	95	95	95	96	96	96	95	95	96	96	96	95	99	97	97	99	100	99	98	99	101	101	100	99	99	99	98	97	102	99	103	99	98	101	95	98	98	97	98	99	99	97	97	99	102	101	100	99	99	100	101	101	100	100	100	100	99	99	99	98	100	98	98	99	102	102	102	103	101	92	91	85	84	88	87	94	90	90	91	91	90	88	85	84	85	85	85	86	86	86	87	87	85	84	85	86	86	85	85	87	90	92	91	90	90	91	92	90	91	90	90	92	96	98	97	96	103	101	98	96	95	98	100	102	100	100	101	101	101	100	99	99	96	98	102	102	101	99	97	96	98	99	93	96	96	93	101	94	86	103	115	121	127	98	84	79	92	88	91	106	150	198	226	234	238	235	234	239	239	221	189	150	114	92	91	96	95	96	100	94	86	71	67	56	63	61	54	50	43	44	43	46	50	53	55	56	60	59	59	58	58	58	58	58	59	56	52	52	54	55	55	54	50	32	27	27	35	36	60	62	78	69	69	67	66	66	65	73	65	61	83	105	130	130	125	127	124	129	128	136	130	106	71	27	38	105	146	131	78	30	25	33	31	30	30	28	27	27	27	28	29	29	30	30	30	29	28	28	30	29	29	28	29	30	32	33	30	34	29	32	32	30	35	31	35	34	35	33	36	34	36	35	36	36	36	36	36	36	36	36	36	37	38	37	38	40	40	38	33	40	44	42	37	35	32	28	23	23	25	26	27	47	90	176	231	234	235	237	238	241	238	221	184	99	54	42	48	48	51	49	53	53	55	57	74	76	57	55	48	46	48	47	49	53	49	49	53	52	52	53	49	41	35	35	32	30	34	29	49	58	95	109	131	118	126	123	121	117	118	121	106	94	74	70	91	101	123	117	115	112	122	130	133	132	122	116	106	104	102	102	102	101	101	102	103	103	104	106	105	97	88	81	76	68	61	56	56	58	60	61	62	68	70	76	71	74	71	73	72	72	71	72	74	71	69	71	69	58	60	53	53	57	57	78	88	102	106	102	103	103	101	104	105	103	103	105	105	103	105	107	107	106	106	106	106	106	106	105	104	104	105	104	103	103	103	103	103	104	101	103	102	99	101	99	99	99	99	99	99	98	98	97	99	97	95	94	95	97	100	101	91	94	95	94	93	94	92	90	93	92	90	89	83	74	70	72	71	72	73	73	73	73	74	74	71	73	74	73	73	74	73	71	70	71	73	74	74	74	75	75	73	73	73	72	73	72	74	75	77	77	76	75	74	74	74	74	77	74	74	75	75	74	74	75	74	76	73	76	72	76	73	74	75	75	74	74	75	75	74	74	74	74	74	74	74	74	74	73	73	78	75	77	76	74	79	78	76	77	77	77	76	76	76	77	77	77	76	76	76	76	76	76	76	76	75	73	70	67	65	65	65	65	65	65	63	61	58	55	52	53	53	53	53	52	51	50	49	49	48	47	49	51	49	46	43	44	45	45	44	43	44	43	39	39	40	40	41	41	40	39
234	85	85	85	84	84	84	85	85	84	85	85	85	86	86	86	86	83	82	82	82	82	83	82	82	81	80	80	81	82	81	80	80	85	84	84	84	85	86	86	86	85	83	87	85	85	87	84	86	84	84	85	86	86	84	84	85	85	84	84	84	84	85	86	87	87	86	85	85	85	85	86	87	89	85	83	86	86	83	84	88	87	82	82	79	78	80	77	80	76	77	78	79	79	78	77	76	78	78	78	78	78	77	77	77	76	75	76	77	77	76	77	79	77	78	79	78	78	79	78	77	79	79	79	82	85	87	86	83	86	85	84	84	84	84	85	86	86	86	85	85	84	83	83	82	82	82	82	81	80	80	80	81	83	81	83	80	82	78	86	78	63	94	126	128	122	78	69	70	75	70	69	86	128	194	222	231	238	234	235	239	238	224	189	127	100	79	78	80	79	81	84	82	68	58	57	49	56	53	48	43	45	44	44	44	47	51	55	57	59	59	58	58	58	58	58	58	60	58	55	53	53	54	55	55	56	30	22	30	25	26	49	53	69	64	68	69	68	68	66	74	66	60	80	104	130	130	126	126	125	125	124	127	133	127	102	72	69	113	141	125	78	40	29	21	26	26	27	28	28	28	28	29	29	29	28	28	28	28	27	27	30	29	28	27	27	29	30	32	31	31	28	33	34	29	32	33	33	34	33	35	33	35	34	35	35	35	35	34	34	34	35	35	36	35	34	35	37	39	39	37	32	39	42	40	34	33	30	26	30	24	15	30	42	75	107	177	231	234	235	237	238	241	238	221	191	104	62	49	54	54	60	63	68	65	70	75	86	84	66	55	49	50	52	49	51	57	53	51	51	50	51	52	48	39	33	34	36	32	38	30	56	65	105	116	128	118	125	122	120	115	114	116	105	94	73	73	89	101	120	118	115	111	122	130	133	132	122	115	105	102	101	101	101	100	100	101	102	100	103	108	106	94	84	79	76	68	60	55	55	58	59	61	62	68	70	76	71	73	69	71	74	70	71	73	72	71	72	71	68	61	64	60	61	63	63	81	89	101	105	101	101	102	101	103	104	99	100	105	106	101	104	109	106	106	105	105	106	106	105	105	104	104	104	104	103	102	102	102	103	101	103	100	99	100	97	99	97	98	98	99	99	98	97	97	94	93	93	93	93	93	92	91	91	93	94	94	93	93	92	90	92	90	88	87	81	73	70	72	72	73	73	73	72	72	73	73	70	72	73	73	73	74	73	72	72	73	74	74	74	73	73	73	75	72	76	70	75	71	77	76	76	76	75	75	74	74	75	75	76	74	73	74	74	73	73	73	74	76	73	77	72	76	73	75	75	74	74	74	75	75	74	74	74	74	74	74	74	74	74	74	72	78	75	77	76	73	78	78	75	76	76	76	76	76	76	77	77	77	77	76	76	76	76	75	75	76	75	74	71	69	67	66	65	65	65	65	64	63	61	59	54	56	56	56	54	53	52	52	53	53	52	52	54	55	54	51	48	48	47	46	45	44	43	42	48	48	49	51	52	52	51	50
235	70	69	68	67	66	66	66	66	64	64	65	66	66	65	65	65	66	66	65	65	66	66	66	65	68	67	67	67	68	67	66	66	64	63	63	63	65	66	67	67	64	63	65	65	66	67	66	67	67	68	69	69	69	68	68	68	67	68	69	71	72	72	71	71	73	70	70	70	70	70	69	69	70	68	67	68	67	64	65	67	68	67	70	71	70	68	64	62	64	64	63	62	62	64	65	66	63	63	63	62	62	62	61	61	61	60	61	62	61	59	60	61	63	64	64	64	64	64	64	63	61	63	64	63	61	61	63	66	62	63	65	67	67	65	62	62	64	64	63	62	61	61	61	61	59	58	57	55	55	56	59	61	56	55	59	58	56	56	54	54	40	83	125	129	100	47	40	54	60	55	50	70	108	196	226	236	238	233	236	240	236	226	189	100	66	47	46	48	46	49	51	54	49	46	48	41	44	41	45	45	48	47	45	45	48	52	55	57	58	58	58	58	57	58	58	58	60	59	57	54	53	53	55	57	54	36	22	31	25	27	36	41	57	62	70	66	67	72	70	70	64	58	79	103	130	130	125	125	125	121	123	123	128	129	120	115	109	117	122	105	68	43	34	22	24	25	27	28	29	28	28	28	28	28	27	27	27	26	27	27	28	29	29	30	30	29	29	29	30	30	30	33	33	30	31	32	31	33	30	35	31	36	33	35	34	34	34	34	34	34	34	34	35	35	34	34	35	37	37	37	32	38	41	38	33	30	28	24	16	23	24	38	51	86	123	183	231	234	235	237	238	241	238	221	187	107	69	55	57	58	67	72	81	81	88	93	91	88	77	65	49	47	51	48	48	51	47	49	50	50	51	52	46	37	31	33	33	27	29	24	54	69	106	112	124	117	123	118	118	113	110	111	105	93	72	74	88	104	118	117	114	111	122	130	132	132	121	115	104	102	101	101	101	100	100	101	100	99	101	103	101	92	84	80	75	69	63	60	59	60	59	58	61	67	69	76	71	72	68	69	76	72	75	77	73	73	74	69	65	63	68	68	69	68	66	79	91	99	103	100	99	100	101	102	103	100	100	103	104	101	104	107	106	105	105	105	105	105	105	104	104	105	105	104	102	101	101	102	103	99	104	99	98	101	94	98	96	97	98	98	98	97	96	95	95	95	95	96	96	94	91	89	93	93	92	91	90	90	91	91	90	89	86	84	78	72	70	71	72	72	73	72	72	72	72	73	73	73	72	71	72	73	74	74	74	75	75	75	73	72	71	71	74	73	77	74	77	73	76	75	76	74	74	74	74	74	75	76	75	74	73	73	74	74	73	73	74	76	73	77	72	76	73	75	75	74	74	74	74	74	74	73	74	74	74	74	74	74	74	74	72	77	74	76	76	74	78	77	75	75	76	76	76	75	76	77	76	76	76	76	75	75	75	75	75	76	75	74	72	69	68	67	66	65	65	65	65	65	64	63	61	60	58	56	54	54	55	55	46	50	52	52	49	49	51	53	52	52	51	50	48	46	45	44	41	42	46	48	49	49	48	47
236	51	51	50	50	50	51	52	52	53	54	54	55	55	54	54	54	56	55	55	55	55	56	55	55	57	57	57	57	57	57	56	55	60	59	57	56	56	56	56	55	58	59	58	58	57	56	56	55	55	56	57	56	56	56	56	55	55	56	56	56	56	55	53	53	54	54	54	54	53	51	48	45	44	48	51	50	51	53	53	51	49	49	47	47	47	47	48	47	48	47	45	43	42	42	43	44	42	42	42	42	42	42	41	41	42	41	41	42	41	39	39	41	38	38	39	39	39	39	38	38	36	38	39	37	35	34	36	38	39	36	35	35	34	33	34	37	34	34	33	32	32	32	32	32	28	30	31	32	31	28	28	27	26	28	27	32	24	30	17	30	40	69	93	106	70	29	18	35	36	30	22	45	86	190	220	231	238	233	236	239	236	225	187	82	42	27	25	26	28	29	32	37	34	33	35	31	35	32	41	42	43	44	47	50	53	55	55	54	57	57	57	57	57	57	57	57	58	58	57	55	53	53	56	59	52	48	25	28	28	29	24	29	52	58	66	64	65	70	68	68	64	57	78	102	129	129	125	125	124	121	126	126	128	130	119	109	88	78	82	80	59	44	36	27	31	30	29	28	26	26	26	26	27	27	27	26	26	26	26	26	26	27	29	30	30	29	27	26	27	28	30	28	29	31	29	28	29	32	29	35	31	36	32	34	32	32	33	33	33	34	35	35	35	35	35	35	34	33	35	36	32	37	39	36	31	28	26	22	20	25	30	46	79	115	141	171	231	234	235	237	238	241	238	221	187	119	88	71	71	75	84	84	89	89	95	99	94	93	94	82	58	47	46	45	46	46	44	51	50	51	52	52	44	34	29	31	33	31	30	31	55	78	111	119	120	116	121	114	115	111	107	109	106	91	72	74	89	106	116	115	113	110	121	129	132	131	120	114	103	101	101	102	102	101	100	101	101	103	103	99	94	88	82	76	77	69	61	56	55	58	59	60	59	65	68	75	70	72	68	69	70	67	70	72	69	71	73	68	68	67	68	67	68	68	70	83	92	97	101	99	97	99	101	100	101	102	102	101	101	102	104	103	105	104	104	104	104	105	104	103	104	104	104	103	102	101	101	101	103	98	103	98	97	100	93	97	96	96	97	97	97	95	94	93	95	94	92	91	91	93	94	95	91	91	89	88	87	86	87	88	88	87	84	81	75	70	69	70	71	72	73	73	72	73	73	74	75	74	73	73	72	73	73	74	72	73	74	74	74	74	74	74	72	74	73	76	72	75	73	74	77	75	74	75	74	73	72	74	75	74	73	73	74	75	74	74	74	75	72	76	72	76	73	75	74	74	73	73	74	74	74	73	74	74	74	74	74	74	74	74	73	77	74	76	76	74	78	77	75	76	76	76	75	75	76	76	74	74	74	74	75	75	75	75	75	76	76	74	72	70	69	69	69	68	68	67	68	68	68	67	67	64	60	59	59	59	57	56	54	57	60	61	59	57	59	62	51	52	52	52	53	52	50	49	49	50	52	54	57	58	57	55
237	47	46	46	46	46	46	46	46	43	43	43	43	43	43	43	43	43	42	42	42	43	43	42	42	41	41	41	40	41	41	41	39	39	38	37	37	37	37	37	36	36	38	35	38	37	35	37	35	34	35	36	34	34	35	35	35	33	33	32	31	30	31	32	32	32	31	31	32	33	31	29	28	27	31	32	29	29	32	30	26	33	35	31	32	33	32	36	33	32	32	32	32	31	31	30	29	33	33	33	33	33	33	32	32	32	31	32	33	32	31	31	33	35	34	34	35	35	34	34	35	37	36	36	38	40	40	37	34	39	36	34	34	34	32	33	36	34	34	33	32	32	33	33	33	32	33	33	34	34	33	33	34	34	36	31	39	30	38	19	50	76	89	89	94	59	37	30	44	42	33	26	49	87	196	226	236	238	233	236	239	237	223	187	76	44	30	26	28	33	33	36	41	38	37	36	38	47	47	53	48	46	46	47	50	52	54	56	56	55	55	56	56	56	56	56	56	57	57	57	56	54	54	57	59	50	54	28	23	29	31	23	27	40	42	56	67	71	69	63	67	62	56	77	101	127	128	124	124	126	123	123	122	127	138	123	86	44	20	23	34	37	40	38	34	37	34	31	27	24	24	26	28	25	26	26	26	26	26	26	26	26	26	26	26	26	26	26	26	27	27	31	26	27	32	28	28	28	29	29	32	31	33	32	32	31	31	31	32	33	33	34	35	34	34	35	35	33	31	33	35	29	35	37	34	29	26	24	21	10	35	59	74	97	122	154	182	231	234	235	237	238	241	238	221	191	132	106	91	92	98	105	101	110	108	107	110	109	112	116	103	75	55	45	44	47	48	44	49	50	51	53	51	43	32	27	30	24	28	27	29	49	75	109	119	120	119	121	111	115	113	109	112	106	88	73	73	92	107	114	113	112	109	120	128	131	130	119	112	102	101	100	101	102	101	100	101	98	103	103	97	91	86	80	73	76	69	62	57	57	59	60	60	58	64	67	73	69	71	68	70	67	65	64	63	62	65	67	65	68	68	67	67	68	67	72	82	93	94	99	99	95	97	100	97	100	102	101	99	99	101	103	100	103	103	102	102	103	103	102	102	102	102	102	102	101	100	100	100	101	99	100	98	97	98	95	96	95	95	95	95	95	93	92	91	92	91	90	90	90	89	89	88	88	88	88	89	87	85	84	85	85	85	82	78	73	69	68	69	71	72	73	73	73	74	75	75	74	73	74	75	75	73	72	72	72	73	74	74	74	74	74	75	75	77	72	76	70	76	73	77	75	73	73	75	75	73	73	75	74	74	73	73	73	75	75	74	73	75	72	76	72	76	73	74	74	73	73	73	74	74	74	73	74	74	74	74	74	74	74	74	73	77	74	76	76	75	79	77	76	76	77	76	76	75	76	76	74	74	74	74	75	75	75	75	75	76	76	75	74	72	71	71	71	70	70	69	70	70	70	69	66	64	62	62	62	60	56	52	54	52	52	55	57	57	55	54	56	56	56	56	55	54	53	52	51	52	53	54	56	56	57	56
238	31	31	31	30	29	28	27	27	31	30	30	30	30	30	30	31	34	33	33	33	34	34	34	33	34	35	35	34	35	36	35	33	34	34	35	36	37	38	38	37	33	36	33	37	38	35	40	37	37	38	38	36	35	37	38	38	39	38	38	37	38	39	40	41	40	38	37	40	46	53	58	61	59	55	47	39	36	35	34	33	32	37	33	37	37	35	38	32	31	32	33	34	35	35	35	35	34	34	34	34	33	33	33	33	33	33	33	35	34	33	34	35	33	32	31	33	33	31	32	33	32	31	31	32	35	35	32	30	34	32	33	37	36	32	31	32	33	32	32	32	32	32	32	32	33	32	31	30	30	32	35	38	31	35	32	33	31	33	11	56	86	92	79	66	37	29	34	42	48	35	31	50	87	193	223	232	238	233	235	239	239	220	186	77	43	29	24	26	32	32	31	38	34	35	33	37	47	42	50	42	52	50	48	48	49	52	55	56	53	54	55	55	56	55	55	55	56	57	57	56	55	55	57	58	51	53	34	27	28	29	28	29	26	29	46	60	68	68	63	66	61	56	77	100	125	126	122	124	125	122	118	121	123	135	131	87	47	23	19	19	18	26	33	43	37	35	33	30	26	25	24	25	23	23	24	25	25	25	25	25	26	25	24	24	24	25	26	27	29	25	29	27	27	30	26	30	27	27	30	29	31	29	30	29	30	30	31	31	31	32	33	33	33	32	32	33	33	31	31	33	24	31	34	31	27	24	23	20	11	35	55	80	98	122	151	178	231	234	235	237	238	241	238	221	187	124	94	79	82	86	93	87	89	89	82	82	81	82	87	74	64	49	44	42	43	43	40	44	48	50	52	50	41	30	25	29	29	29	30	29	58	83	117	121	118	118	118	106	112	112	108	113	105	85	77	73	95	104	113	113	110	108	119	127	130	129	118	111	101	100	99	101	101	100	99	100	98	99	99	95	90	83	79	77	70	64	60	57	57	57	56	55	58	64	66	72	68	71	68	70	72	73	69	66	67	68	66	66	64	68	66	68	69	67	72	80	93	92	97	98	94	96	99	95	99	99	98	99	98	97	99	100	101	101	100	100	101	101	100	100	99	100	100	100	99	98	98	99	98	99	96	97	97	94	96	94	93	93	93	93	93	92	91	91	92	93	94	95	94	91	87	85	86	85	86	87	86	84	84	85	81	82	80	76	72	69	69	69	71	71	72	72	72	73	74	74	73	72	73	75	75	73	72	73	74	74	75	75	74	73	73	73	76	76	75	75	73	75	75	77	72	71	72	76	77	74	74	77	73	74	73	72	72	74	74	72	72	74	71	75	71	75	72	74	73	73	73	73	74	74	74	73	73	74	74	74	74	74	74	74	74	78	74	76	77	75	79	77	77	77	78	77	76	75	75	76	75	75	75	75	75	75	75	75	75	76	76	76	76	75	75	75	74	73	72	72	72	72	72	71	68	67	67	66	65	62	58	54	60	58	58	61	63	62	60	60	61	61	60	58	57	55	54	53	56	56	56	57	58	58	57	56
239	33	33	34	35	35	35	35	34	36	36	35	35	35	35	36	36	36	36	35	36	36	36	36	35	34	36	36	35	35	37	36	34	34	34	34	35	35	35	34	34	35	39	34	38	38	34	39	35	38	39	39	36	35	38	39	39	37	37	38	38	37	36	35	34	33	30	30	35	46	61	73	80	74	62	46	38	32	28	28	31	32	37	31	33	34	32	37	31	34	33	32	32	32	32	33	34	34	34	34	34	33	33	33	32	35	34	34	35	35	33	34	35	36	34	34	35	35	34	34	36	35	36	37	36	34	33	36	38	38	35	35	39	39	35	35	38	35	35	35	35	35	34	34	34	34	35	36	37	36	34	33	35	36	38	39	35	42	34	12	63	95	94	77	53	39	43	53	48	48	33	31	50	86	193	224	232	238	233	235	240	241	219	188	81	45	32	25	27	34	34	32	38	38	43	43	45	50	43	54	49	47	48	49	51	53	54	54	53	53	53	54	55	55	55	55	54	56	57	57	56	55	55	56	57	57	54	42	35	28	25	29	26	27	31	40	42	51	65	67	68	60	55	77	100	124	124	122	124	121	120	120	131	121	124	133	98	64	37	25	18	19	26	24	27	38	38	38	35	30	24	18	15	21	22	23	24	25	25	25	24	24	25	25	26	26	26	26	26	29	20	25	26	26	26	21	30	27	26	30	26	31	26	28	26	30	30	30	30	30	31	31	31	32	30	29	32	34	32	31	31	21	28	31	30	26	24	22	19	13	41	59	85	84	106	139	181	231	234	235	237	238	241	238	221	188	114	75	57	56	57	61	57	58	60	51	49	46	45	50	41	40	40	47	45	43	45	44	48	46	48	51	49	40	29	25	29	30	22	23	19	61	84	117	112	112	112	112	98	105	106	103	109	103	84	80	73	96	102	113	113	110	107	119	127	130	129	117	110	100	99	98	100	101	99	99	99	103	99	97	94	87	79	76	79	73	66	59	56	56	58	59	59	59	64	66	72	67	70	67	69	66	72	69	65	70	69	64	64	66	68	64	65	66	65	74	83	92	90	96	98	93	95	98	93	100	95	95	99	99	94	96	100	100	99	98	99	99	99	99	98	97	98	98	98	97	97	97	98	96	100	93	97	97	92	97	93	92	92	92	92	92	92	91	91	90	89	88	87	88	88	88	87	84	82	81	82	81	80	82	86	79	80	78	75	72	70	69	70	69	70	70	71	71	71	71	72	74	72	71	72	73	72	73	75	72	73	74	75	74	74	74	74	72	71	77	73	77	71	74	71	75	73	73	77	77	72	71	73	73	74	73	71	71	73	73	70	72	73	71	75	71	75	72	74	73	73	72	73	74	74	74	73	73	73	74	74	74	74	74	74	74	78	74	76	77	76	79	77	78	78	78	77	76	75	75	76	76	76	76	76	76	75	75	75	74	75	77	77	77	77	77	78	78	77	76	76	76	76	75	74	73	73	72	70	67	64	62	62	59	61	64	66	64	60	61	65	61	61	59	58	58	57	59	59	59	59	58	59	60	60	59	58
240	33	34	33	32	33	35	36	34	35	34	33	34	35	36	36	36	38	36	36	37	37	35	35	36	36	36	36	37	38	38	37	36	38	38	37	35	36	39	40	39	38	38	38	39	40	40	39	38	39	40	40	39	38	38	38	39	37	37	38	38	38	38	37	37	37	35	36	42	50	59	70	80	65	66	56	38	29	32	34	31	32	33	34	35	35	34	32	31	33	34	35	35	35	35	35	36	34	34	35	35	35	35	36	36	35	35	35	35	35	35	36	37	37	37	37	36	37	37	37	37	37	37	37	37	38	38	38	38	38	38	38	38	37	37	37	37	36	36	37	37	37	37	38	38	40	37	36	37	37	35	36	39	40	34	44	39	33	32	21	65	107	98	76	40	41	44	50	57	53	35	23	40	86	190	224	242	232	231	235	242	240	224	184	79	43	29	28	34	38	37	37	37	44	45	47	49	50	50	50	50	49	48	45	51	48	51	49	53	52	52	52	52	53	53	53	53	54	54	53	53	54	54	53	53	55	54	48	37	28	26	28	31	24	29	33	37	44	55	63	66	65	54	73	99	125	122	117	120	120	123	119	122	122	126	129	109	74	45	26	11	17	18	20	25	33	42	32	33	33	26	35	30	29	28	19	21	21	24	16	30	23	28	29	25	27	19	29	31	25	27	24	25	26	26	27	23	28	23	31	18	33	27	26	34	26	28	33	26	32	30	33	27	28	30	32	33	32	31	30	30	25	26	25	22	19	21	29	32	37	48	59	62	59	73	113	188	235	235	234	233	234	238	240	227	195	100	58	43	46	55	59	56	52	51	50	48	48	47	47	45	50	49	45	43	43	44	45	47	51	45	48	47	35	29	29	26	29	18	24	14	69	107	145	140	126	122	129	122	118	110	115	106	104	86	79	77	103	101	110	112	111	105	118	128	129	127	117	111	101	99	98	99	99	97	97	98	99	100	97	91	84	77	75	73	70	65	60	58	57	54	54	56	58	62	68	70	66	76	66	70	73	72	71	70	69	68	67	67	65	69	66	64	68	66	69	82	91	92	94	95	95	95	94	95	95	93	100	92	101	91	98	94	96	96	96	96	96	96	96	96	95	96	97	97	97	96	96	96	97	95	94	95	94	92	93	95	93	93	93	93	93	92	91	90	90	89	88	88	87	85	84	82	78	81	77	75	80	79	77	80	80	76	77	74	67	69	73	67	67	68	70	72	73	74	73	73	73	72	76	72	77	72	74	72	74	74	73	73	74	74	75	75	76	73	73	74	75	74	75	77	75	76	74	72	72	74	74	72	74	74	74	74	73	73	73	73	73	73	73	73	72	71	72	72	72	72	72	72	72	72	72	72	74	74	75	74	74	73	74	74	74	74	74	74	74	73	73	73	76	75	74	74	75	76	76	76	73	78	78	73	73	78	79	75	73	75	72	76	71	75	71	72	72	75	69	75	71	72	71	69	72	74	73	68	64	63	62	60	63	63	63	64	65	65	65	65	65	64	63	62	63	63	63	63	60	63	64	63	60	62	62	61
241	34	36	37	35	34	35	36	36	36	35	35	35	36	36	36	36	36	35	35	37	37	36	36	37	37	37	37	37	38	38	37	36	41	41	39	37	37	38	38	36	39	39	39	39	40	41	40	40	39	39	39	39	38	38	38	39	39	39	39	39	39	38	38	38	40	37	34	38	46	59	75	87	86	70	52	43	37	33	34	39	36	35	33	32	32	33	35	36	32	33	34	35	35	34	34	35	36	37	37	37	38	38	38	39	38	38	38	38	38	39	39	39	39	39	39	39	40	40	41	41	41	41	41	41	42	42	42	42	41	41	41	41	41	41	41	40	40	40	40	40	40	40	40	40	41	39	38	39	39	38	39	41	44	45	44	45	43	42	24	61	114	108	73	35	38	46	56	63	55	38	27	44	89	192	224	241	231	231	234	242	240	224	185	80	46	31	31	37	41	42	42	42	46	46	47	47	46	46	45	44	48	47	44	49	46	49	47	50	51	51	51	51	52	53	53	53	55	54	54	54	54	55	54	53	52	54	52	45	37	32	30	29	28	30	35	41	45	48	55	62	62	52	71	97	123	120	116	119	118	120	118	122	121	124	127	112	78	52	31	10	14	18	22	25	24	31	31	36	32	38	49	46	36	35	24	18	20	15	12	14	14	24	22	23	29	29	22	22	23	27	26	28	22	23	25	26	24	25	33	22	31	26	21	24	27	25	28	24	29	25	29	28	26	27	28	28	27	26	25	24	25	26	22	14	8	14	31	43	51	53	51	44	37	55	101	182	235	235	234	233	234	238	240	226	191	96	53	36	37	46	53	49	46	46	46	47	49	50	50	51	50	47	47	45	45	45	46	46	50	45	48	47	35	28	27	24	25	23	27	9	70	123	165	150	149	141	139	141	145	140	127	108	92	80	77	81	102	103	110	113	110	104	118	128	129	127	117	110	101	99	98	99	99	97	97	98	98	99	97	90	83	77	76	74	67	62	57	55	55	52	53	54	60	61	70	67	69	72	67	69	70	70	70	69	68	68	67	67	65	68	65	64	67	66	70	83	89	91	93	94	94	93	93	93	94	92	99	91	99	90	97	94	95	95	95	95	95	95	95	95	97	98	98	97	95	94	94	94	94	93	93	94	93	91	91	93	92	92	91	91	91	91	89	88	89	88	87	86	85	84	82	81	82	82	78	76	77	76	74	75	78	76	77	75	69	70	73	67	74	73	72	71	70	70	70	70	72	73	73	74	73	74	73	73	74	74	74	74	74	74	75	75	77	75	74	75	74	72	72	74	74	75	74	73	73	75	74	72	74	74	74	73	73	73	73	73	73	73	73	73	72	71	72	72	72	72	72	72	72	72	72	72	73	73	74	73	73	73	73	74	75	75	74	74	73	72	72	71	76	75	75	75	75	76	76	76	74	75	75	74	73	74	75	75	72	74	72	76	72	76	72	73	72	76	69	75	71	72	71	70	72	73	73	68	65	64	63	62	65	64	64	65	65	66	66	65	66	65	64	63	64	63	63	63	61	64	65	63	61	62	62	60
242	35	38	40	38	36	36	37	38	40	39	39	40	40	40	40	39	36	36	36	38	38	38	38	40	40	39	38	38	38	39	38	38	40	40	39	38	39	41	41	39	40	40	39	40	41	41	41	41	39	40	40	40	40	40	40	41	42	42	41	40	40	40	39	39	40	38	38	41	46	54	63	70	73	58	47	47	43	35	33	39	36	37	38	38	39	38	37	36	38	40	42	43	42	42	42	42	41	41	41	42	42	42	43	43	41	42	42	42	43	43	43	43	43	43	43	43	44	44	45	45	45	45	45	45	45	45	46	46	45	45	45	45	45	45	45	45	44	44	44	44	44	43	43	43	47	46	46	47	47	46	46	48	44	51	44	50	49	48	38	67	96	99	59	35	42	52	59	61	57	42	31	48	92	193	224	241	230	230	234	242	241	224	186	82	46	31	31	38	43	44	45	46	49	49	49	49	49	49	49	49	51	51	48	53	50	53	50	53	50	50	50	51	52	53	53	52	52	52	52	52	53	53	52	52	52	54	55	52	46	41	35	30	34	35	41	48	46	42	47	57	59	49	69	94	120	119	114	117	116	116	116	121	120	120	124	116	90	56	29	9	15	18	21	23	26	25	27	30	22	46	62	75	78	76	55	34	39	34	44	36	31	33	23	25	26	29	15	22	24	24	23	29	20	24	23	25	22	24	27	18	23	26	24	26	26	22	24	25	28	21	24	27	27	27	27	26	25	23	22	21	19	25	27	25	23	30	47	56	52	53	51	42	36	54	99	180	237	235	234	233	234	238	240	226	192	99	57	40	40	48	55	52	49	50	50	50	51	51	52	51	51	49	49	48	48	46	46	45	48	45	48	47	35	28	25	23	22	22	23	4	67	123	166	148	143	147	143	144	139	138	131	130	109	98	92	96	103	104	106	109	109	104	118	128	129	127	117	108	101	99	98	99	99	98	97	98	98	98	96	89	82	77	76	75	67	62	57	55	55	53	54	56	61	61	71	65	70	68	69	68	68	68	68	68	68	68	68	68	65	66	65	64	66	65	71	82	88	89	91	92	92	92	92	92	93	91	96	89	96	89	95	93	93	93	93	93	93	93	93	93	95	96	96	95	94	94	94	95	93	92	93	93	92	91	91	92	90	90	90	90	90	89	88	87	89	87	86	84	83	82	81	80	80	77	76	76	74	75	76	75	73	72	73	72	67	67	68	65	72	71	70	70	70	70	71	71	71	74	70	76	70	76	72	74	73	73	74	74	75	75	75	75	74	73	73	74	74	73	73	74	72	73	74	74	74	75	74	72	74	74	73	73	73	73	72	72	73	73	73	73	72	71	72	72	72	72	72	72	72	72	72	72	72	72	73	72	72	72	72	72	72	72	72	72	73	73	73	73	75	75	75	75	76	76	75	75	76	75	75	77	76	73	73	76	72	74	72	77	73	77	74	75	73	76	70	76	72	73	72	70	72	73	72	69	66	65	65	64	66	66	65	66	66	66	66	65	67	66	65	64	65	64	64	64	63	65	65	64	62	62	62	61
243	37	39	40	39	37	37	37	38	37	37	37	38	39	39	38	37	38	38	38	39	40	40	41	42	42	41	40	40	40	40	40	40	39	39	39	40	41	42	42	41	42	41	40	40	41	42	42	42	41	41	42	42	42	42	42	43	43	43	42	41	41	41	41	42	40	41	43	45	46	46	48	49	44	47	48	44	40	39	37	35	36	38	40	42	42	40	37	35	36	37	39	41	41	40	40	40	43	43	43	43	43	43	44	44	43	44	44	45	45	45	45	45	45	45	45	45	46	46	47	47	46	46	46	46	46	47	47	47	48	48	48	47	47	47	47	47	46	46	46	46	46	45	45	45	44	44	45	46	46	46	45	46	46	50	48	50	44	46	60	77	83	89	50	45	57	64	66	66	58	44	34	51	93	193	224	241	231	230	234	243	241	224	186	83	48	33	33	40	45	46	47	48	47	47	47	47	47	48	49	49	49	49	46	51	47	51	48	50	50	49	50	51	52	53	53	53	51	51	51	52	52	52	51	51	53	54	55	53	51	47	41	36	39	42	49	53	48	41	45	54	57	48	67	92	118	118	114	116	115	114	116	120	120	118	121	122	105	60	28	12	19	18	17	21	27	22	20	22	18	50	65	99	121	118	91	68	71	69	83	66	49	34	28	30	21	20	15	23	27	18	16	26	20	29	23	24	21	22	21	19	21	25	25	28	23	22	24	27	27	22	22	24	21	22	22	21	20	19	18	19	14	22	30	35	39	46	53	53	46	50	52	49	47	64	106	182	237	235	234	233	234	238	240	226	193	103	64	48	47	54	60	57	58	57	57	54	54	53	52	52	50	51	50	51	50	47	45	44	43	44	46	45	36	27	23	23	26	20	21	12	73	116	161	151	143	147	134	137	132	141	136	146	135	122	107	108	102	105	103	105	107	103	118	128	128	126	116	107	101	100	99	99	98	98	98	98	98	98	95	88	81	76	75	75	67	62	57	55	55	53	54	56	60	61	67	65	68	66	68	67	66	66	66	66	66	66	66	66	66	65	65	65	64	64	71	81	87	88	90	91	91	90	91	91	92	91	94	89	93	89	93	92	92	92	92	92	92	92	92	92	95	95	94	94	93	93	93	94	91	92	92	92	91	90	90	90	90	89	89	89	89	89	87	86	89	87	85	83	82	81	80	79	79	73	75	75	72	74	78	74	74	73	74	72	70	69	70	69	66	67	69	71	72	72	72	71	71	72	70	73	71	74	73	74	73	73	74	74	75	75	74	74	72	72	72	74	74	74	74	75	73	73	73	74	74	75	74	72	73	73	73	73	72	72	72	72	73	73	73	73	72	71	72	72	72	72	72	72	72	72	72	72	71	72	72	72	71	71	72	72	70	71	71	72	72	73	74	74	75	74	75	75	76	76	75	74	75	75	76	77	76	74	74	76	73	75	73	77	74	77	74	76	74	77	70	76	72	73	73	71	72	73	72	69	67	65	65	66	67	66	66	66	67	67	66	66	66	66	65	64	66	65	65	64	63	65	66	65	63	62	62	62
244	39	38	38	39	39	38	37	37	38	38	38	39	40	41	40	39	39	40	40	40	40	41	41	41	42	41	40	40	41	41	42	41	43	42	41	42	42	41	40	40	43	42	41	41	42	42	42	42	42	43	43	43	43	43	44	44	44	43	43	42	42	43	44	44	44	44	43	42	42	44	47	48	44	50	49	40	37	41	42	38	39	39	38	37	36	36	37	37	40	41	44	45	45	45	44	44	43	43	43	42	42	42	42	42	44	44	45	46	46	46	46	45	46	46	46	46	46	46	47	47	47	47	47	47	47	47	47	47	48	48	48	48	48	48	48	48	47	47	47	47	47	46	46	46	44	45	46	46	46	47	46	45	53	47	52	49	41	48	79	80	84	80	42	47	61	65	68	71	58	45	36	52	93	193	225	242	232	231	235	243	241	223	185	84	52	37	37	43	48	49	49	50	51	50	49	48	48	48	48	49	48	50	47	51	47	52	49	49	50	50	50	51	52	53	53	53	53	53	53	53	54	54	52	51	51	52	53	53	53	52	46	40	40	47	53	54	48	44	47	52	57	49	67	91	117	117	113	115	114	113	115	118	118	116	117	125	112	74	43	18	19	18	17	18	17	16	12	15	22	52	62	109	120	124	105	94	93	89	91	65	59	42	51	52	45	46	50	35	28	12	13	24	22	31	27	28	28	28	28	33	30	26	22	18	21	22	22	24	24	25	24	24	24	25	26	27	27	28	30	31	31	37	40	40	41	47	53	51	48	49	49	45	42	63	106	182	237	237	234	233	234	238	240	224	188	100	62	47	45	51	57	55	55	55	55	55	55	55	53	53	51	51	52	52	50	47	44	42	40	43	45	44	36	26	21	23	22	16	18	14	72	109	159	156	144	151	138	144	133	141	135	148	138	123	106	110	103	110	107	106	105	102	117	127	127	126	116	106	100	100	99	98	98	98	98	97	98	98	95	88	81	75	74	73	67	61	56	54	53	51	52	54	59	63	62	68	65	67	67	69	66	66	66	66	66	66	66	66	66	64	65	65	62	63	71	80	87	88	90	90	90	90	90	91	92	91	93	89	92	89	92	92	91	91	91	91	91	91	91	91	95	95	94	93	91	90	90	91	89	91	91	91	90	89	89	88	90	89	89	89	89	89	87	86	89	87	85	83	82	81	80	80	80	74	75	75	71	72	75	71	71	71	70	68	68	67	67	70	68	69	70	71	71	71	70	69	71	70	72	69	73	71	74	73	72	72	73	74	74	74	74	73	75	75	75	74	74	73	72	72	75	74	73	73	73	73	73	73	73	73	73	73	72	72	72	72	73	73	73	73	72	71	72	72	72	72	72	72	72	72	72	72	72	72	73	72	72	72	72	72	73	73	73	72	71	71	70	70	74	74	74	75	76	75	74	73	71	74	75	73	73	74	74	73	74	76	74	78	74	78	74	76	74	78	71	77	73	74	73	71	73	72	72	69	67	65	65	66	67	66	66	66	67	67	67	66	65	65	65	64	66	66	65	65	63	64	65	66	64	63	63	64
245	40	38	38	39	40	39	38	38	41	40	41	42	43	43	43	43	40	41	41	40	40	41	41	40	41	41	40	41	41	42	42	42	45	43	42	43	43	42	42	43	44	43	43	43	43	44	44	43	43	44	44	44	43	43	44	44	44	44	44	44	44	45	45	45	45	45	44	42	42	45	47	48	50	46	42	42	43	43	41	39	39	40	40	40	40	39	38	38	37	39	41	42	42	42	42	42	45	45	45	45	45	45	45	45	45	46	46	46	47	47	47	47	48	47	47	47	47	47	47	47	48	49	49	49	49	49	49	49	49	49	49	49	48	48	48	48	49	49	48	48	48	48	48	48	49	50	51	50	51	51	51	49	56	45	52	49	44	62	92	81	79	65	39	48	64	66	68	69	58	46	38	54	94	193	225	242	232	231	235	244	241	223	185	85	53	38	38	45	49	49	49	49	52	52	52	52	52	53	53	54	51	54	51	54	50	55	51	51	50	50	50	51	52	53	53	53	52	52	52	53	53	52	51	50	47	49	52	53	55	53	48	42	42	47	52	52	47	45	47	51	58	49	68	90	115	116	112	113	113	112	115	114	115	115	114	125	111	91	65	27	16	17	19	17	16	14	8	6	19	50	64	108	105	110	105	105	105	100	93	65	77	70	77	76	80	91	98	58	29	8	19	25	24	30	33	38	44	42	42	45	44	36	34	21	20	21	19	23	24	32	32	32	35	37	39	41	43	45	48	49	46	53	55	48	42	45	52	56	51	51	48	43	40	61	104	182	237	237	234	233	234	238	238	224	189	98	59	40	37	43	52	53	49	50	50	51	51	52	51	51	50	51	52	51	49	47	44	43	41	46	47	44	37	26	19	23	17	19	19	9	63	104	160	155	143	149	141	145	130	135	132	145	134	119	108	116	110	117	113	106	104	101	117	125	126	126	115	105	99	100	99	97	97	98	98	96	98	98	95	88	81	75	73	72	67	62	56	54	53	51	53	54	56	61	57	68	62	65	64	66	64	64	64	64	63	63	63	63	66	62	64	65	61	62	72	79	87	87	89	89	89	89	90	91	91	91	92	90	91	90	91	91	90	90	90	90	90	90	90	90	91	92	92	91	91	91	91	92	91	92	92	91	90	90	90	89	89	89	89	89	89	88	87	86	87	85	84	83	82	81	80	79	76	73	73	73	72	73	74	72	68	70	67	65	67	66	65	70	71	70	70	69	69	70	71	71	71	69	73	68	74	69	74	72	72	72	72	73	73	73	73	73	74	74	74	73	73	74	74	73	76	74	73	73	73	72	72	73	74	74	73	73	73	73	72	72	73	73	73	73	72	71	72	72	72	72	72	72	72	72	72	72	72	72	73	73	72	72	72	73	73	72	72	72	72	71	71	71	75	74	74	74	75	75	74	73	71	74	75	73	72	75	75	73	74	76	74	78	74	78	74	76	74	78	71	77	73	74	73	71	73	72	71	70	67	65	65	68	68	67	67	67	67	67	66	66	64	64	65	65	67	66	66	66	63	63	65	66	64	63	63	64
246	41	40	40	41	41	40	40	42	39	39	38	39	40	40	40	40	41	42	42	41	41	43	43	41	44	43	43	44	44	44	44	43	45	43	42	44	45	45	46	48	44	44	44	45	46	46	46	46	45	46	46	46	45	45	45	46	46	46	46	46	47	46	46	46	44	46	47	46	45	46	46	44	47	42	41	45	48	44	41	40	39	41	45	47	48	45	42	40	44	45	47	48	48	49	49	50	48	48	48	48	49	49	49	49	48	48	48	48	48	49	49	49	49	49	49	49	49	49	50	50	51	51	51	51	51	51	51	51	51	51	50	50	50	50	50	50	51	51	51	51	51	51	51	51	49	51	51	50	50	51	51	49	53	51	51	51	45	75	90	88	78	57	46	53	71	74	74	69	59	48	41	57	97	194	225	242	232	230	234	244	241	223	186	87	53	39	39	46	50	49	48	47	48	48	49	50	51	52	53	54	51	53	50	52	48	52	48	47	50	50	50	50	51	52	52	52	51	51	51	51	51	50	48	47	47	48	50	51	53	52	49	44	47	46	48	51	49	45	47	52	57	49	67	88	113	113	109	110	111	111	113	109	111	113	109	122	110	92	70	33	19	13	14	15	19	14	10	4	14	52	79	103	99	95	105	103	110	99	92	67	75	80	71	77	86	96	100	61	35	7	23	26	31	34	42	46	59	60	62	58	63	58	61	37	22	21	19	32	36	45	43	46	43	44	46	47	48	49	50	51	44	51	54	48	41	45	50	52	49	50	49	45	45	65	106	181	237	237	234	233	234	238	238	223	190	99	59	39	37	44	52	51	49	49	49	50	49	49	48	48	48	49	49	49	48	47	46	44	46	51	50	46	38	25	16	21	20	26	24	11	63	102	160	152	149	141	130	138	132	139	134	133	132	118	114	123	119	123	119	107	103	101	116	124	125	125	115	104	99	99	98	97	96	98	97	95	96	97	94	88	81	75	73	72	67	62	56	54	53	52	53	56	56	61	59	66	65	61	65	64	63	63	63	63	62	62	62	62	65	60	63	65	60	63	74	80	86	87	88	88	88	88	89	90	89	90	90	91	90	90	90	90	90	90	90	90	90	90	90	90	88	89	90	91	91	91	92	92	90	92	92	90	89	90	90	89	88	87	87	87	87	86	85	84	83	82	81	81	80	79	78	77	71	72	71	71	73	73	71	72	71	74	71	70	74	71	69	76	69	69	69	69	70	71	72	73	70	70	71	71	72	71	71	71	71	71	71	71	72	72	72	73	71	73	73	71	72	74	75	75	75	73	72	74	74	73	72	73	74	74	74	73	73	73	73	73	73	73	73	73	72	71	72	72	72	72	72	72	72	72	72	72	72	72	73	72	72	72	72	73	70	70	71	72	72	73	74	74	75	74	74	74	74	74	74	74	74	74	74	75	74	73	74	76	75	77	75	80	76	80	77	78	76	80	73	79	75	76	75	73	73	72	71	70	68	66	67	70	71	70	69	68	68	67	66	65	65	65	66	66	68	67	67	66	64	64	65	67	64	62	62	64
247	42	41	43	43	42	40	42	46	46	45	44	44	44	45	45	45	42	44	44	43	43	45	45	44	47	47	47	47	47	47	46	45	50	46	45	46	46	45	45	47	44	44	45	46	48	49	48	48	48	49	49	49	48	47	47	48	47	48	48	48	48	47	47	46	46	48	48	46	46	48	49	49	48	49	49	47	45	44	45	45	43	43	44	45	45	46	46	46	42	44	45	46	46	47	48	49	47	47	47	48	49	50	50	50	50	50	50	50	50	51	51	52	50	50	50	51	51	52	52	53	52	52	52	52	52	52	52	52	52	52	52	52	52	52	52	52	53	53	53	53	54	54	54	54	54	56	56	54	54	55	55	53	51	62	54	53	41	77	81	93	79	53	49	48	65	72	73	64	59	49	44	60	99	195	225	241	231	229	234	244	242	223	187	88	55	41	42	48	52	51	50	49	54	54	54	53	53	53	53	53	55	58	54	56	51	55	50	49	50	50	49	50	51	51	51	51	52	52	52	52	52	51	48	47	49	49	49	48	49	50	49	47	52	45	45	52	51	44	45	54	57	49	66	87	111	111	107	107	109	110	111	105	108	111	106	119	114	84	62	38	25	9	7	14	11	8	16	11	18	62	97	98	94	83	103	95	106	87	77	52	54	70	52	72	81	78	75	53	43	7	23	25	38	40	48	48	66	73	81	74	84	79	80	44	24	21	22	44	52	57	53	57	51	52	52	52	51	49	49	49	48	51	50	45	43	48	52	49	49	49	48	44	44	64	104	180	238	237	235	233	233	237	238	223	187	96	57	40	39	44	51	49	48	49	49	50	50	49	49	48	47	47	48	48	48	47	47	46	50	56	53	47	39	25	15	20	16	19	18	10	62	95	151	144	131	131	132	139	125	124	123	124	123	111	113	123	122	126	125	113	103	101	116	124	124	125	115	104	98	99	98	96	95	97	97	95	95	96	94	88	81	75	73	72	64	59	53	51	51	50	52	54	57	60	61	64	68	57	66	63	61	61	61	62	62	62	62	62	64	58	62	65	59	63	75	81	86	86	87	87	87	88	89	90	88	89	89	91	89	89	88	89	89	89	89	89	89	89	89	89	92	93	93	92	90	88	87	86	87	88	88	85	84	86	86	85	84	84	84	84	84	83	82	80	79	78	78	77	77	76	74	73	72	75	72	70	73	70	66	68	66	70	67	67	72	68	65	72	69	70	71	72	72	71	70	69	69	72	69	74	69	73	69	70	71	71	71	70	71	71	72	73	73	74	73	71	70	72	73	72	73	72	72	74	75	73	72	73	74	74	74	74	73	73	73	73	73	73	73	73	72	71	72	72	72	72	72	72	72	72	72	72	71	72	72	72	71	71	72	72	72	72	72	72	72	72	72	72	76	75	74	73	74	74	74	74	76	71	71	75	74	69	70	76	74	76	74	79	76	80	78	79	76	79	73	79	75	76	75	73	73	72	71	71	69	67	69	72	73	72	70	69	68	67	65	64	66	67	67	67	68	68	67	66	65	64	65	67	64	62	61	63
248	45	41	45	47	42	44	48	44	46	47	48	48	48	48	47	46	48	47	47	46	46	45	45	45	48	47	46	46	47	48	48	47	45	45	45	46	48	49	50	50	46	47	49	49	48	48	48	48	48	50	51	50	51	52	51	48	53	52	50	49	49	50	50	50	49	48	48	49	50	50	50	50	49	51	52	49	48	48	48	46	43	44	46	48	49	49	47	46	51	50	49	48	49	50	51	51	52	52	52	52	52	52	52	52	54	54	53	51	50	52	55	58	55	55	54	53	53	54	55	56	54	54	54	54	55	55	55	55	55	55	55	55	56	56	55	54	55	53	53	55	56	55	54	56	57	57	56	57	57	56	55	54	61	56	57	58	46	73	92	87	76	46	42	60	67	71	74	66	62	52	46	61	104	192	227	240	231	231	235	244	242	221	185	90	57	43	42	48	52	51	51	51	53	54	54	54	54	54	55	55	53	57	55	58	52	56	49	47	48	51	51	47	48	52	54	51	52	52	52	53	53	51	48	46	43	47	51	51	51	52	50	47	47	45	49	47	45	46	46	53	53	50	62	86	111	109	110	106	107	109	105	106	110	108	108	119	112	84	56	39	26	16	15	23	17	7	12	18	42	69	98	100	83	74	64	68	77	71	56	56	56	59	59	68	70	71	73	56	40	13	30	20	27	31	30	50	65	79	77	71	91	75	71	43	27	26	31	43	54	57	56	55	54	53	53	52	52	51	51	51	46	51	52	48	44	47	51	51	49	51	50	44	43	62	103	179	238	237	235	233	233	237	238	223	188	97	56	38	37	43	47	48	44	47	50	50	48	46	48	50	48	49	50	50	48	46	45	44	49	50	51	59	36	28	11	21	14	22	15	14	64	91	137	139	128	129	128	128	126	124	122	121	122	116	115	122	120	132	122	116	106	107	116	121	125	123	110	104	101	100	98	98	97	97	97	96	97	95	92	88	83	76	74	73	66	55	53	53	54	52	50	56	54	57	61	64	64	63	64	66	66	62	62	64	63	59	58	61	60	61	61	60	59	62	73	83	87	84	83	83	86	88	88	87	88	87	87	92	86	91	86	91	91	90	84	90	86	90	86	89	89	89	89	89	89	88	88	88	90	89	86	85	85	87	88	88	85	85	84	81	80	82	82	81	81	79	78	76	76	75	75	74	73	73	73	72	70	69	68	68	67	67	67	66	66	66	68	69	69	69	70	72	73	73	72	70	69	72	72	68	68	72	73	72	71	71	72	72	73	73	73	73	73	73	72	72	72	72	73	73	72	74	71	76	71	76	73	74	74	73	72	71	71	71	72	73	71	71	72	72	72	72	71	71	72	74	74	72	71	72	73	71	71	71	72	73	73	73	72	72	71	71	71	71	71	72	72	72	75	76	75	73	73	75	75	74	73	75	74	72	71	74	76	75	77	78	80	80	79	78	77	77	78	81	77	75	78	77	74	78	74	73	67	69	69	66	71	72	70	71	73	74	70	66	65	68	65	66	66	66	69	69	68	68	66	64	63	65	64	63	64	66
249	47	43	46	48	43	45	48	44	47	47	48	49	49	48	47	47	49	48	48	48	47	47	47	47	48	47	47	48	49	50	51	50	52	51	51	51	51	51	50	49	49	50	51	51	50	50	51	51	51	53	53	51	51	51	50	48	51	51	51	52	52	52	51	50	51	51	50	50	51	51	50	50	49	51	52	50	48	49	49	48	46	46	47	49	50	49	48	47	46	47	49	51	53	54	54	53	50	50	50	50	50	50	50	50	50	53	56	58	58	56	53	51	56	56	55	55	55	55	56	57	56	56	56	56	56	56	56	56	56	55	55	56	57	57	56	56	57	55	55	56	57	56	56	57	57	57	57	57	57	57	56	55	59	60	60	58	49	76	92	87	74	46	43	61	69	73	76	69	64	53	47	62	104	192	227	239	231	231	235	244	242	221	185	91	58	43	43	49	53	52	51	50	53	54	55	55	55	55	55	55	55	56	57	55	56	54	52	48	48	46	47	51	51	47	47	50	49	49	49	50	51	49	45	43	44	47	50	51	51	51	50	48	48	45	48	46	45	47	46	51	52	48	61	84	108	106	106	103	104	106	104	104	108	106	108	118	103	80	52	34	32	41	42	33	16	6	14	28	52	72	96	101	91	64	34	25	37	43	38	42	51	70	78	76	70	67	64	46	47	21	23	22	13	15	6	43	56	76	76	71	81	66	61	39	31	30	33	43	52	56	55	53	53	53	52	52	51	51	50	50	46	51	52	47	44	47	51	51	49	50	47	43	41	60	103	179	238	237	235	233	233	237	237	223	185	96	55	36	38	42	47	47	46	44	43	45	48	49	47	45	47	47	48	48	48	48	47	46	42	43	51	63	49	37	12	13	16	21	16	14	60	84	127	129	125	125	125	126	124	123	122	122	122	116	115	121	119	130	121	116	111	110	116	119	123	122	111	106	100	99	98	98	97	97	96	96	96	94	91	86	81	75	73	73	66	55	53	52	53	52	50	56	57	60	63	65	64	62	62	62	63	63	63	61	60	60	59	58	61	61	61	59	57	60	71	81	83	85	87	86	84	84	87	89	88	87	87	89	86	87	84	88	88	86	88	89	91	88	88	87	89	89	89	88	88	87	87	87	87	86	85	85	85	86	87	87	84	85	84	82	81	83	83	82	80	78	77	75	75	75	74	73	72	72	72	70	69	68	67	67	67	67	67	67	66	67	68	69	69	70	70	71	72	72	71	70	70	70	72	73	72	71	70	71	71	71	72	72	72	72	72	72	72	72	72	72	72	72	72	72	72	71	72	71	73	72	72	72	71	72	73	73	73	73	72	71	71	72	72	72	72	72	72	72	71	73	73	72	71	73	73	72	71	71	72	72	72	72	72	72	74	74	74	73	73	73	73	73	74	75	75	73	73	74	75	74	73	75	74	72	71	73	74	74	76	77	79	80	79	78	78	78	77	78	76	75	77	76	75	77	75	74	68	69	69	66	71	71	75	70	67	68	69	68	66	66	67	67	67	66	68	68	68	69	67	64	63	65	63	62	63	64
250	49	46	48	49	46	47	49	46	48	48	49	49	49	49	48	48	50	50	50	49	49	50	50	50	52	51	51	51	51	51	50	49	49	49	48	49	49	50	49	49	52	52	53	52	52	52	53	54	50	51	52	52	52	53	53	52	52	52	52	53	54	54	53	52	54	53	52	52	52	52	51	50	51	52	52	50	49	50	51	50	49	49	49	50	51	50	49	48	49	49	51	53	54	55	54	53	56	56	56	56	56	56	56	56	56	56	56	56	57	56	55	54	57	57	57	57	57	57	57	58	59	59	58	57	57	57	57	58	57	57	57	57	58	58	58	57	59	57	57	58	59	58	58	58	58	57	57	58	58	58	57	57	59	65	64	58	56	79	91	87	75	51	48	63	70	73	74	68	67	55	48	63	105	192	226	239	231	231	234	243	242	222	185	91	59	44	45	51	54	52	51	50	53	54	56	56	56	55	55	55	56	55	59	54	59	53	55	50	52	49	50	54	54	50	49	52	51	51	52	53	54	52	48	45	44	47	49	50	50	51	50	49	49	44	46	44	45	47	45	49	46	42	56	79	105	106	106	104	101	103	103	103	105	104	107	117	105	76	43	23	23	40	46	33	20	9	14	31	55	74	98	108	97	62	27	8	17	26	24	29	42	63	69	63	57	54	54	47	47	29	25	20	8	6	0	41	56	78	75	72	73	62	55	40	37	36	38	44	51	54	54	53	53	53	53	52	52	51	51	51	46	51	52	47	44	46	50	51	48	47	47	43	41	60	102	178	238	237	235	233	233	237	237	223	185	96	56	37	38	43	47	46	43	44	46	46	46	46	47	49	47	48	48	49	49	49	48	48	46	43	49	54	44	30	12	13	15	19	17	17	61	85	125	126	120	121	121	122	122	121	122	123	122	117	116	120	118	126	120	117	113	112	118	120	123	122	110	106	98	98	97	97	97	96	96	95	96	94	90	84	79	74	72	72	66	56	53	52	53	51	49	55	55	58	63	65	64	63	63	63	60	63	63	59	58	61	60	56	59	60	61	61	60	63	72	82	82	84	87	86	84	83	85	87	87	86	88	88	89	87	89	90	91	86	88	83	89	83	87	86	88	87	87	86	86	85	85	84	87	86	86	86	85	85	83	82	81	82	81	80	80	80	80	79	76	74	73	71	71	71	70	69	68	67	66	65	64	64	64	64	65	65	65	65	64	65	66	67	70	69	69	70	71	72	71	71	73	70	71	75	74	69	69	72	71	71	72	72	72	72	71	71	71	71	72	72	72	72	71	71	72	70	74	68	74	69	73	70	70	71	72	73	73	73	72	72	73	72	72	72	73	73	73	73	70	72	73	72	71	72	73	73	72	72	72	72	72	72	72	72	70	70	70	70	70	69	69	69	74	75	74	73	73	74	74	73	73	74	74	73	72	72	73	73	75	76	78	79	79	79	79	79	77	75	77	78	76	76	77	76	75	74	68	69	69	66	71	71	74	71	68	68	69	68	67	66	69	68	67	66	67	68	68	69	68	66	64	65	63	62	62	63
251	49	48	49	50	49	49	50	49	49	50	50	50	50	50	50	49	51	51	51	51	51	51	52	52	53	53	52	53	53	52	50	49	52	51	51	52	53	54	53	53	53	53	53	52	52	52	53	54	51	52	52	53	53	55	55	55	56	54	53	52	53	54	55	55	54	54	53	52	52	52	51	51	52	53	53	52	51	52	52	53	52	52	51	51	52	52	51	50	53	52	52	52	53	54	55	55	56	56	56	56	56	56	56	56	61	58	54	53	54	56	58	59	57	58	58	58	59	58	58	58	60	60	59	58	58	58	59	59	59	59	58	59	59	59	58	58	60	59	58	59	59	59	59	59	58	58	58	58	59	59	59	59	60	66	64	61	65	79	86	87	73	53	51	64	71	73	73	69	69	55	48	63	105	192	226	239	231	231	234	243	242	222	186	92	60	46	46	52	55	53	51	49	53	55	56	57	57	56	55	55	56	55	58	55	58	54	54	51	46	49	48	44	44	48	49	46	48	48	49	50	51	49	45	42	45	47	49	49	50	50	50	50	49	44	44	42	44	49	46	49	43	37	53	75	102	105	103	103	100	102	103	103	102	102	107	115	106	70	39	27	21	25	28	23	16	9	12	28	49	69	91	104	92	61	35	9	9	12	11	16	23	31	31	31	35	33	36	43	41	35	34	13	13	8	5	42	65	81	72	71	68	65	54	43	43	42	43	47	52	54	54	53	53	53	53	52	52	52	51	51	46	50	51	46	43	46	50	50	47	46	46	42	41	60	102	178	238	237	235	233	233	237	238	223	185	96	56	40	39	44	47	47	43	47	50	49	44	43	47	50	48	48	48	48	49	49	49	49	50	44	47	40	29	17	11	19	16	18	20	17	62	92	130	123	118	118	118	120	120	121	122	123	120	114	115	116	115	120	117	115	111	111	119	122	125	122	109	103	97	97	97	97	97	96	95	94	96	94	90	83	78	73	72	71	65	56	54	52	52	51	50	55	53	58	62	64	64	64	64	64	60	62	62	59	58	60	59	57	58	59	61	61	61	63	71	80	83	81	81	83	85	85	83	81	85	85	86	84	89	82	89	86	90	87	88	85	88	85	88	88	89	89	88	87	86	86	85	85	85	84	84	84	83	83	81	80	81	81	81	81	80	80	79	78	77	76	74	72	71	71	70	69	69	68	66	65	65	65	65	65	64	63	62	60	59	61	63	65	69	68	68	69	70	71	71	71	74	72	71	72	71	70	71	74	71	71	71	72	71	71	71	70	70	71	71	72	72	71	71	70	73	71	74	70	73	70	72	71	73	72	71	71	71	71	73	73	73	73	72	72	72	72	73	73	71	72	72	72	71	72	72	72	72	72	71	71	71	71	72	72	72	72	72	72	72	72	71	71	74	74	74	73	73	73	73	73	73	73	74	73	72	72	73	73	75	76	78	79	79	79	79	80	79	75	79	81	76	77	80	75	74	74	69	69	69	67	72	72	70	72	75	74	71	68	68	69	68	68	67	66	67	67	68	68	68	67	65	65	63	63	63	63
252	49	50	50	50	51	51	51	52	51	51	51	51	51	51	51	51	51	51	51	51	51	52	52	53	50	50	51	52	54	54	54	53	54	54	53	53	53	53	52	51	53	53	53	53	52	53	54	55	56	56	55	55	54	53	53	53	57	56	54	54	54	55	56	56	54	53	52	52	53	53	52	52	54	54	54	54	53	53	54	55	54	53	53	52	53	53	52	51	52	51	52	53	55	57	58	58	54	54	54	54	54	54	54	54	56	56	56	57	59	59	57	56	57	58	59	59	59	59	58	58	60	59	59	59	59	59	59	60	61	60	60	60	60	60	59	58	60	59	59	59	59	60	59	59	59	59	58	59	60	60	60	60	62	63	63	65	75	77	79	84	66	52	51	62	71	75	76	74	69	55	47	63	106	192	226	240	231	231	234	243	242	222	187	93	60	46	47	53	56	53	51	49	53	55	56	57	57	56	56	56	56	57	54	58	54	56	51	51	50	53	52	48	49	53	54	51	48	48	48	50	50	48	45	42	45	46	48	49	49	49	49	50	49	43	42	40	44	50	48	49	46	37	55	73	98	102	98	99	102	102	104	104	101	102	107	111	96	60	32	25	21	18	16	16	15	14	16	29	49	72	89	102	92	60	40	7	2	4	5	11	10	14	16	19	27	29	30	40	42	39	31	12	13	9	5	42	64	80	71	69	62	63	50	45	46	46	46	48	51	54	54	53	52	52	51	51	51	50	50	50	46	50	50	46	43	46	50	50	45	46	45	42	39	59	100	178	238	237	235	233	233	237	238	223	187	98	57	40	39	44	48	47	49	46	45	46	49	50	47	45	48	48	48	48	47	47	47	47	46	41	45	40	29	19	12	19	17	19	23	16	61	97	131	116	116	117	117	119	119	120	121	122	117	109	112	111	111	114	113	112	109	109	118	121	124	122	108	102	96	96	96	97	96	96	95	94	95	94	89	81	76	72	71	70	64	56	55	51	51	51	50	55	55	60	64	63	62	62	62	60	62	60	59	61	60	58	58	59	61	60	60	58	57	60	69	77	85	83	83	84	86	87	85	82	84	86	85	84	88	81	89	84	84	87	87	91	88	90	86	86	88	87	87	86	85	84	84	84	84	84	83	83	84	85	85	85	80	80	80	80	79	77	75	75	76	75	72	70	69	68	67	66	67	65	64	63	63	64	63	63	64	62	59	56	55	58	62	66	67	67	66	67	69	70	71	71	71	73	72	70	69	72	74	73	71	71	71	72	71	71	71	70	70	70	71	71	71	71	70	70	72	73	70	73	70	73	70	71	73	72	71	70	70	71	72	72	73	73	72	71	71	71	71	71	72	72	72	72	71	71	71	72	72	72	71	71	71	71	72	72	71	71	72	72	72	72	72	72	73	73	73	73	73	73	73	73	72	72	73	73	73	72	73	74	76	77	78	79	79	78	79	79	80	76	79	81	76	77	79	75	73	74	69	69	69	68	74	73	71	74	76	75	72	70	70	70	66	66	66	66	68	68	68	67	67	66	65	64	62	62	62	61
253	49	51	50	50	53	53	51	54	52	52	52	52	52	52	52	52	52	52	51	51	52	52	52	53	51	51	51	52	53	54	54	53	51	50	50	51	52	52	52	51	54	55	55	55	54	54	55	56	56	55	55	56	56	54	54	54	56	56	56	57	57	57	55	54	54	54	53	53	54	54	54	53	56	55	55	56	55	54	55	56	55	54	53	53	54	53	53	52	50	52	54	56	57	57	56	54	57	57	57	57	57	57	57	57	55	55	57	58	59	59	57	56	58	58	59	59	60	59	59	59	59	59	59	59	59	59	59	59	61	60	60	60	60	60	59	58	59	60	59	58	59	60	60	58	60	59	59	59	60	61	61	60	64	60	62	69	81	76	75	77	63	54	52	61	71	74	76	76	70	54	46	63	106	192	226	241	231	231	234	243	242	222	187	94	61	47	47	53	56	54	51	49	53	55	56	57	56	56	56	56	55	57	53	59	53	56	49	50	47	44	45	49	50	46	45	48	50	50	50	51	52	50	47	45	45	45	47	49	50	49	49	50	48	43	42	39	43	51	49	50	45	35	54	71	97	102	97	100	102	101	103	104	100	102	106	107	101	68	31	13	13	17	19	21	17	17	13	24	44	71	89	106	98	60	44	8	5	8	7	7	6	12	19	15	20	33	39	46	46	40	19	18	7	10	1	48	58	77	75	70	59	57	45	46	44	46	47	48	50	52	52	51	49	49	49	49	48	48	48	48	46	50	50	45	42	45	49	50	46	47	46	42	39	59	100	177	238	237	235	233	233	237	238	223	188	98	57	40	41	45	49	48	47	47	47	47	48	48	48	46	48	48	48	47	47	47	46	46	51	45	45	45	36	29	15	16	19	19	27	20	64	102	132	114	114	115	116	118	118	118	119	120	116	106	110	108	111	111	111	110	110	109	116	119	122	121	109	104	97	96	96	96	96	96	96	95	94	94	89	80	74	71	70	68	61	55	54	50	50	51	50	55	54	59	63	61	60	61	62	60	62	58	58	61	61	57	57	60	62	60	58	56	56	62	73	82	79	81	84	83	81	80	80	82	81	87	83	86	90	86	95	90	91	93	87	89	82	87	84	86	87	87	86	85	85	84	84	84	87	85	83	82	81	82	82	81	84	83	83	83	81	79	77	77	75	73	71	69	68	67	65	65	66	64	63	62	63	63	62	61	61	60	57	55	56	59	63	67	66	65	65	66	67	69	70	70	66	71	73	70	70	74	73	70	71	71	72	72	72	72	71	71	70	71	71	71	71	71	71	70	70	72	68	73	68	73	69	71	71	71	72	73	72	71	70	69	72	72	71	71	70	70	70	70	72	71	72	72	71	70	70	71	72	72	71	71	71	71	71	71	69	69	69	69	69	70	71	71	74	73	73	74	74	73	72	73	73	72	72	73	73	72	73	75	77	78	79	79	78	78	78	79	79	77	78	79	76	76	77	75	72	74	69	69	69	69	75	73	75	73	71	69	71	73	71	69	66	66	67	67	69	68	68	68	66	65	64	62	60	61	61	59
254	49	53	50	49	54	53	50	54	53	53	53	53	53	53	53	53	52	52	52	52	52	52	52	53	55	54	53	52	52	52	52	51	53	53	53	54	56	57	58	58	54	55	55	55	55	55	55	56	54	53	54	57	57	56	56	57	56	56	56	57	58	58	57	56	56	56	55	56	56	57	56	56	57	56	57	58	57	55	55	57	54	54	53	54	54	54	53	52	51	52	54	56	57	56	54	52	55	55	55	55	55	55	55	55	58	58	57	57	56	57	59	60	59	59	59	60	60	60	60	60	59	60	60	60	60	59	59	58	59	59	59	59	60	60	60	59	59	60	60	58	59	60	60	58	61	60	59	59	60	60	61	60	65	58	63	71	84	77	74	69	64	57	55	61	70	74	75	76	71	54	45	63	106	192	226	240	231	231	234	243	242	222	187	94	61	47	47	53	56	54	51	50	54	55	56	56	55	55	56	56	56	56	55	58	56	53	49	49	50	48	49	53	53	49	48	51	48	47	47	47	48	47	45	43	44	44	47	50	50	48	48	50	49	44	43	39	42	50	49	50	43	31	53	69	96	103	98	102	101	98	101	103	99	101	105	102	91	77	50	34	35	30	22	24	26	26	20	33	48	69	83	104	94	57	46	7	5	8	5	1	5	3	9	5	9	27	37	46	44	38	16	20	6	11	4	48	59	75	77	68	60	56	45	47	43	46	48	48	49	51	51	49	49	48	48	48	48	48	47	47	46	50	49	45	41	45	49	50	47	48	46	42	39	59	100	177	237	237	235	233	233	238	238	223	188	98	57	39	41	47	49	51	43	48	51	51	46	45	47	49	47	47	48	48	48	47	47	46	55	50	47	49	36	34	17	19	23	20	34	30	70	101	128	114	111	112	113	116	116	116	117	118	112	101	105	103	107	107	107	105	109	109	116	119	122	120	108	102	97	96	96	96	96	96	96	96	92	92	87	78	73	70	68	65	58	52	52	48	48	49	49	54	56	61	64	62	61	63	64	62	61	60	60	61	60	60	59	60	60	59	58	58	59	63	72	80	86	88	90	90	87	86	87	88	86	95	87	94	93	92	100	94	103	104	100	96	92	95	96	97	99	99	99	98	98	97	97	97	95	94	91	89	88	87	86	85	82	80	79	80	79	76	75	76	72	70	68	66	66	65	64	63	64	63	61	61	61	61	60	58	54	55	56	57	58	61	64	66	66	65	65	65	66	67	67	67	66	68	70	71	71	71	71	71	71	71	72	72	72	72	72	72	71	71	71	71	71	71	71	71	70	71	70	71	70	71	71	71	70	71	72	72	72	71	70	70	70	71	71	71	71	71	71	71	71	70	71	72	71	70	70	72	71	72	72	72	72	71	71	71	75	74	73	72	72	73	74	75	74	73	73	75	75	73	72	73	75	73	73	74	73	72	73	76	77	78	79	78	78	78	78	79	78	79	78	77	78	77	76	77	72	75	69	69	69	70	75	73	74	73	70	69	70	73	71	68	69	68	68	67	69	69	69	69	67	67	65	62	60	61	60	58
255	49	54	50	49	54	52	49	54	54	54	53	53	53	53	54	54	53	53	53	52	52	52	53	53	53	53	52	52	53	54	54	54	54	54	53	53	54	54	54	53	53	54	55	55	55	54	54	55	56	55	56	58	58	55	54	55	58	56	55	55	56	57	58	59	59	58	57	58	58	58	58	57	58	57	58	59	58	56	55	57	54	53	53	54	54	54	53	52	50	50	51	53	55	57	58	58	56	56	56	56	56	56	56	56	57	59	60	59	58	57	58	59	60	60	60	60	60	60	60	60	60	60	61	61	61	59	58	57	58	58	58	59	60	61	60	60	60	61	60	59	59	61	60	58	61	60	59	59	60	60	60	60	65	58	65	71	84	79	75	63	61	56	55	61	71	75	77	80	71	54	45	63	106	191	225	240	231	231	234	243	242	223	188	94	61	46	47	52	56	54	52	50	54	54	55	55	55	55	55	56	57	54	58	56	60	51	50	48	48	51	50	45	45	49	50	47	51	50	49	49	50	49	47	46	44	44	47	50	50	48	48	50	49	45	44	39	42	50	49	50	44	32	54	69	94	102	95	100	99	95	99	102	98	101	104	98	97	112	120	128	128	97	65	61	49	51	49	67	77	82	82	99	94	58	51	10	3	6	7	7	14	0	5	11	15	27	34	43	39	38	25	14	7	8	8	37	65	74	73	62	60	57	46	45	43	47	49	50	50	51	50	48	49	49	49	49	49	49	48	48	46	50	49	45	41	43	49	50	47	49	47	41	40	59	100	177	237	237	234	233	233	238	238	223	189	99	57	40	40	46	51	51	46	46	46	48	49	50	49	47	46	47	48	48	49	48	47	47	46	48	48	55	36	35	19	25	30	23	39	38	72	95	119	109	108	110	111	114	114	115	115	116	105	93	97	95	101	100	100	97	107	108	118	122	125	121	106	99	97	97	96	96	96	96	97	97	90	91	86	77	71	68	66	63	56	51	50	46	46	48	48	53	59	64	65	61	59	60	60	58	58	61	61	58	58	61	61	58	57	58	60	60	59	59	62	67	64	62	61	62	64	64	62	60	57	66	53	60	52	51	55	49	51	56	65	62	67	63	64	59	64	64	64	64	64	63	63	63	62	61	60	60	60	61	60	60	61	59	58	59	58	55	55	56	56	54	53	51	51	51	50	49	50	48	47	47	47	47	45	43	47	50	54	58	60	62	63	64	66	65	65	65	66	66	66	65	70	67	67	69	70	68	70	74	71	71	72	72	73	73	73	73	72	71	71	70	70	71	71	72	72	70	74	69	74	70	74	72	71	71	70	70	70	71	72	73	69	70	70	71	72	72	72	72	71	70	70	72	72	70	70	73	71	71	72	72	72	71	71	70	74	73	71	70	70	70	72	72	74	73	73	75	75	73	72	74	76	74	73	74	73	71	73	76	77	78	78	78	78	78	79	79	78	81	78	76	80	79	76	81	73	75	70	69	69	70	75	72	69	73	75	73	71	70	70	70	71	70	69	68	69	69	69	70	69	69	67	64	61	62	61	58
256	52	49	50	53	53	50	50	53	52	51	51	51	51	52	52	52	54	52	53	55	55	53	53	56	53	52	53	55	54	52	52	54	54	53	53	53	53	54	54	55	54	54	54	54	54	55	55	55	56	55	55	57	57	56	56	58	55	57	58	57	56	57	58	58	54	54	55	56	56	56	55	54	53	52	54	57	57	54	52	53	55	53	53	55	55	53	52	54	53	51	51	55	57	56	55	54	56	56	56	57	58	57	56	55	57	59	59	56	56	59	58	55	58	60	60	58	53	63	57	59	57	58	58	59	60	60	61	61	61	64	63	60	60	61	60	57	58	60	61	61	59	58	61	62	63	59	64	60	61	66	61	66	61	58	60	80	80	82	73	60	56	57	49	63	65	71	80	80	73	56	46	63	107	192	226	240	233	233	238	243	242	225	184	96	62	45	49	52	54	56	48	49	54	54	54	55	57	57	57	56	57	56	53	58	54	54	48	49	50	48	48	51	51	48	48	51	49	48	49	51	51	48	46	45	42	45	48	49	50	50	51	51	44	48	40	43	45	53	47	48	42	40	56	67	89	101	92	104	99	98	98	100	100	99	100	103	96	111	145	174	174	158	129	101	95	79	87	83	99	79	89	92	92	56	50	2	7	5	1	4	4	11	5	6	18	25	34	41	37	34	24	25	12	18	14	45	62	77	68	59	63	55	46	45	43	46	48	49	49	50	49	47	49	49	49	50	50	50	50	50	45	50	50	47	44	46	50	50	45	47	47	43	39	58	99	178	237	237	234	233	234	238	240	224	189	102	59	39	38	44	48	47	43	44	45	46	47	46	46	45	45	46	47	48	49	50	50	49	48	55	46	53	40	38	22	30	30	23	49	51	81	102	111	108	110	107	111	116	114	112	113	112	106	93	98	102	92	96	102	91	101	103	118	119	127	122	110	100	97	97	97	96	95	97	98	99	90	87	82	65	58	62	56	52	50	40	38	45	43	47	45	56	55	58	60	58	57	57	59	59	59	58	58	58	57	57	57	57	58	58	58	59	58	56	51	48	47	47	46	45	46	47	46	44	46	44	35	30	29	19	11	15	11	16	25	33	39	40	39	37	34	35	35	35	33	33	34	35	34	35	35	37	37	37	35	34	36	36	36	36	35	35	34	34	33	34	33	30	30	32	32	30	32	31	31	31	31	31	30	29	29	36	46	55	61	63	63	63	64	65	65	64	64	64	66	68	68	67	68	70	71	69	69	71	70	70	72	73	73	73	73	72	73	70	70	73	74	70	70	73	73	71	69	70	72	73	71	69	71	69	70	72	72	71	71	73	69	72	74	73	69	68	70	73	71	71	71	71	71	71	71	72	71	71	72	72	72	72	72	71	71	73	74	73	73	73	74	75	74	73	72	73	73	72	73	74	72	75	75	73	72	74	75	75	77	78	79	79	78	77	76	76	79	75	78	80	75	77	79	73	74	73	72	71	71	72	73	73	73	73	74	74	74	74	73	73	72	71	70	69	68	68	68	68	68	65	64	64	63	62	62	64
257	51	52	52	51	51	52	52	51	53	52	51	52	52	53	53	52	51	50	51	52	52	50	51	53	53	52	53	55	54	52	52	54	54	54	54	54	54	54	54	54	54	54	54	54	54	54	54	54	55	54	54	56	56	55	55	57	56	57	57	56	56	58	57	56	54	53	52	52	52	52	52	53	55	53	53	54	54	53	53	55	54	53	53	54	54	53	53	55	53	51	51	54	57	57	56	55	56	56	56	57	58	57	56	55	59	58	57	58	58	58	57	57	60	56	60	57	58	60	58	61	61	61	61	61	60	60	60	60	62	61	59	60	60	58	58	58	61	58	56	59	61	62	62	60	66	62	66	61	61	64	59	62	65	61	62	79	80	81	70	56	57	57	50	62	64	71	81	82	74	57	46	63	107	192	227	240	233	233	238	243	242	225	184	96	62	45	48	51	54	56	49	50	54	54	54	55	56	57	57	56	57	56	53	58	54	55	48	49	46	48	49	49	49	50	51	51	50	48	48	50	49	47	45	45	46	48	50	50	49	48	48	48	48	48	41	40	44	51	49	49	41	33	50	70	93	105	96	104	99	99	102	104	105	103	103	104	99	92	106	139	172	192	188	170	159	144	129	93	89	82	98	99	93	61	48	5	5	2	1	4	2	7	5	7	15	26	29	38	35	35	38	36	37	37	31	46	58	70	62	56	58	52	46	42	42	45	48	49	51	52	51	49	51	51	51	51	51	51	51	51	46	50	50	46	43	46	50	50	46	47	47	42	38	58	100	178	237	237	234	233	234	238	240	224	188	101	59	40	39	45	50	48	47	46	46	45	45	46	48	48	46	47	48	48	49	49	48	48	44	52	46	54	43	38	23	29	26	24	59	65	92	105	111	103	108	105	107	110	110	109	111	111	104	96	96	98	96	95	95	92	94	101	120	120	124	115	105	99	97	97	96	96	95	96	98	99	97	76	57	42	37	37	34	37	33	28	29	34	35	45	44	52	55	59	60	60	57	58	57	58	58	58	58	58	58	58	58	58	60	60	60	61	61	57	51	46	46	47	47	46	46	46	44	41	37	37	32	32	33	24	17	20	25	27	30	32	34	36	38	40	40	41	42	41	39	38	39	40	37	37	37	37	38	37	36	34	35	35	35	35	34	34	33	33	31	32	31	29	29	30	31	29	27	26	26	26	26	26	25	24	29	36	46	55	61	63	63	63	64	64	65	65	65	65	66	68	67	66	67	69	69	68	68	70	74	73	71	70	70	70	71	72	74	71	71	74	74	71	70	73	70	72	74	73	70	69	71	73	70	68	68	70	70	68	68	70	69	71	72	71	70	70	71	72	70	70	71	71	71	72	72	72	71	71	71	71	72	72	71	71	71	74	74	73	73	73	73	74	74	73	73	74	74	73	73	74	71	73	73	71	70	72	74	74	78	78	78	78	78	79	81	83	80	75	78	79	75	77	79	74	74	73	72	71	72	74	74	75	74	74	74	74	73	73	72	72	71	70	70	70	69	69	69	69	68	66	67	68	68	65	63	64
258	50	53	53	50	50	53	53	50	53	52	52	53	54	54	53	53	55	54	55	55	55	53	54	55	53	53	54	55	54	53	53	54	55	55	55	54	54	54	53	53	55	55	55	55	54	54	54	54	55	54	54	56	56	55	55	57	57	56	55	55	56	58	57	55	57	57	57	56	56	55	55	55	55	53	53	53	53	53	53	55	53	52	53	54	54	54	54	55	52	50	50	53	56	57	56	56	56	56	56	57	57	57	56	55	60	56	56	59	60	57	57	60	61	53	60	56	62	57	58	62	59	59	59	59	60	60	60	60	64	61	58	62	62	58	58	62	60	58	56	59	62	63	63	61	64	62	64	62	61	64	61	64	64	60	61	77	80	84	70	57	61	59	52	61	62	71	81	85	76	57	46	63	108	194	227	240	233	233	238	243	242	225	184	96	62	45	48	51	54	57	50	52	54	54	54	55	56	57	56	56	56	57	53	59	54	55	49	49	47	51	52	48	47	50	50	46	50	48	47	48	47	45	44	43	44	46	48	49	49	48	49	49	49	45	43	40	46	48	50	48	39	29	49	72	90	98	94	101	100	100	101	101	101	98	98	99	88	75	80	113	155	182	183	170	156	153	138	99	83	75	80	75	79	58	41	11	6	4	6	7	4	8	11	17	21	38	32	43	40	38	45	38	51	48	48	50	56	62	57	56	56	54	53	45	40	43	47	49	51	53	53	51	52	52	51	51	51	50	50	50	47	51	52	46	43	46	51	51	48	48	47	42	40	60	103	179	237	237	234	233	234	238	240	224	188	102	60	42	41	47	51	50	49	49	48	47	47	48	49	49	48	48	48	48	48	48	47	47	44	50	46	53	43	39	24	30	27	17	59	75	103	102	106	98	105	102	105	107	106	106	107	105	99	96	92	95	98	94	89	90	89	98	119	119	122	114	106	101	96	96	96	95	94	95	97	99	98	75	54	37	30	29	23	26	21	20	23	29	31	45	45	50	55	61	59	63	55	61	57	58	58	58	59	59	59	59	59	59	62	61	62	63	63	57	48	41	29	30	31	30	30	29	26	23	18	18	16	18	20	15	10	13	15	15	15	14	14	17	22	26	33	35	36	36	35	34	35	36	37	36	36	36	37	37	36	35	35	35	35	34	34	33	32	32	30	31	30	28	28	29	29	28	28	28	28	28	28	28	27	26	28	36	47	56	60	62	63	64	63	63	65	65	65	65	66	68	66	65	66	67	68	67	67	68	71	70	69	68	69	71	73	74	74	72	72	74	73	71	70	72	70	72	74	73	71	70	71	73	74	73	73	73	73	72	71	72	70	70	70	70	71	71	71	71	70	70	70	71	71	72	72	72	71	70	70	70	71	71	71	71	72	74	74	73	73	72	73	73	74	73	73	75	75	73	73	74	75	77	76	74	73	75	78	79	79	79	78	78	77	78	79	81	80	76	77	78	75	77	78	75	74	73	72	72	73	75	76	76	75	74	74	73	73	72	72	72	70	70	70	70	71	71	70	70	67	66	67	68	67	65	64	64
259	50	52	52	51	51	53	53	51	53	52	53	53	54	54	53	52	53	53	53	53	52	51	51	52	52	53	54	54	54	53	53	53	54	54	54	55	54	54	53	53	55	55	55	55	55	55	54	54	57	56	56	57	58	57	57	58	57	57	56	56	57	58	58	55	51	53	54	56	55	54	51	50	53	53	54	55	55	54	53	53	53	53	53	54	54	54	54	54	53	50	50	53	56	56	56	56	57	56	56	57	57	57	57	56	58	56	56	58	59	58	58	59	60	55	60	57	61	58	58	61	57	58	58	59	59	60	60	61	64	62	61	61	61	59	60	62	57	59	60	61	60	62	63	65	63	62	63	62	62	64	64	65	63	59	61	74	79	85	68	58	65	61	54	60	60	70	79	87	78	59	46	63	109	195	228	240	233	233	238	243	242	225	184	96	62	44	47	51	54	57	51	53	54	54	54	55	56	57	56	56	56	57	54	59	54	56	49	48	49	51	51	49	47	48	48	46	49	48	47	47	47	45	44	43	42	45	47	49	49	49	49	50	48	42	45	43	50	47	49	44	45	38	52	61	59	59	56	59	59	58	56	55	54	53	55	57	54	49	53	66	78	78	69	60	66	66	62	50	41	40	47	54	48	39	23	12	5	3	6	5	5	7	16	26	24	44	31	42	45	38	42	36	50	46	51	50	46	47	46	48	47	49	52	41	39	42	46	49	51	53	52	52	51	51	51	51	50	50	50	50	47	51	51	46	43	46	51	51	49	48	47	43	43	62	103	178	237	237	234	233	234	238	240	224	190	103	62	44	42	48	52	50	49	49	50	51	50	49	48	48	48	48	48	48	48	48	47	47	46	48	44	50	41	37	28	30	36	15	53	80	108	94	98	93	101	100	103	106	105	106	105	99	94	91	91	92	95	96	90	81	92	97	115	117	124	118	107	99	96	95	95	95	94	94	96	99	87	76	60	37	27	29	23	21	21	20	23	30	31	43	43	50	53	62	59	66	55	64	57	59	60	60	60	60	60	60	60	60	60	59	60	62	61	55	43	34	28	30	32	31	30	29	26	22	24	22	20	20	20	18	16	18	13	14	15	14	13	15	19	23	27	29	32	33	33	34	35	37	35	35	34	35	35	36	35	35	35	35	35	34	33	32	32	31	30	30	29	28	28	28	28	28	27	26	26	26	27	26	26	25	27	36	47	56	60	62	63	64	61	63	64	65	65	66	66	68	65	65	65	66	67	67	67	67	66	67	68	69	71	72	72	72	73	71	71	72	72	70	71	72	74	72	70	71	73	74	72	70	72	71	71	71	71	70	70	70	70	70	70	70	70	71	71	71	70	70	70	71	71	71	71	71	70	70	70	69	70	70	71	71	71	74	74	73	72	72	73	73	73	72	73	75	75	73	72	73	71	72	71	70	69	70	73	75	78	79	80	80	79	78	77	77	79	77	77	77	76	77	77	76	73	73	72	72	74	75	76	76	75	74	73	73	72	72	72	73	69	70	70	71	71	71	70	70	68	67	66	65	64	64	65	66
260	52	50	50	53	53	52	52	54	52	52	52	53	54	54	53	52	52	53	53	53	52	52	52	52	51	53	54	53	53	53	52	52	52	53	54	54	54	54	54	53	55	55	55	55	55	55	55	55	57	56	56	57	58	57	57	58	56	58	59	57	56	57	58	58	56	57	59	61	61	59	57	56	53	54	55	55	55	55	54	53	54	55	55	54	54	54	54	54	54	51	50	53	56	56	56	56	57	57	57	57	58	58	57	57	56	58	58	56	57	59	59	57	59	60	61	60	56	63	58	59	62	62	62	61	60	60	59	59	61	62	62	58	58	61	61	59	58	60	62	62	60	62	63	65	65	65	63	63	63	62	63	63	64	62	64	71	76	82	63	58	68	63	57	60	57	69	78	88	80	60	47	64	109	195	228	239	233	233	238	243	242	225	184	96	61	44	48	51	54	58	52	54	54	54	54	55	56	57	57	56	56	58	55	59	55	57	50	48	47	46	47	50	50	48	49	52	47	47	48	48	48	47	45	42	44	46	48	49	48	47	47	48	48	40	45	46	51	47	49	42	41	37	44	41	32	32	31	29	32	33	32	31	31	33	35	36	38	30	20	16	14	12	13	19	11	16	23	29	27	25	26	33	31	29	16	14	7	4	6	4	7	8	21	33	29	48	33	42	44	39	40	46	50	45	45	46	45	44	44	48	45	48	53	41	42	43	46	49	51	52	52	52	50	50	51	51	51	51	51	51	48	51	51	46	43	46	50	51	48	47	47	44	44	63	103	177	237	237	234	233	234	238	240	224	191	105	63	44	43	48	52	50	49	49	50	50	50	49	48	47	47	47	47	47	47	48	48	48	47	47	44	48	40	37	30	27	37	31	65	85	105	92	98	93	99	98	101	103	103	105	103	97	91	86	91	93	89	98	94	71	89	96	115	118	125	117	105	95	96	94	94	95	94	94	96	99	90	76	57	34	25	28	24	24	23	18	21	31	31	39	38	50	52	62	59	66	56	66	59	60	62	62	61	61	61	61	60	60	60	59	60	62	62	54	42	32	25	27	28	28	27	26	23	20	23	20	19	18	16	14	14	13	11	13	14	13	11	10	13	16	24	26	28	30	31	33	35	37	35	35	34	35	35	35	35	34	36	36	35	35	34	33	32	32	31	30	30	29	29	28	29	29	28	28	27	27	28	28	27	26	27	37	49	57	60	60	62	63	61	62	64	65	65	65	65	67	64	65	66	66	67	67	68	67	68	68	69	69	70	69	69	69	71	70	69	70	70	70	70	72	74	72	70	71	73	74	73	71	71	72	71	71	71	71	71	71	70	71	72	71	70	69	70	71	71	71	71	70	70	70	70	70	70	70	69	69	69	70	70	71	70	73	73	73	72	72	73	74	72	72	72	74	74	72	72	72	76	76	75	75	74	75	77	80	77	79	80	81	81	80	80	80	79	79	77	76	77	77	76	76	73	73	72	72	73	74	75	75	74	74	73	73	73	73	73	74	70	70	70	71	71	70	69	69	69	69	68	66	66	66	67	67
261	53	49	50	54	54	51	52	55	53	53	52	53	54	54	53	53	55	56	56	55	54	55	55	55	51	53	54	53	53	53	53	52	53	53	53	54	54	54	54	54	55	55	55	55	55	56	56	56	56	55	55	57	57	56	56	58	56	59	60	58	57	57	58	58	53	53	53	53	53	53	54	54	56	56	55	53	53	55	56	56	55	56	56	54	54	55	55	54	54	52	51	54	57	57	56	56	58	58	57	58	58	58	58	58	56	59	59	56	56	60	60	56	59	62	61	61	55	66	58	59	62	62	61	61	61	60	60	60	61	64	62	58	58	62	62	59	63	60	59	60	63	64	64	62	63	65	61	63	64	62	66	64	63	63	67	70	73	80	61	62	70	63	59	59	56	69	76	88	82	63	49	65	109	194	227	240	233	233	238	243	242	225	184	96	61	44	48	52	55	58	52	54	55	55	55	56	57	58	57	57	56	58	56	59	55	57	50	48	49	47	48	51	51	47	48	52	46	47	48	48	49	48	45	42	42	44	47	48	48	48	48	49	49	39	43	49	49	47	49	44	47	46	46	44	44	50	51	46	43	45	46	45	45	45	44	43	36	36	39	48	56	49	37	32	36	34	28	23	21	27	35	40	34	31	21	18	12	7	7	6	7	7	21	35	34	48	41	46	47	44	42	55	49	47	48	49	51	50	50	54	50	51	55	45	46	46	48	50	51	51	51	52	50	51	51	51	51	52	52	52	49	53	54	48	45	48	52	53	49	49	50	46	46	64	105	179	237	237	234	233	234	238	240	224	191	104	62	43	42	47	51	49	49	48	47	46	46	46	47	48	46	46	46	46	46	47	47	48	47	45	46	48	41	37	29	21	37	57	88	90	96	93	100	93	100	99	100	100	101	105	103	94	88	84	92	94	88	97	96	70	80	91	116	119	124	114	104	97	96	94	94	96	95	93	95	99	98	71	49	35	31	29	21	24	23	16	19	30	30	36	37	51	52	61	61	65	58	66	62	61	63	63	63	62	62	61	61	61	61	61	62	63	61	53	41	32	26	28	28	26	24	24	24	22	21	18	20	22	18	17	16	11	12	13	13	12	11	12	15	18	21	23	24	26	26	28	31	33	37	36	36	36	36	35	34	33	36	36	36	35	35	34	33	33	33	31	31	31	30	29	30	31	30	30	30	30	30	30	29	28	27	38	50	58	60	59	61	63	61	62	63	63	64	64	64	66	64	65	66	66	66	68	68	67	69	68	68	67	68	69	70	71	69	68	68	68	69	69	70	71	70	72	74	73	71	70	72	74	73	74	74	73	73	75	75	74	71	72	73	72	70	69	70	71	71	71	71	70	70	69	69	69	70	70	70	70	70	70	70	70	70	72	72	72	72	72	73	74	72	71	71	73	73	71	71	72	71	70	70	70	70	70	72	75	80	80	79	78	77	78	79	80	78	80	77	75	78	77	75	77	73	72	72	73	74	75	75	75	74	74	74	74	74	74	74	74	71	71	71	70	70	69	69	69	66	68	68	68	67	67	66	64
262	53	52	52	53	53	52	52	53	54	53	53	53	54	54	54	54	51	53	54	52	52	53	53	52	52	54	55	54	53	54	54	53	55	55	55	55	55	55	55	55	55	55	55	55	55	56	56	56	56	55	55	57	57	56	56	58	57	59	59	57	57	58	58	57	58	57	57	56	56	56	57	57	56	57	56	53	53	56	57	56	55	56	56	55	55	56	56	55	53	51	51	55	58	58	57	57	59	59	58	58	59	59	59	59	59	59	59	58	59	60	59	58	60	60	63	61	60	64	59	61	60	60	60	60	61	61	61	61	63	64	62	61	61	62	62	61	62	60	58	60	63	65	65	63	62	65	60	64	64	62	68	65	62	65	71	70	71	78	60	67	69	62	60	59	55	69	75	89	83	65	52	67	109	193	226	240	233	233	238	243	242	225	184	96	61	45	49	52	56	58	52	53	55	55	55	56	58	58	58	57	55	58	56	59	55	58	51	47	51	51	51	51	50	48	47	48	47	48	49	47	47	47	45	42	40	43	46	47	48	48	49	50	48	37	41	53	48	49	48	43	42	43	38	36	39	40	40	38	40	43	44	43	42	42	41	39	44	37	29	33	41	36	26	28	24	24	23	18	22	27	36	38	40	34	31	25	24	19	17	18	17	16	25	37	36	42	45	44	50	49	44	54	47	47	53	50	48	50	49	52	49	48	51	44	48	47	47	49	50	49	49	51	50	50	50	50	50	50	50	50	48	51	52	48	44	47	50	51	48	48	48	44	42	61	103	179	237	237	234	233	234	238	240	224	189	102	59	40	39	45	49	48	46	45	44	44	44	44	45	46	44	44	44	44	44	45	46	46	45	41	45	45	39	34	30	20	44	78	97	94	94	94	97	96	98	99	101	101	101	105	102	89	86	83	90	94	91	95	94	81	87	95	116	117	122	114	105	98	97	94	94	96	95	93	95	100	92	65	45	34	32	29	20	21	25	20	22	28	27	36	38	49	53	61	63	62	60	65	64	61	63	63	63	63	63	62	62	62	62	61	61	61	57	49	39	31	23	24	23	19	17	18	19	19	19	15	19	22	18	18	19	13	13	12	11	10	10	11	14	16	22	23	24	25	25	27	30	32	35	35	35	36	36	36	35	34	35	35	35	35	35	34	33	33	34	32	31	32	32	30	30	32	27	27	26	27	27	27	26	25	28	38	52	59	59	58	59	62	61	62	62	62	62	63	63	65	63	65	66	65	66	68	68	66	66	67	67	68	69	70	71	71	69	68	68	67	68	69	69	70	69	71	73	72	70	70	71	73	70	71	71	70	70	72	72	71	72	72	72	71	71	71	71	71	71	71	70	70	70	69	69	69	70	70	70	70	70	70	70	70	70	72	73	72	72	72	72	73	73	72	71	73	73	71	72	73	73	73	73	74	73	72	75	78	80	80	79	77	76	75	76	77	77	80	77	75	79	78	74	77	73	72	72	73	75	76	76	76	75	75	75	75	75	74	74	74	72	72	71	71	70	70	70	70	66	68	68	67	67	67	66	64
263	52	55	55	51	51	53	53	50	55	54	53	53	54	55	55	55	53	56	56	55	54	56	57	56	53	55	56	55	54	55	55	54	57	57	56	55	55	55	56	56	56	56	56	56	55	55	55	55	57	56	57	58	58	57	58	59	58	58	57	56	57	59	58	55	56	57	57	58	57	56	55	54	55	57	57	55	55	57	57	55	54	56	56	55	55	57	57	56	53	51	52	56	59	59	58	58	60	59	59	59	59	60	60	59	62	59	58	61	61	58	58	60	62	56	63	60	66	60	60	63	64	64	63	63	62	61	61	60	64	61	61	62	62	59	58	60	58	60	62	62	61	64	65	67	65	68	62	65	64	60	65	62	65	70	76	71	69	75	57	66	68	61	60	59	55	70	75	90	84	66	53	67	108	192	226	240	233	233	238	243	242	225	184	96	61	45	49	53	56	59	51	53	56	56	56	57	58	59	58	58	55	59	56	59	55	58	51	47	48	52	52	49	49	51	51	48	48	49	48	46	46	46	45	42	44	45	48	48	47	46	46	46	44	36	41	58	50	51	47	41	39	44	40	40	41	35	36	43	38	41	42	41	42	45	47	47	40	40	36	39	43	34	27	34	30	21	16	12	20	24	41	53	53	45	50	45	48	45	42	43	46	42	45	50	47	44	51	45	45	47	47	52	47	47	53	41	47	51	50	53	52	49	51	47	47	45	45	47	47	46	47	49	48	48	48	48	47	47	47	47	42	46	47	43	39	41	45	45	42	44	42	37	34	53	97	175	237	237	234	233	234	238	240	224	187	100	57	38	37	43	49	48	42	42	43	44	44	44	43	42	43	43	42	42	43	43	44	45	48	42	44	42	37	34	32	21	59	87	97	99	99	98	95	100	95	99	104	106	106	107	97	81	83	85	89	95	97	94	92	96	108	107	117	114	120	114	103	94	97	94	94	96	95	93	95	100	89	72	53	34	29	34	31	32	27	25	25	25	23	35	36	44	54	61	65	61	61	64	65	61	63	63	63	63	63	63	63	63	62	61	61	59	54	46	37	30	27	27	24	20	17	18	20	20	20	15	18	20	16	20	24	19	18	17	15	13	11	11	11	11	19	19	20	20	21	23	26	29	31	31	33	35	36	37	36	35	35	35	35	35	35	34	34	33	35	32	32	33	32	30	31	33	30	30	29	29	30	29	29	28	28	39	52	59	59	58	59	61	62	62	62	62	61	62	63	65	63	65	66	65	65	67	67	66	67	68	70	71	71	69	67	65	69	69	68	67	67	68	69	69	72	70	69	70	72	73	72	70	72	74	74	72	72	74	74	73	73	71	70	71	73	73	72	70	70	70	70	70	70	70	70	69	69	70	70	71	71	71	70	70	71	73	73	72	71	71	72	72	74	72	72	73	73	72	72	74	71	70	71	72	72	70	72	76	76	77	79	80	80	79	79	79	76	80	77	75	80	78	73	77	72	72	73	74	76	77	77	77	75	76	76	76	75	74	73	73	73	72	71	71	70	71	71	71	70	71	70	67	66	69	69	68
264	53	53	52	52	53	53	54	54	54	54	55	55	56	56	57	57	55	54	55	55	56	55	54	53	54	54	54	55	56	56	57	57	55	55	55	55	56	56	55	54	54	55	56	56	56	56	56	56	53	52	53	56	56	54	54	55	55	55	56	56	56	56	57	57	58	57	56	55	54	55	57	59	61	51	57	56	57	53	60	55	54	55	57	57	57	56	56	56	52	51	51	55	58	58	58	58	59	59	59	59	58	58	58	59	62	61	60	59	59	60	61	62	60	61	62	61	61	61	61	62	63	63	63	63	63	63	63	63	63	64	64	65	65	64	65	65	63	63	65	66	67	64	63	61	62	67	65	66	66	65	67	62	65	72	75	72	67	66	65	63	67	62	59	60	57	62	79	84	88	70	54	66	110	194	226	241	233	233	236	245	242	224	188	94	62	44	50	50	59	58	54	53	54	55	56	57	57	57	57	58	59	57	57	59	59	54	49	46	46	54	52	47	50	49	46	51	50	50	48	47	47	47	45	41	39	41	44	47	50	51	49	48	45	31	48	51	60	51	38	44	42	44	37	43	37	32	44	35	44	37	41	47	48	52	54	47	44	39	40	32	40	41	43	42	27	8	21	13	17	28	42	57	52	55	55	58	56	57	59	50	56	55	53	51	50	50	49	48	49	49	49	50	50	51	50	50	50	52	48	53	48	53	49	50	50	46	42	40	41	42	43	43	48	45	42	42	44	44	42	40	37	41	42	38	34	36	40	39	38	39	36	29	30	47	87	177	237	237	234	233	234	238	240	224	189	95	54	33	34	41	41	43	42	42	43	43	42	42	43	43	41	44	46	45	44	43	44	46	43	42	37	39	30	28	47	52	72	87	102	99	95	102	99	98	99	95	105	105	107	100	95	78	75	83	91	97	100	97	94	95	109	115	119	117	114	110	104	98	93	92	93	96	96	96	98	101	92	67	51	34	36	34	31	32	34	27	27	28	23	35	32	43	58	60	64	66	67	67	67	67	67	68	70	71	71	70	68	67	69	67	68	69	62	48	36	31	27	28	28	24	20	17	17	19	18	13	21	17	22	18	17	18	16	15	14	12	11	10	10	10	13	14	15	16	18	20	21	22	25	26	24	30	32	30	35	35	31	32	33	33	32	32	33	34	34	34	32	32	33	30	28	31	31	30	29	29	28	28	29	29	30	42	51	59	60	55	60	60	61	58	59	63	64	62	63	66	63	66	63	69	63	68	63	65	66	66	65	65	66	67	69	70	67	68	67	66	66	68	68	66	70	71	71	68	68	70	71	69	71	72	73	73	72	72	73	74	72	72	72	72	72	71	71	70	71	71	70	69	69	69	71	72	68	69	71	72	71	71	71	71	69	73	72	69	69	73	73	70	70	69	71	74	74	71	70	71	74	71	75	72	71	71	69	74	77	80	77	78	79	78	80	76	76	76	77	78	78	77	75	74	73	70	74	71	79	75	78	74	73	74	76	76	76	75	73	72	73	71	71	74	74	71	69	69	68	68	68	68	68	69	69	70
265	53	53	53	53	53	54	54	54	54	54	54	54	54	54	54	54	55	54	54	55	55	56	55	55	57	57	57	56	55	54	54	54	58	57	55	55	55	56	57	57	56	57	57	57	57	56	56	57	57	55	55	57	57	55	56	57	56	56	56	56	56	56	56	56	56	57	57	57	57	56	56	57	60	54	55	59	54	56	58	56	56	56	57	58	58	57	56	56	55	53	54	57	60	61	61	62	60	61	61	60	59	59	59	59	61	60	60	59	60	61	62	63	61	61	62	62	61	61	62	62	63	63	63	63	63	63	63	63	63	64	66	66	65	65	65	65	66	65	63	63	64	65	64	64	65	68	63	64	64	64	68	64	66	72	76	72	67	66	66	65	67	62	59	60	58	63	78	84	86	70	54	67	110	194	226	240	233	233	236	245	242	223	187	94	62	43	50	51	59	58	54	54	54	55	56	57	57	57	57	58	56	55	56	59	60	56	52	49	48	53	51	47	51	51	48	50	50	50	49	47	48	48	45	41	46	46	46	47	48	49	49	48	39	36	50	55	57	57	39	40	39	42	35	41	40	38	51	47	48	47	51	53	51	52	47	34	30	22	25	22	44	74	87	67	30	6	14	12	19	25	34	48	50	55	54	53	49	49	56	53	50	49	47	47	47	48	48	47	50	50	50	50	51	51	51	51	50	51	48	52	48	52	48	49	49	45	40	37	38	40	41	41	39	39	38	39	40	39	36	33	34	38	39	34	31	33	36	36	33	34	32	26	28	46	87	179	237	237	234	233	234	238	240	224	189	94	52	32	32	39	40	41	40	40	41	41	40	40	41	41	38	40	42	42	40	38	38	38	42	40	37	34	28	23	51	83	111	108	103	103	95	95	95	101	101	102	108	112	105	99	86	70	74	81	95	105	106	102	98	96	93	103	113	117	117	111	100	89	95	94	94	95	93	92	93	96	93	68	51	34	37	35	33	33	35	28	30	29	27	34	33	41	47	49	51	53	53	53	52	52	52	51	51	50	50	50	50	51	47	47	47	46	44	42	38	34	36	35	33	32	31	28	21	16	21	16	17	16	14	17	15	20	15	14	13	11	10	10	10	11	12	12	13	14	15	16	18	18	18	21	21	29	32	30	34	34	31	32	33	32	31	31	32	33	32	33	31	31	33	30	28	31	31	31	30	29	29	28	28	28	29	41	51	60	61	56	60	60	59	60	61	61	63	64	64	64	61	64	62	67	64	68	65	66	65	65	66	67	68	67	67	67	67	68	67	66	66	68	67	65	68	69	69	68	68	70	70	69	70	71	71	71	71	71	72	72	73	73	73	73	73	73	72	72	72	72	72	71	70	69	69	69	73	71	69	70	72	72	69	65	72	73	72	73	74	73	73	74	74	73	72	73	72	71	72	74	70	67	72	71	71	74	73	78	77	80	77	78	79	77	80	76	76	76	76	77	77	77	75	74	73	70	74	71	78	75	77	74	76	75	74	73	73	74	75	76	74	71	70	71	71	70	69	70	68	68	68	68	68	68	68	68
266	53	53	53	54	54	54	54	54	56	56	56	56	55	55	55	54	55	54	54	54	55	56	56	56	56	56	56	56	56	56	55	55	59	58	57	56	57	58	58	58	58	58	59	59	58	57	57	57	59	57	56	56	56	56	57	59	57	57	57	57	56	56	56	56	56	57	58	58	57	57	57	57	59	57	54	61	53	59	57	57	58	57	57	58	59	58	57	55	53	51	51	55	57	58	58	59	62	62	62	61	60	59	60	60	60	60	60	60	61	61	62	63	61	62	62	62	62	62	62	63	63	63	63	63	63	63	63	63	64	64	66	66	65	65	65	66	67	65	64	63	64	65	65	66	66	68	63	65	66	65	68	64	67	73	76	72	67	66	67	67	67	62	60	60	60	65	76	84	84	70	55	67	111	194	225	239	233	233	236	245	242	223	187	94	61	43	51	51	59	58	54	54	55	56	57	57	57	57	58	59	58	57	57	59	59	56	51	47	49	52	50	48	52	53	50	50	50	50	49	48	49	48	45	40	41	40	41	42	45	46	46	45	36	35	45	55	50	53	36	41	39	45	38	42	45	42	51	50	50	51	53	51	49	52	49	38	19	15	22	20	33	66	89	71	28	6	11	14	20	22	28	43	50	56	52	50	47	48	54	52	51	50	50	50	51	52	52	52	52	51	51	51	52	52	52	53	51	51	49	52	50	52	49	50	49	46	42	39	38	37	36	35	40	38	36	35	34	35	34	34	31	35	35	30	26	29	32	32	29	30	30	23	25	43	87	180	237	237	234	233	234	238	240	224	189	91	48	30	28	35	37	38	36	37	37	37	36	36	37	38	38	39	39	39	39	38	37	37	35	32	36	28	34	30	52	85	104	103	88	94	87	83	89	94	97	97	94	97	84	85	75	69	73	81	95	104	106	107	94	71	86	102	119	125	121	113	103	96	94	93	93	93	92	92	94	97	90	65	48	31	34	33	31	32	36	30	34	30	32	32	34	38	34	35	37	37	37	37	37	38	38	37	36	35	35	35	36	36	36	38	37	33	34	39	39	36	38	36	35	37	38	35	28	22	17	14	11	13	7	14	8	15	13	12	11	9	9	9	10	11	12	12	11	12	12	13	14	15	13	17	19	28	31	30	33	31	31	32	32	32	31	31	31	31	30	32	30	30	32	30	28	31	32	31	31	31	30	29	28	28	28	42	50	61	61	58	60	60	58	61	62	60	61	65	65	62	63	65	63	66	63	65	62	63	65	66	67	67	67	67	66	65	67	68	67	66	66	68	67	65	66	67	68	67	68	69	69	68	69	69	70	70	70	70	70	71	72	72	72	71	71	71	71	72	71	72	73	72	71	69	68	68	70	69	68	69	71	72	70	68	70	68	68	72	72	69	68	71	74	73	71	71	70	69	70	73	71	69	73	71	71	73	72	77	77	80	77	78	78	77	80	75	76	76	76	76	76	76	74	73	73	71	73	72	77	75	76	74	76	75	73	73	73	74	76	77	73	71	70	71	71	70	69	69	69	69	68	68	67	67	67	67
267	53	53	54	55	55	55	55	54	57	57	57	56	56	56	55	55	56	55	55	55	56	56	57	57	55	55	56	56	56	57	57	57	57	57	58	60	60	59	57	56	58	59	59	59	58	58	58	58	59	57	56	55	55	55	56	57	57	57	57	57	57	57	57	57	59	58	57	56	56	56	58	60	58	58	55	59	56	59	57	57	60	58	57	57	59	59	57	55	56	54	54	57	60	61	62	62	61	62	62	61	61	60	60	61	60	60	60	61	61	62	62	62	62	62	63	63	62	62	63	63	64	64	64	64	64	64	64	64	64	65	65	67	66	66	67	67	66	66	65	66	67	65	64	63	65	67	64	68	70	67	68	62	68	73	76	72	67	65	66	67	69	63	62	60	62	65	72	83	83	70	56	68	110	194	225	239	233	233	236	245	242	223	187	93	62	44	52	52	59	58	54	54	55	56	57	57	57	57	58	59	59	58	58	59	59	56	50	46	49	50	50	50	52	52	51	51	50	50	50	49	50	49	45	40	38	40	43	47	50	51	48	46	43	37	47	63	60	51	37	48	40	48	43	46	50	45	46	47	50	49	50	49	48	49	48	44	49	34	25	31	45	60	65	50	20	9	16	19	21	22	29	46	54	58	52	51	54	54	54	48	51	50	49	49	49	50	50	50	52	51	51	51	52	53	53	54	53	52	51	53	53	53	52	52	51	50	49	47	43	38	33	29	30	29	27	25	25	26	28	30	27	31	32	25	22	25	29	29	28	28	28	21	23	42	85	179	237	237	234	233	234	238	240	224	189	86	43	26	23	30	33	33	31	32	32	32	32	32	32	33	30	30	29	29	31	32	32	32	34	28	36	26	37	42	44	51	44	54	51	54	54	50	68	66	82	81	77	78	73	77	78	80	79	86	96	101	107	117	96	53	69	95	121	126	117	105	99	98	94	94	93	93	93	94	97	99	92	68	50	33	36	36	35	36	36	31	36	31	35	30	34	35	37	38	39	40	40	40	41	41	42	42	43	43	43	42	42	41	37	39	38	36	37	39	38	36	36	36	37	36	35	33	32	32	24	22	23	24	19	22	16	20	16	15	14	12	12	12	13	14	16	15	14	13	13	14	15	16	14	19	20	28	31	29	32	29	31	31	31	31	31	31	31	31	30	32	30	29	32	30	28	31	31	31	32	31	31	30	29	29	30	43	50	62	60	59	60	60	59	61	61	61	62	64	63	62	64	64	64	65	63	63	62	62	67	66	65	65	65	66	66	67	66	66	66	66	67	67	67	66	65	66	67	67	68	68	68	67	68	69	69	69	69	69	69	70	71	70	70	70	70	70	71	71	69	70	72	72	72	71	70	70	65	69	72	72	69	68	70	73	71	71	71	74	74	72	71	72	71	71	72	72	71	70	70	70	74	70	74	71	70	72	70	76	77	80	76	78	78	77	79	75	76	76	75	75	75	75	74	73	72	71	73	73	76	76	76	75	73	74	74	75	75	75	74	74	70	71	72	73	73	71	68	67	69	68	68	67	67	67	67	67
268	53	54	55	55	56	55	55	55	55	55	55	55	55	55	55	55	57	56	56	55	56	57	57	56	58	57	57	57	56	56	56	56	57	57	58	59	60	59	57	56	57	58	59	59	58	58	58	59	57	57	56	56	55	56	56	56	57	57	57	58	58	58	58	58	59	59	58	57	56	57	58	60	58	58	59	56	60	58	59	57	59	58	56	57	59	59	57	56	56	54	55	58	61	62	62	62	60	60	61	61	61	61	61	62	60	61	61	62	62	62	61	61	62	63	63	63	63	63	63	64	64	64	64	64	64	64	64	64	65	65	65	67	66	67	67	68	65	66	67	68	69	66	64	63	66	68	65	70	71	67	69	65	69	73	75	72	67	65	64	65	70	64	64	60	63	66	67	80	83	71	58	68	109	193	226	240	233	233	236	245	242	223	186	92	62	45	53	53	60	57	53	53	56	56	57	58	58	58	59	59	56	57	57	59	59	58	53	49	48	49	52	53	51	51	52	53	50	50	50	50	50	49	44	39	39	40	43	48	51	50	46	42	40	35	50	61	64	46	38	42	40	47	45	46	51	47	46	49	50	49	50	53	50	43	41	46	56	45	22	26	39	36	29	25	15	14	17	20	22	26	30	41	52	59	53	52	55	53	52	48	52	51	49	49	49	50	50	49	50	50	51	51	52	53	54	54	53	51	52	53	55	53	53	54	53	53	53	52	49	44	38	35	27	26	25	23	22	21	20	20	21	24	26	20	17	20	25	25	25	24	25	17	18	37	81	178	237	237	234	233	234	238	240	224	188	80	37	21	17	24	28	27	27	27	28	28	27	27	28	28	25	25	26	26	27	27	26	25	28	22	39	38	43	48	45	40	28	36	34	31	41	32	56	52	65	66	71	71	77	75	80	82	89	87	92	98	104	112	96	61	64	92	119	126	116	103	96	94	96	96	96	94	93	94	96	97	89	65	48	30	34	35	35	35	36	32	36	32	36	29	34	33	32	33	33	33	33	33	34	35	35	35	36	37	37	37	37	37	37	36	36	39	40	38	37	38	39	39	38	37	34	33	34	35	34	29	36	32	34	30	26	27	25	24	23	21	21	21	21	22	22	21	20	19	18	19	20	20	20	25	24	29	30	29	31	28	30	30	30	30	31	31	31	31	31	33	31	30	32	31	29	31	31	31	32	32	32	31	31	30	34	46	49	62	58	60	60	61	61	59	59	62	63	62	61	63	61	61	62	62	64	64	65	65	66	65	65	65	65	65	66	67	66	65	65	66	67	67	67	67	67	67	67	68	68	67	67	67	68	68	69	69	69	69	69	70	71	71	70	70	70	71	72	72	69	70	71	71	71	72	72	73	69	72	74	73	69	67	69	71	69	73	73	72	72	74	73	70	71	72	73	73	72	72	72	72	71	68	72	71	71	73	73	79	77	80	76	77	78	76	79	74	76	76	75	75	75	74	73	72	70	71	72	74	75	77	76	76	73	74	75	75	75	74	72	71	71	72	72	73	73	72	69	67	68	68	68	67	67	67	67	67
269	54	55	55	55	56	56	56	56	55	55	56	56	56	56	56	56	58	57	56	56	57	57	57	56	57	57	57	57	57	57	57	57	59	58	57	57	57	58	58	58	57	58	59	59	59	58	59	59	57	58	58	57	57	58	58	56	57	58	58	58	58	59	59	59	57	58	60	60	59	59	58	58	58	59	61	54	63	58	59	58	59	58	57	57	59	59	58	57	53	52	53	57	59	60	59	60	59	59	60	60	60	61	61	62	61	61	62	62	62	62	61	61	63	63	64	64	63	63	64	64	65	65	65	65	65	65	65	65	65	66	68	68	67	68	68	68	68	67	67	66	67	68	66	65	69	70	65	68	68	65	70	69	71	73	73	71	68	65	65	65	71	64	65	60	64	66	63	78	82	72	59	68	109	193	227	241	233	233	236	245	242	223	185	91	62	45	54	54	60	57	54	54	55	57	58	59	59	59	59	59	58	59	59	59	59	57	52	47	48	48	53	55	51	50	53	53	50	50	50	49	49	48	44	39	35	36	38	43	47	47	44	41	35	36	44	40	46	39	40	36	45	47	46	46	48	48	48	50	51	50	49	52	51	46	52	69	69	70	37	30	33	25	19	22	15	17	13	18	23	28	26	31	45	59	55	51	52	47	50	53	53	52	51	51	51	52	52	51	50	50	51	52	53	54	53	53	53	49	51	52	56	51	53	53	53	54	53	53	52	50	49	48	46	41	33	25	19	16	15	14	14	18	21	15	12	16	20	20	19	18	19	13	14	32	78	177	237	237	234	233	234	238	240	224	188	76	33	18	12	19	24	23	23	23	24	24	23	23	24	24	25	26	28	29	28	26	23	21	29	39	66	83	82	81	83	92	105	101	99	101	112	98	110	107	100	102	106	102	109	101	102	103	99	89	90	97	95	92	90	83	94	109	122	124	117	108	101	96	94	95	95	93	92	94	96	96	85	62	46	28	32	35	34	33	35	34	33	34	35	29	34	33	36	37	37	37	36	35	36	36	38	38	37	37	38	39	40	41	41	37	36	40	40	37	37	40	39	37	36	37	39	40	38	36	36	30	37	29	34	29	29	30	30	30	29	28	27	27	27	27	28	27	26	25	25	25	26	26	27	31	28	30	31	29	32	29	30	30	29	30	31	32	32	31	31	34	32	30	32	32	30	31	31	31	32	32	32	32	32	32	36	48	49	63	57	61	59	61	62	58	58	62	63	60	60	64	62	61	63	61	65	63	66	65	63	64	65	67	67	66	65	64	66	65	64	66	67	67	66	67	68	67	67	68	68	66	66	67	67	68	69	69	68	68	69	70	68	68	69	69	69	70	70	70	70	71	71	70	70	70	71	72	72	71	69	70	71	72	71	69	67	72	71	68	69	72	72	68	71	72	72	70	69	71	73	73	71	68	72	70	70	73	73	79	77	80	76	77	77	76	78	74	76	76	75	75	75	74	73	71	70	72	71	76	74	77	75	77	75	75	74	74	73	73	73	73	74	73	72	70	70	71	71	70	69	68	68	67	67	67	67	67
270	55	55	55	55	56	56	56	57	57	57	57	57	57	57	57	58	57	57	57	57	58	58	57	57	55	56	56	57	58	58	59	59	60	59	57	57	57	58	59	59	58	59	59	59	59	58	59	59	57	59	59	58	58	59	59	58	58	58	58	59	59	59	59	59	57	58	60	61	60	59	58	58	57	61	59	56	62	60	57	58	58	58	58	58	59	59	60	60	56	55	56	60	63	63	62	62	59	60	61	61	61	61	61	62	61	61	61	62	62	62	62	62	63	64	64	64	64	63	64	65	65	65	65	65	65	65	65	65	66	66	68	68	67	68	68	69	69	68	67	66	67	68	66	67	69	70	66	68	66	63	69	71	74	73	71	69	68	67	67	68	71	63	65	60	65	66	60	77	81	72	61	70	110	194	227	241	233	233	237	246	242	222	185	91	60	45	54	54	60	58	55	55	55	57	59	60	60	59	59	59	61	62	61	60	58	56	50	44	50	46	51	55	51	50	53	51	50	50	49	49	49	48	43	39	33	34	38	44	49	50	46	41	38	40	38	33	35	39	44	41	49	47	49	49	47	49	50	50	51	52	48	47	48	51	67	92	89	76	31	27	31	31	24	14	14	17	10	19	22	23	19	25	38	57	56	53	54	48	49	55	51	50	49	48	48	49	49	48	50	51	52	53	54	54	52	52	54	49	52	51	56	49	52	52	52	53	53	53	52	52	53	53	55	48	38	29	23	18	14	12	13	15	18	12	10	12	16	18	16	15	16	10	11	29	76	176	237	237	234	233	234	238	240	224	189	74	30	16	9	16	22	20	20	20	21	21	20	20	21	21	21	22	23	22	22	22	23	24	30	58	69	86	84	81	81	101	105	103	102	107	111	108	105	104	108	109	106	103	108	102	99	104	98	92	90	91	87	80	83	90	111	117	121	117	112	106	100	94	91	93	94	93	92	94	96	96	87	66	50	32	37	40	39	37	34	36	30	36	33	30	35	34	32	33	34	34	33	32	33	33	35	34	34	35	35	36	37	37	42	40	39	39	39	38	37	38	35	35	35	36	38	38	38	38	38	34	37	35	35	35	33	36	32	32	32	32	32	32	31	31	31	31	30	30	30	30	31	31	30	34	30	31	31	31	34	30	31	30	30	30	31	32	31	31	30	34	32	30	32	33	31	32	32	32	32	32	32	32	33	33	35	48	48	65	57	62	59	61	62	60	59	60	61	61	61	63	65	63	66	61	65	61	64	62	63	64	66	67	67	65	64	62	67	65	65	66	67	65	65	66	67	66	66	67	67	66	66	68	67	67	68	68	68	68	68	69	66	66	66	67	67	68	68	68	69	69	69	69	69	69	70	70	71	68	67	68	72	73	72	70	72	74	73	72	73	74	74	73	70	72	71	69	68	70	71	71	74	70	73	71	70	72	71	77	77	80	76	77	77	76	78	74	76	76	76	76	76	75	72	71	71	74	72	77	73	77	74	76	76	76	75	74	73	74	74	75	74	73	71	69	69	71	71	70	70	69	69	68	67	67	67	67
271	56	56	55	55	55	56	57	57	56	56	56	56	56	56	56	56	56	56	57	58	59	59	58	57	59	59	58	58	57	57	56	56	59	59	59	59	60	60	59	58	59	60	60	60	59	58	58	59	57	58	58	56	57	59	60	58	59	59	59	59	59	58	58	58	59	60	59	59	58	58	59	60	56	64	57	59	59	63	56	59	58	59	59	59	59	59	61	62	53	52	54	58	61	61	60	59	60	61	61	61	61	61	61	62	61	61	61	61	62	62	63	63	63	64	64	64	64	64	64	65	66	66	66	66	66	66	66	66	66	66	69	68	68	68	68	69	68	68	68	67	68	69	66	65	66	68	66	70	67	62	67	69	76	73	69	68	68	69	70	70	70	63	65	59	66	67	58	77	80	72	62	72	111	195	227	240	233	233	237	246	242	222	185	90	59	44	53	54	61	59	56	56	55	57	59	60	60	59	59	58	59	60	60	59	59	57	52	46	52	46	50	55	51	51	53	49	50	50	49	48	48	47	43	39	29	31	37	43	47	45	37	30	32	34	29	38	35	38	37	38	46	42	50	53	49	53	54	52	49	56	53	46	46	49	65	88	87	69	30	30	25	24	28	22	10	17	11	22	20	16	14	28	36	55	55	56	62	55	51	53	56	55	53	52	52	52	51	50	51	52	53	54	54	53	51	51	56	51	54	52	58	49	52	52	51	52	54	54	53	52	51	51	49	47	47	46	44	37	27	20	12	15	18	12	9	12	15	16	16	15	16	10	10	28	75	176	237	237	234	233	234	238	240	224	190	73	29	15	8	15	22	19	18	19	19	19	19	19	19	20	23	22	21	19	20	24	32	38	58	92	70	65	62	60	54	72	71	81	78	80	69	87	80	84	75	82	77	84	85	85	78	86	76	80	77	72	70	71	73	76	101	112	121	121	115	107	99	92	95	97	96	94	92	93	94	92	83	62	47	29	33	36	35	33	34	37	29	38	32	32	36	36	33	34	36	36	36	36	36	37	34	35	37	39	39	38	37	35	38	41	41	39	39	42	41	37	37	40	42	38	33	32	36	41	35	34	34	38	33	38	30	35	34	34	35	35	35	35	34	34	32	32	32	33	33	33	33	33	29	34	31	32	32	32	36	32	32	31	30	30	31	32	31	30	29	33	32	29	32	33	32	32	34	33	33	32	32	32	33	33	34	48	48	66	58	64	60	61	60	62	61	57	58	62	63	61	63	61	65	60	66	62	66	64	66	66	65	65	64	64	64	64	68	66	65	67	67	65	64	65	67	65	64	66	67	66	66	69	66	67	67	68	67	67	68	68	66	66	67	68	69	69	69	68	66	67	68	68	68	68	69	69	70	71	71	70	69	68	69	70	72	70	69	72	72	70	70	73	69	73	74	73	72	72	71	68	73	69	72	70	70	72	72	78	77	80	76	77	77	76	78	73	76	76	76	77	76	75	72	70	72	75	72	77	72	76	72	75	75	75	76	76	76	75	75	75	71	72	72	70	70	71	70	68	71	70	70	68	68	67	67	66
272	55	55	56	57	58	58	57	56	55	56	56	57	56	56	57	58	57	56	56	56	56	57	57	58	58	58	59	59	59	58	57	57	61	59	58	60	59	56	58	62	59	60	60	60	59	59	59	60	60	61	61	60	58	56	57	59	58	58	58	57	58	58	58	58	61	59	61	56	61	57	62	61	60	60	59	58	58	59	61	62	59	59	59	59	59	59	59	59	55	54	55	58	60	60	60	62	60	61	63	64	64	63	61	60	63	61	61	62	65	65	63	61	64	65	66	66	65	64	64	64	65	66	66	65	65	65	66	67	70	67	68	70	70	68	67	70	65	68	69	67	67	68	68	66	65	66	72	68	68	61	68	73	76	70	65	66	68	68	67	68	69	63	61	65	63	65	62	74	81	68	60	73	111	193	227	241	234	232	236	244	240	225	186	85	62	46	53	61	56	56	57	55	56	57	59	60	61	60	60	59	58	59	60	59	59	56	50	44	45	49	45	51	53	49	54	49	50	50	49	46	46	46	42	38	29	29	32	37	39	37	33	32	31	32	33	34	36	38	40	41	44	44	49	46	52	49	53	51	48	50	52	48	44	51	74	94	100	71	29	27	31	26	30	16	11	14	14	12	13	16	19	19	33	53	50	59	56	52	51	53	54	54	53	52	51	50	50	50	47	54	52	56	50	56	53	53	49	55	53	52	49	58	55	52	54	53	51	51	51	52	52	51	49	51	52	51	50	45	35	26	15	16	17	9	5	7	11	13	13	13	11	6	6	26	66	181	238	237	235	233	234	238	238	223	191	66	31	10	9	15	21	19	17	17	17	17	17	18	19	19	19	21	19	21	24	22	32	54	68	78	78	58	57	38	48	53	65	65	66	69	69	69	68	68	67	66	65	65	66	67	67	68	70	66	61	63	65	56	54	66	95	115	125	119	112	104	95	89	93	91	92	93	93	91	92	94	83	62	48	32	36	36	36	36	39	31	31	36	36	33	34	39	35	35	34	35	36	36	36	36	35	35	35	35	36	36	36	36	35	36	37	37	37	36	36	36	36	36	36	36	36	36	35	35	35	35	34	34	33	33	33	33	33	32	33	35	35	33	33	34	35	32	32	35	34	31	32	36	33	33	33	33	33	32	31	30	32	32	31	31	32	32	31	30	29	29	30	31	31	31	31	31	29	30	30	30	29	29	30	30	36	48	50	61	58	61	61	59	61	62	62	63	62	61	60	60	62	63	64	64	62	62	63	64	64	64	64	64	64	64	65	65	64	65	65	65	65	66	66	66	64	69	64	69	69	64	69	65	67	66	66	67	67	65	66	68	67	67	67	68	68	68	67	66	69	68	67	66	67	67	67	67	71	71	70	70	69	69	70	70	70	72	73	73	73	72	72	72	70	71	72	72	72	71	71	71	72	71	70	71	72	72	74	77	76	79	76	78	78	75	78	76	75	76	77	77	75	74	73	73	72	74	75	76	76	76	76	76	73	73	74	75	75	73	73	75	73	73	72	73	74	74	73	72	74	73	70	69	67	67	67	66
273	57	56	57	57	58	58	57	56	58	58	58	57	56	55	55	55	58	57	57	57	56	57	57	58	57	57	58	58	58	58	57	57	58	60	60	59	58	58	59	60	59	59	60	60	59	59	60	60	60	61	61	60	60	58	58	59	57	58	59	60	60	59	57	57	59	59	58	59	58	60	59	60	61	60	59	59	59	59	60	61	59	59	59	59	59	59	59	59	57	55	56	59	61	61	62	63	62	62	61	61	61	62	63	63	60	62	64	64	62	62	63	65	66	66	65	64	64	64	66	67	65	66	66	66	66	66	66	67	69	68	68	69	69	68	68	69	67	69	69	67	66	68	68	67	65	65	71	67	68	63	70	74	76	70	66	66	68	68	67	67	70	64	61	65	63	66	62	74	81	68	60	74	112	193	227	241	234	232	236	245	240	225	186	84	60	45	52	60	57	56	57	54	57	57	58	59	60	60	60	60	58	59	60	59	59	57	51	45	44	48	44	49	51	48	52	48	47	48	47	45	45	45	42	37	31	30	31	34	35	34	33	33	31	32	34	35	37	39	41	43	45	46	47	50	49	51	50	51	49	55	53	48	48	46	56	78	76	69	44	34	30	23	27	28	19	10	8	15	18	15	16	23	36	50	53	60	56	56	54	55	54	53	53	52	51	51	51	51	51	50	57	49	55	53	54	52	54	47	54	51	60	48	55	55	55	53	52	51	51	51	51	51	54	52	48	44	44	44	42	38	32	26	19	8	6	11	15	15	12	12	10	5	5	25	65	180	238	237	235	233	234	238	238	223	189	65	29	9	8	14	20	18	15	15	15	15	16	16	17	17	18	21	19	19	23	24	30	43	44	50	43	36	39	34	39	41	48	48	48	49	48	47	45	45	48	47	46	46	46	46	46	46	45	49	50	49	47	45	49	57	86	111	128	124	114	106	98	95	92	91	91	92	92	90	91	93	81	61	47	32	36	36	36	36	34	32	33	35	35	34	34	33	34	34	34	34	35	36	35	35	36	36	35	36	36	36	36	35	35	36	37	37	36	36	36	36	36	36	36	36	36	35	35	35	34	34	34	34	34	33	33	33	33	32	33	35	35	34	34	35	34	35	35	34	34	34	35	35	33	33	34	34	34	33	33	32	32	32	32	32	32	32	31	30	29	30	30	31	31	31	31	31	32	32	32	31	29	29	29	29	37	48	50	61	58	61	61	59	62	62	61	60	60	61	62	63	62	63	63	63	63	63	63	64	64	64	64	64	64	64	64	64	64	65	65	65	65	65	66	66	64	68	64	68	68	65	69	66	67	66	66	68	67	65	65	67	66	66	66	67	67	67	66	66	68	67	66	66	67	67	67	67	69	69	68	68	69	69	70	70	69	72	73	72	72	71	72	72	72	72	71	70	69	70	72	73	72	71	70	71	71	72	74	77	76	79	76	78	77	75	79	77	76	77	77	77	75	73	72	72	71	73	75	76	76	75	75	75	75	74	74	74	74	72	73	75	72	71	70	70	72	74	75	76	71	71	70	71	69	68	66	65
274	58	58	57	58	58	58	57	56	56	57	57	57	56	56	57	58	59	58	58	57	57	57	57	57	57	57	57	58	58	58	58	58	55	60	61	58	57	61	61	58	58	59	60	60	60	60	61	61	61	61	60	61	62	60	59	59	59	59	60	60	60	60	58	57	57	60	56	62	56	61	57	59	62	61	60	59	59	59	60	60	60	60	60	60	60	60	60	60	56	55	55	58	60	60	61	62	62	62	61	60	61	62	63	64	60	62	64	64	62	62	64	66	66	66	66	65	65	65	67	68	66	66	67	67	67	66	67	67	69	70	69	68	68	69	70	69	68	69	69	67	66	68	69	69	67	66	70	66	68	64	70	73	75	70	67	67	67	67	67	67	71	65	63	66	63	66	63	73	80	68	61	75	113	194	227	240	234	232	236	245	241	225	186	84	57	45	52	59	57	57	56	54	58	58	58	58	59	60	60	60	59	60	60	60	59	57	51	45	43	45	43	46	47	45	48	45	44	44	44	43	43	43	40	36	32	31	31	32	32	31	32	33	33	34	35	37	38	40	43	44	45	48	46	52	46	52	49	51	50	53	48	48	49	32	34	65	88	75	43	21	21	23	20	21	21	11	8	13	14	11	16	26	32	40	50	56	50	55	50	51	53	53	52	52	52	52	52	52	53	48	57	48	54	54	51	52	49	55	50	57	49	59	53	54	55	54	53	52	51	51	51	50	51	50	48	46	46	47	44	41	40	33	23	9	4	7	10	11	10	11	8	4	4	24	64	179	238	237	235	233	234	238	238	223	188	64	28	7	6	13	19	16	13	13	14	14	14	14	14	14	13	17	16	15	19	22	23	27	19	21	11	11	15	16	18	18	17	17	17	16	17	15	14	13	14	14	13	12	12	12	12	12	17	23	28	26	24	29	35	35	65	99	123	120	108	98	92	91	92	91	91	91	91	90	91	92	79	59	46	31	36	36	36	37	33	34	35	33	33	34	33	29	34	33	33	34	34	35	35	34	37	36	35	35	36	36	35	34	35	36	36	36	36	35	35	36	35	35	36	36	35	35	35	35	34	34	35	35	34	34	33	33	34	33	33	34	35	34	35	36	33	37	38	34	33	37	37	34	33	34	34	35	35	35	34	34	33	32	32	32	33	32	31	31	30	30	30	30	31	31	31	32	31	31	31	31	31	31	32	33	38	49	50	60	58	61	61	59	62	61	60	60	60	61	62	64	63	62	62	63	64	64	64	64	63	64	64	64	65	64	64	64	64	64	65	65	65	65	65	66	64	67	64	67	67	66	69	67	66	66	67	68	67	66	66	67	66	66	66	66	67	67	66	65	66	66	66	67	67	68	67	67	66	66	66	67	68	68	69	70	69	71	71	71	71	70	71	72	72	72	71	70	69	70	72	73	72	71	70	71	71	72	74	77	75	78	75	77	77	75	79	78	77	77	78	77	75	73	72	71	70	72	74	75	75	74	74	73	77	75	74	74	73	71	72	74	74	72	71	70	71	72	72	72	70	70	69	70	68	68	66	65
275	58	57	57	57	58	58	57	57	55	56	57	57	57	57	58	59	59	59	58	58	58	58	58	58	58	58	58	58	58	58	59	59	55	58	60	59	59	61	60	58	59	59	60	60	60	60	61	61	61	60	60	61	62	61	60	58	62	61	59	58	57	58	59	60	58	59	57	60	57	60	58	59	61	61	60	60	59	60	60	61	60	60	60	60	60	60	60	60	56	55	55	56	58	60	61	62	60	60	61	62	63	63	63	63	65	63	61	61	64	65	64	63	63	65	66	67	67	66	66	66	66	67	68	68	67	67	67	67	68	71	70	67	67	70	71	68	69	69	69	68	68	68	69	70	70	68	70	65	69	65	70	70	71	69	67	66	67	67	67	67	71	67	64	66	63	67	63	73	78	68	62	77	114	194	226	240	234	232	236	245	241	225	186	84	54	45	51	58	58	58	55	54	58	58	58	59	59	60	60	60	59	60	60	60	60	57	51	45	42	43	41	43	43	42	43	41	41	41	41	41	41	40	37	35	29	30	32	33	32	30	31	33	36	37	38	39	40	42	44	45	46	48	47	51	48	52	49	51	53	55	52	56	61	53	46	53	58	50	43	32	28	28	21	17	16	27	34	30	26	29	34	36	34	37	53	59	50	59	52	53	53	52	52	51	51	51	51	51	53	49	51	52	48	59	47	53	49	53	57	49	53	55	58	51	55	54	52	52	52	51	51	51	48	49	49	50	50	48	43	39	42	42	39	23	9	6	9	13	9	9	7	2	2	22	63	178	238	237	235	233	234	238	238	223	187	63	27	6	5	12	18	16	12	13	13	13	13	12	11	10	8	9	9	10	12	13	13	13	20	24	20	19	18	15	18	17	21	21	21	21	21	23	23	23	21	20	20	20	20	20	20	19	24	24	29	31	31	39	41	33	63	102	131	130	116	104	98	97	94	92	91	91	91	91	92	92	78	58	46	31	36	37	36	36	35	34	33	31	31	33	34	32	34	33	33	34	34	35	35	34	36	35	35	35	35	35	35	34	35	36	37	36	36	35	36	36	35	35	35	35	35	35	35	35	34	34	35	35	35	34	33	32	35	34	34	34	34	35	35	36	33	36	37	35	35	36	36	34	34	34	35	35	35	35	35	35	33	33	33	33	33	33	32	31	31	31	31	30	30	31	31	32	30	30	31	32	32	33	34	36	39	50	51	60	58	60	61	59	59	60	61	62	63	62	62	62	64	62	62	63	64	65	64	63	63	64	64	65	65	65	64	64	64	64	64	64	65	65	65	65	65	66	65	66	66	66	68	67	65	66	67	68	67	66	66	66	66	66	66	66	67	67	66	66	66	66	66	67	68	68	67	66	65	65	66	66	67	68	68	69	68	70	70	70	69	69	70	71	69	71	72	72	71	71	70	70	72	70	70	71	71	71	74	77	76	78	75	76	76	74	79	78	76	77	77	76	75	73	71	71	70	72	74	75	75	74	73	73	76	75	74	74	73	71	72	74	73	73	73	73	74	72	69	67	72	71	68	67	66	66	66	66
276	57	56	56	56	57	58	58	57	58	59	59	58	57	56	56	56	58	58	58	59	59	59	59	59	59	59	58	58	58	58	58	58	58	57	58	61	62	59	58	60	60	60	61	61	60	60	60	61	60	60	59	61	62	61	59	58	62	60	59	57	57	58	58	59	61	59	60	57	60	58	61	61	61	60	60	60	60	61	61	61	60	60	60	60	60	60	60	60	57	57	56	57	59	61	63	63	60	60	61	62	63	63	63	63	66	64	62	62	64	65	64	62	62	64	66	67	67	66	66	65	66	67	68	68	68	67	67	67	68	71	70	68	68	70	71	68	68	69	70	70	69	69	68	69	70	68	69	65	70	67	71	69	67	67	67	66	66	67	67	67	71	67	65	66	63	67	63	73	76	66	62	77	114	194	226	240	233	232	237	245	241	225	186	83	52	46	51	56	59	58	55	54	57	58	59	60	60	60	59	59	59	60	60	60	59	57	51	45	41	40	40	39	39	39	38	38	39	39	39	39	39	37	34	33	30	30	32	33	33	32	33	36	39	40	40	41	41	42	44	45	46	46	50	48	52	49	52	51	50	51	55	59	71	87	76	44	19	10	23	32	26	27	24	14	11	30	44	41	38	43	42	36	32	37	54	60	50	58	51	53	52	52	51	50	50	49	49	49	51	48	49	52	48	58	48	53	54	48	51	54	58	50	52	56	54	53	52	51	51	52	51	51	51	49	47	46	46	45	45	44	40	44	46	31	15	8	9	12	8	8	6	1	1	22	63	178	238	237	235	233	234	238	238	223	187	63	27	7	5	12	18	16	13	13	14	13	12	10	8	7	4	1	3	7	6	4	5	7	11	13	20	16	19	6	14	9	7	7	7	8	8	9	9	11	13	13	12	13	14	14	14	13	21	18	24	30	30	32	33	28	53	93	124	123	110	99	91	89	93	93	91	91	91	92	91	90	78	58	47	32	37	37	36	36	37	33	32	33	33	32	33	34	34	34	33	34	35	35	35	35	34	34	33	34	34	35	34	34	36	36	37	36	36	36	36	37	35	35	35	36	36	35	35	35	34	34	35	35	35	34	33	33	36	36	35	34	34	34	35	34	35	34	35	37	36	33	33	35	35	35	35	34	34	34	34	34	34	34	33	34	34	34	33	32	32	32	31	31	31	31	31	32	34	32	32	33	32	31	32	35	41	51	51	60	57	60	60	59	60	60	61	62	62	62	61	62	64	63	62	63	64	65	64	62	64	64	64	64	64	64	64	64	64	64	64	64	65	65	65	65	66	65	66	65	65	66	66	67	65	66	67	67	67	66	66	66	67	67	66	66	67	67	67	66	66	66	66	67	67	67	66	65	65	66	66	66	67	67	67	67	67	69	69	69	69	69	70	71	69	70	71	72	71	70	70	70	71	70	70	70	71	71	73	76	76	79	75	76	75	73	78	76	75	76	77	76	74	73	72	71	71	72	74	75	75	74	73	73	74	73	74	74	73	71	71	73	70	71	72	73	75	74	72	70	72	71	68	67	65	65	65	65
277	57	56	56	56	57	58	58	58	57	58	58	58	57	57	57	58	57	58	58	59	59	59	59	59	58	58	58	58	57	57	57	57	61	57	57	61	62	59	58	61	60	61	61	61	60	60	60	61	61	60	60	61	61	59	59	58	58	59	60	60	60	59	58	57	62	59	62	56	62	57	63	62	60	60	60	60	61	61	62	62	60	60	60	60	60	60	60	60	57	57	56	55	57	61	63	63	62	62	61	60	61	62	63	64	63	65	66	65	62	62	63	65	65	65	65	65	65	65	66	67	67	68	68	68	67	67	67	67	68	70	70	69	69	70	70	68	68	68	69	71	70	68	68	69	69	66	67	64	71	71	73	69	64	66	67	67	66	67	68	67	71	67	65	66	63	68	64	73	74	65	61	77	114	194	227	240	233	232	237	246	241	225	185	83	52	47	51	55	59	59	54	54	57	58	59	60	61	60	59	58	58	59	60	59	59	57	50	44	40	36	38	35	35	38	35	37	37	37	37	38	37	34	33	33	34	32	31	32	33	34	37	41	41	42	42	42	42	43	44	46	47	46	51	47	53	49	53	51	51	43	51	61	68	86	92	74	71	53	48	45	30	23	21	9	16	20	22	22	23	25	24	21	25	36	50	58	49	53	49	51	52	51	51	50	49	48	48	48	50	47	50	48	55	49	53	51	51	52	46	57	49	56	50	55	53	52	51	51	51	51	51	51	50	48	46	45	45	45	45	47	42	42	42	31	21	15	12	9	8	8	6	1	1	21	63	178	238	237	235	233	234	238	238	223	188	64	28	7	6	13	18	16	13	13	13	13	11	9	7	6	5	0	3	7	3	0	3	6	16	13	23	20	26	11	20	9	12	12	12	12	12	12	13	13	18	17	18	18	19	20	19	19	18	17	25	31	27	24	27	31	55	95	126	125	112	102	95	92	92	92	91	90	90	91	90	88	77	58	47	33	37	38	36	36	35	32	33	36	36	33	32	33	34	34	33	34	35	35	35	35	33	33	33	33	34	35	34	34	36	36	36	36	35	35	36	37	35	35	36	36	36	36	36	36	34	35	35	35	35	34	33	33	35	36	35	34	33	34	34	33	35	32	33	36	36	32	32	36	35	35	34	34	34	34	34	34	35	34	34	34	34	34	33	33	32	32	32	31	31	31	31	31	33	31	31	33	33	31	33	36	43	52	52	60	57	59	60	59	62	61	60	60	60	61	62	64	64	64	63	63	64	64	63	63	64	64	64	64	64	64	65	65	63	64	64	64	64	64	65	65	66	64	67	65	65	67	64	66	65	67	68	67	66	67	67	66	67	67	66	66	67	67	67	67	67	66	66	66	66	66	65	65	66	66	66	67	67	67	66	66	66	69	69	69	69	69	70	70	71	71	70	69	68	69	71	72	71	70	69	70	70	71	73	76	76	78	75	76	76	73	77	75	75	76	76	76	74	73	71	71	72	73	74	75	74	73	73	73	72	72	73	74	73	71	71	73	74	73	71	70	72	72	72	72	70	70	69	69	67	65	63	62
278	58	57	56	56	57	58	58	58	56	56	57	58	58	58	59	60	58	58	58	59	59	59	58	58	58	58	59	59	59	59	58	58	62	60	59	59	60	60	60	60	60	61	61	61	60	60	61	61	61	62	62	61	61	59	59	60	58	59	60	61	61	60	58	58	61	60	60	59	60	60	61	62	61	61	61	61	61	61	61	61	61	61	61	61	61	61	61	61	56	57	55	54	56	60	62	62	62	62	61	61	61	62	63	63	61	64	66	65	63	63	64	66	66	66	66	66	65	65	66	67	67	68	68	67	67	66	67	67	69	68	69	71	71	69	68	69	69	68	69	70	69	68	68	70	68	65	67	64	73	73	74	68	63	67	69	68	67	68	68	67	70	67	65	65	62	68	64	72	72	63	60	76	114	194	227	241	233	233	237	246	241	225	185	82	52	49	51	54	60	59	53	55	57	58	59	60	60	60	59	59	58	59	59	59	58	56	50	44	37	33	36	33	33	38	34	37	36	35	35	36	36	34	33	35	37	34	33	34	36	37	40	43	42	43	43	43	43	44	45	46	48	48	50	50	51	50	51	51	58	48	52	61	66	80	101	112	116	120	104	83	53	25	19	13	20	13	9	9	10	9	9	11	21	41	51	61	55	53	52	55	51	51	50	49	49	48	48	48	48	50	48	50	56	44	55	49	50	50	56	44	53	50	57	51	53	52	51	50	50	50	50	50	48	46	47	48	48	46	45	46	47	46	45	37	32	28	21	15	9	8	6	1	1	22	63	179	238	237	235	233	234	238	238	223	188	64	28	7	6	13	19	16	13	13	12	12	11	9	7	6	8	3	6	7	3	4	7	4	17	15	22	24	24	14	21	13	13	13	13	14	14	16	17	17	18	18	18	21	21	21	21	20	21	24	26	28	25	20	22	31	58	98	127	124	111	102	96	93	91	92	91	90	91	92	90	86	75	56	46	32	37	38	36	36	35	34	35	34	34	34	33	30	33	33	33	33	34	35	34	34	35	34	34	34	35	35	35	34	35	35	35	35	34	34	35	36	35	36	36	36	37	36	36	36	35	35	35	35	34	34	34	34	34	35	35	34	33	34	34	32	34	34	34	35	34	33	34	35	35	35	34	34	34	35	35	36	35	35	34	35	35	35	34	33	32	32	32	32	32	31	31	31	31	29	29	32	32	31	33	38	44	53	52	60	57	59	60	59	61	61	60	60	60	62	63	65	63	64	64	64	63	63	64	64	65	64	63	63	63	64	65	66	63	63	64	64	64	64	64	65	65	62	68	65	65	68	63	66	65	67	68	66	65	67	67	66	67	66	65	65	66	66	67	66	67	66	65	65	66	66	66	65	65	65	66	66	66	66	66	65	66	68	69	69	69	69	69	70	71	71	70	69	68	69	71	72	71	70	69	70	70	71	73	76	75	78	75	77	76	73	77	75	75	76	76	76	74	72	71	70	73	74	74	74	73	73	73	74	72	71	71	72	72	70	71	72	75	73	71	70	70	70	70	70	69	69	68	68	66	65	64	62
279	59	58	57	57	57	58	58	58	58	59	59	58	57	57	57	57	58	58	59	59	59	58	57	57	59	59	60	61	61	61	60	60	62	63	61	57	58	62	62	59	59	60	61	61	61	61	62	62	62	63	63	62	61	58	59	61	60	60	60	60	60	61	60	61	59	61	58	63	58	63	59	61	62	62	61	61	61	61	61	60	61	61	61	61	61	61	61	61	58	58	57	55	57	61	63	63	60	61	63	64	64	63	61	60	63	62	61	63	66	67	66	64	64	66	68	69	68	67	65	64	68	68	67	67	66	66	67	68	69	67	69	72	72	69	67	69	70	68	68	69	68	67	68	71	69	66	67	64	73	73	73	66	64	68	70	69	68	68	68	67	69	67	64	65	62	68	65	73	70	62	60	76	113	194	227	241	233	233	237	246	242	225	185	82	52	50	51	54	60	59	53	55	58	58	59	59	59	59	59	60	57	58	59	59	58	56	50	44	34	29	34	30	31	37	32	37	35	33	33	35	34	32	33	35	37	35	35	37	40	40	41	41	42	42	43	43	43	44	46	47	48	50	48	53	48	52	49	50	50	55	50	46	63	91	105	105	92	106	78	60	53	29	16	4	5	7	10	11	10	8	6	6	13	40	46	58	54	48	49	53	51	51	50	50	49	49	49	49	45	56	42	57	51	45	53	49	53	49	45	54	50	50	49	56	54	52	51	50	50	50	49	49	52	48	46	46	46	44	45	48	42	44	46	40	34	29	21	15	9	8	6	1	1	22	63	179	238	237	235	233	234	238	238	223	188	64	28	7	6	12	18	16	13	13	12	12	11	10	8	7	10	8	10	8	4	9	11	2	11	13	19	26	16	12	20	18	19	19	21	23	25	28	30	32	32	32	32	33	34	35	34	33	33	35	30	25	27	24	22	28	58	98	126	122	107	97	93	91	92	92	92	91	92	93	90	86	73	55	44	32	37	38	37	36	35	37	36	30	29	34	35	29	33	32	32	33	33	34	34	33	36	36	35	35	35	35	35	34	34	34	34	34	33	33	34	35	36	36	36	37	37	37	37	37	35	35	35	34	34	34	34	34	32	35	35	33	33	35	34	32	33	36	36	33	32	35	36	34	35	34	34	34	35	35	36	37	36	35	35	35	35	35	34	33	32	32	33	33	32	32	31	30	34	31	30	32	31	29	31	35	44	53	52	60	56	59	60	59	58	59	60	62	63	63	63	63	62	63	64	64	63	63	64	66	65	65	63	62	63	64	65	66	63	63	63	64	64	64	64	65	64	61	68	65	65	69	63	67	65	67	68	65	65	67	67	66	67	66	65	65	65	66	66	66	66	65	65	65	65	66	67	67	64	64	65	66	66	66	65	65	65	68	69	70	70	69	69	70	69	70	71	71	70	70	69	70	71	69	69	70	70	70	73	76	74	77	74	77	76	74	77	76	76	77	77	76	74	71	70	69	73	73	74	73	72	72	73	73	73	71	71	71	70	69	70	73	70	70	70	70	72	72	72	71	70	69	66	66	64	65	65	65
280	59	53	61	56	57	64	55	61	57	57	57	58	58	58	58	59	60	58	58	58	58	58	58	60	60	58	58	59	60	59	60	62	58	60	61	60	60	62	61	59	60	60	60	59	59	59	60	61	60	60	61	61	61	60	60	60	58	59	59	60	59	60	59	60	62	61	60	60	61	61	60	59	61	61	61	62	61	61	60	59	61	58	58	61	61	58	58	61	60	59	53	56	58	59	64	62	62	62	62	62	62	62	62	62	63	63	63	63	63	63	65	66	64	66	67	66	67	69	70	68	68	70	71	69	69	70	69	66	70	69	68	67	66	67	68	70	71	66	66	71	72	67	67	70	69	68	70	66	72	71	72	67	68	67	67	67	68	68	67	67	73	67	63	65	67	62	64	70	69	66	62	75	114	194	226	241	233	234	236	244	242	225	185	86	50	46	50	60	56	60	54	55	57	57	56	56	57	58	59	59	60	58	56	57	58	54	47	40	34	34	34	34	35	35	34	33	34	35	35	35	36	36	37	37	35	36	37	37	37	38	41	43	43	41	44	42	43	47	45	48	52	50	53	47	51	47	53	53	52	50	44	36	42	95	120	121	103	91	79	65	48	24	10	7	9	3	8	7	6	8	7	7	17	35	50	63	52	53	56	51	51	51	51	50	50	49	48	48	49	49	52	47	46	51	47	48	45	52	46	50	49	52	47	53	51	51	51	50	50	49	48	47	48	48	47	47	46	46	45	45	46	50	48	39	35	38	36	17	12	9	5	2	3	22	62	180	238	237	235	233	234	238	238	223	188	67	30	7	7	14	18	17	12	15	11	12	11	8	12	10	13	8	6	8	9	7	7	10	6	7	10	13	16	18	20	21	25	27	29	31	33	35	37	38	39	39	39	39	39	40	42	42	39	38	36	33	26	21	22	29	60	99	123	128	106	97	95	92	92	91	89	92	91	90	93	85	70	56	43	28	38	38	33	37	34	33	34	35	35	34	33	31	34	32	31	33	34	33	33	35	34	34	35	35	34	34	34	35	35	33	33	35	35	33	32	34	35	34	38	34	38	34	36	34	36	36	35	34	34	35	37	38	35	35	34	34	34	34	34	34	34	36	32	36	31	36	33	36	35	35	35	35	35	34	33	32	34	34	34	35	35	35	34	34	32	35	37	37	34	31	31	31	32	31	33	29	31	32	30	39	45	57	53	59	57	60	60	60	60	60	61	61	61	61	61	63	62	62	63	64	65	65	66	66	66	66	70	63	66	62	65	61	63	63	63	64	64	65	65	65	66	65	64	64	64	65	64	64	69	67	66	66	65	63	63	65	65	65	65	65	65	65	65	65	63	64	66	66	66	65	65	65	66	66	66	66	66	66	66	66	67	67	70	68	67	70	68	71	70	70	70	70	69	69	69	69	71	71	70	68	70	72	73	73	74	74	74	73	72	73	74	75	75	73	76	76	71	71	73	71	70	72	74	75	74	73	73	73	74	70	69	71	72	72	71	72	71	72	71	70	71	72	71	68	66	70	70	68	65	67	66	63
281	57	51	59	54	55	61	53	58	57	57	57	58	58	58	58	59	60	59	58	59	59	58	59	60	60	59	58	60	60	59	59	61	59	61	61	60	60	61	61	59	61	61	61	60	60	60	61	62	60	60	61	61	62	60	60	60	59	60	60	60	60	59	59	59	61	60	60	60	61	61	60	60	59	60	60	60	61	61	61	61	59	60	60	59	60	60	61	60	59	59	53	55	58	59	64	62	63	63	63	63	63	63	63	63	63	63	64	63	63	64	65	66	67	69	69	67	67	69	69	67	70	70	69	67	67	69	70	69	69	70	71	71	70	69	69	69	70	67	67	70	70	68	67	69	68	67	69	65	71	69	71	65	66	66	66	67	67	68	67	67	72	66	63	65	67	63	65	71	68	65	62	76	114	194	226	241	233	234	236	244	242	225	185	86	51	46	49	59	56	59	53	54	54	56	59	60	61	60	57	56	58	58	58	59	59	54	46	40	34	34	34	34	35	35	34	34	34	35	36	37	38	38	38	38	37	37	37	37	38	39	42	43	44	42	45	44	45	48	45	48	48	50	51	53	51	51	50	51	55	57	45	30	42	80	92	82	76	75	67	58	49	31	13	4	8	4	8	7	5	7	7	10	25	42	51	61	51	51	51	48	50	50	50	49	49	49	48	48	47	47	53	50	49	51	46	46	49	48	54	46	57	48	54	53	50	50	50	50	50	49	49	49	48	48	47	47	46	46	46	46	45	47	48	46	38	33	35	29	14	10	7	3	3	23	64	179	238	237	235	233	234	238	238	223	188	68	31	9	10	16	21	20	15	18	15	17	16	14	17	16	13	15	17	18	18	15	11	6	10	7	12	8	17	17	27	28	31	31	31	33	35	36	37	38	38	38	38	38	38	39	39	42	42	40	39	36	30	24	26	32	62	100	121	126	105	96	94	92	92	91	89	92	91	90	93	84	69	55	43	29	39	38	34	38	35	33	34	34	34	34	33	32	33	31	31	32	33	32	32	33	33	34	34	34	34	33	34	34	35	33	33	35	35	33	33	35	35	33	37	33	37	34	36	35	35	36	35	35	34	35	36	37	35	35	34	34	34	34	34	34	35	33	36	31	36	32	35	34	35	34	34	34	35	35	34	33	36	35	34	32	32	33	35	36	37	34	31	31	33	33	32	30	32	31	32	29	30	30	28	37	45	57	53	58	56	60	59	60	60	61	61	61	61	61	62	63	63	63	64	64	64	64	64	64	62	65	65	65	64	66	66	65	65	65	66	67	67	67	66	66	66	65	64	64	65	66	65	65	67	66	65	66	66	64	64	66	66	66	66	66	66	66	66	66	65	65	66	66	66	65	65	65	66	66	66	66	66	66	66	66	66	67	70	67	67	69	67	70	69	69	69	69	69	69	69	69	69	70	69	68	70	73	74	74	72	73	75	75	75	74	73	73	75	74	76	76	71	70	72	70	68	70	73	74	73	73	73	74	73	70	69	71	72	72	71	71	70	71	70	69	70	72	71	69	72	71	69	67	64	62	63	64
282	60	55	61	57	58	63	57	61	57	57	57	58	58	58	58	59	60	59	59	60	60	59	59	60	60	59	59	60	60	59	58	59	60	61	62	60	60	61	60	59	60	61	61	61	60	61	61	62	60	61	61	62	62	60	59	59	60	61	61	61	60	59	59	59	61	60	60	60	61	61	61	60	59	59	59	59	60	60	61	61	58	62	62	59	59	62	62	59	59	58	52	55	58	60	65	63	63	63	63	63	63	63	63	63	63	64	64	64	64	64	65	66	69	70	70	68	68	69	69	67	69	70	69	67	67	69	70	70	67	69	70	71	70	69	68	68	70	69	69	69	69	69	68	66	67	66	68	65	70	67	68	64	65	65	65	66	67	68	67	67	71	66	63	65	67	63	65	71	68	64	61	76	115	195	225	240	233	234	236	244	242	225	185	86	53	46	48	58	55	59	53	54	57	57	56	57	57	58	58	59	56	57	59	60	58	53	46	40	35	35	34	34	35	35	35	35	35	36	37	38	39	40	40	39	39	38	38	38	40	41	42	43	44	43	47	46	47	49	46	49	47	51	49	56	50	54	49	51	45	60	58	43	34	26	22	15	26	48	54	43	27	13	3	5	7	5	9	7	4	5	7	16	30	47	50	56	51	51	50	50	50	49	49	48	48	48	49	49	47	47	52	50	49	51	46	47	46	46	47	49	46	48	49	49	49	49	49	49	50	50	50	51	49	48	47	47	47	47	47	48	46	47	49	46	39	34	38	34	19	14	11	7	6	26	67	179	238	237	235	233	234	238	238	223	188	68	33	12	13	21	25	25	21	24	21	24	24	22	26	24	24	27	27	23	21	21	17	11	10	5	10	3	17	17	30	32	35	35	36	36	38	38	39	39	43	43	43	43	43	44	45	46	45	44	43	40	35	30	33	39	66	101	120	124	104	95	93	91	91	91	89	92	91	91	93	83	68	53	43	31	39	39	36	38	35	33	33	33	33	33	33	32	36	34	33	34	35	34	34	35	33	34	34	34	33	33	33	34	34	33	33	35	35	34	34	35	34	33	36	32	37	33	37	35	35	35	36	36	35	35	36	36	35	35	35	34	34	34	34	34	34	32	36	31	36	31	35	33	35	34	34	34	35	35	35	35	36	35	33	32	32	33	34	35	37	34	31	31	32	33	32	31	32	31	32	28	29	29	26	35	44	56	53	58	56	59	59	59	60	61	62	62	61	61	62	64	62	63	64	64	65	64	64	64	64	67	63	67	61	67	64	65	62	62	63	64	64	63	63	62	66	65	64	65	66	66	66	66	66	65	65	66	66	65	65	66	66	66	66	66	66	66	66	66	66	66	67	67	66	65	65	65	66	66	66	66	66	66	66	66	66	66	70	67	67	68	65	68	68	68	68	68	68	69	69	69	68	68	68	68	70	74	75	74	72	73	74	75	74	73	73	73	75	74	76	75	70	70	71	69	72	73	73	73	72	71	70	70	72	70	70	71	72	72	71	70	69	69	69	68	70	71	71	69	70	67	65	68	65	62	62	66
283	58	54	58	56	56	60	55	58	57	57	57	58	58	58	58	59	59	58	59	60	60	59	58	59	59	59	60	60	60	59	59	59	61	61	61	61	61	61	61	60	59	60	60	60	60	60	61	62	60	61	61	62	62	60	59	59	60	61	61	61	60	60	59	60	60	60	59	60	61	61	61	61	61	61	60	60	59	59	60	60	60	62	62	60	60	62	62	60	60	59	53	55	58	59	65	63	63	63	63	63	63	63	63	63	63	64	65	65	65	65	65	66	68	68	68	68	69	70	70	70	67	68	69	70	70	70	69	68	69	69	69	68	68	68	68	69	68	70	69	67	67	69	69	65	66	65	69	65	70	65	67	64	65	65	65	67	68	68	67	66	71	66	63	64	66	64	65	71	68	63	59	75	116	195	225	240	233	234	236	244	242	225	185	86	55	46	47	57	55	58	52	54	57	56	54	53	54	56	58	60	56	57	57	56	53	49	44	41	37	36	35	34	35	36	36	36	36	37	38	39	40	40	39	39	40	39	38	39	41	42	43	42	45	44	49	48	49	51	48	50	50	51	50	53	49	52	52	54	58	52	51	69	68	55	51	51	50	71	75	68	52	34	10	4	6	6	10	6	3	4	7	21	36	52	49	53	51	52	50	52	50	49	48	48	48	48	49	49	49	47	51	48	47	50	47	50	49	49	47	56	44	52	50	50	49	49	48	48	49	49	50	51	49	49	48	47	47	48	49	49	48	52	50	42	37	41	42	29	26	21	20	16	14	35	74	181	238	237	235	233	234	238	238	223	188	69	34	14	17	25	30	30	27	30	28	30	30	28	32	31	32	33	32	29	27	28	27	25	23	21	24	22	29	30	36	37	37	37	38	38	39	41	42	42	40	40	39	40	40	41	43	43	46	45	45	44	39	36	39	46	72	103	119	122	102	95	92	91	91	91	89	91	91	91	92	82	67	51	43	32	39	38	36	37	36	34	33	33	33	33	34	33	33	32	31	31	32	31	31	31	33	33	34	34	33	33	33	34	34	33	33	34	34	34	34	34	34	33	35	31	36	32	36	35	35	35	36	36	35	35	35	35	35	35	35	34	34	34	34	34	32	35	32	37	32	36	32	33	35	34	33	33	34	35	35	35	33	34	34	35	34	33	32	31	33	35	36	35	33	31	32	33	31	31	32	28	29	29	26	34	45	57	53	58	56	59	59	59	60	60	61	61	61	61	61	63	61	61	63	64	65	65	65	65	66	67	65	66	62	65	63	65	66	66	66	66	66	66	66	65	66	65	65	65	66	66	66	66	65	65	65	66	67	66	65	66	66	66	66	66	66	66	66	66	66	67	67	67	66	65	66	66	66	66	66	66	66	66	66	66	65	66	70	68	67	69	65	68	68	68	68	68	68	68	69	69	67	68	68	68	70	73	75	74	74	74	73	72	71	72	73	75	74	73	75	75	70	69	71	69	73	74	74	73	72	70	69	68	71	70	70	71	72	72	70	70	69	69	68	68	69	70	69	68	65	65	66	69	66	63	62	63
284	58	55	57	56	57	59	56	57	57	57	57	58	58	58	58	59	59	58	58	60	60	58	58	59	58	59	60	60	60	60	60	59	61	61	61	61	61	61	61	62	59	60	61	61	60	60	61	61	61	61	62	62	62	59	59	59	59	60	61	61	60	60	60	61	60	60	59	60	61	61	61	61	62	62	61	60	60	60	60	61	63	61	61	62	62	59	59	61	61	60	53	55	58	59	64	63	62	62	62	62	62	62	62	62	63	64	65	65	65	65	65	65	67	66	67	68	69	69	70	70	67	67	69	70	70	69	69	68	70	71	70	70	69	69	70	70	66	69	69	66	67	70	69	66	67	66	70	66	70	64	66	64	66	66	66	67	68	68	67	66	71	68	64	64	66	64	65	70	69	62	58	75	116	195	225	240	233	234	236	244	242	225	185	86	56	45	46	57	55	58	52	54	52	53	56	58	58	58	56	55	56	55	53	50	46	43	42	41	37	36	35	35	36	36	36	36	37	38	39	40	40	39	38	38	40	39	38	39	41	43	43	43	46	45	50	50	50	53	49	51	52	51	52	49	51	49	54	54	41	35	56	109	117	109	81	61	67	83	89	93	73	47	12	1	5	6	9	5	4	4	7	23	41	55	50	52	50	50	48	50	50	49	48	47	47	47	48	48	49	47	50	48	48	50	47	51	52	46	54	48	51	45	54	47	49	49	48	48	48	49	49	50	50	49	49	49	49	49	49	50	49	52	50	42	36	39	42	30	32	27	28	26	21	43	80	182	238	237	235	233	234	238	238	223	188	69	35	15	18	27	34	34	31	34	32	34	34	32	36	35	32	32	33	37	37	35	34	35	36	38	35	39	35	40	36	37	38	38	39	39	40	41	43	44	45	45	46	46	47	47	48	49	45	46	46	45	42	40	44	52	78	105	118	121	102	95	93	91	91	92	89	91	91	92	92	81	67	48	43	34	38	36	35	35	36	34	33	33	33	33	34	33	34	34	33	32	33	33	33	32	33	33	34	34	33	33	33	34	34	34	34	33	33	33	33	33	35	33	35	31	35	32	35	34	34	35	36	36	36	35	34	34	35	35	34	34	34	33	34	34	32	35	32	37	32	36	32	33	35	34	33	33	33	34	34	34	32	33	34	34	34	33	31	30	32	34	36	35	32	31	32	33	31	30	32	29	30	30	27	35	46	58	54	59	57	59	59	59	59	60	60	60	60	60	61	62	61	61	62	63	64	65	65	65	64	63	66	63	66	63	67	67	68	67	67	66	66	66	67	67	66	65	65	64	65	65	65	65	65	66	66	66	66	66	65	64	66	66	66	66	66	66	66	66	65	66	66	66	66	66	66	67	66	66	66	66	66	66	66	66	65	65	70	68	68	70	66	69	69	69	69	69	68	68	68	68	67	68	68	68	70	73	74	73	74	74	73	71	71	72	73	75	73	71	74	74	70	69	71	70	71	71	72	72	73	73	72	72	70	70	71	71	71	71	70	69	70	68	67	67	68	68	68	68	65	68	69	66	63	63	61	58
285	60	59	59	59	59	60	59	59	57	57	57	58	58	58	58	59	60	58	58	60	60	58	58	60	58	59	60	59	59	60	60	59	61	60	60	61	62	61	62	63	61	62	62	62	62	61	62	62	62	62	62	61	61	59	59	59	59	59	60	60	60	60	60	61	61	60	60	60	61	61	61	60	60	60	60	61	61	61	62	62	63	60	60	63	62	58	58	62	61	60	53	55	57	58	64	63	62	62	62	62	62	62	62	62	64	64	65	64	64	64	65	65	67	67	67	68	68	68	68	69	70	68	67	68	68	68	69	70	67	69	70	71	70	69	68	68	66	68	68	67	67	70	69	66	67	66	71	68	70	63	64	64	67	67	66	66	67	67	67	66	71	68	65	64	65	64	65	69	70	61	56	74	116	195	225	241	233	234	236	244	242	225	185	86	56	44	44	56	56	59	52	53	54	55	56	57	57	57	56	55	53	51	47	43	41	40	40	40	37	37	36	36	37	37	37	37	38	38	39	39	39	39	38	37	39	39	39	40	42	43	44	44	48	46	51	50	51	54	50	52	51	50	55	50	54	49	54	52	53	43	49	74	97	128	117	97	81	89	95	104	77	51	21	13	4	6	7	3	6	5	5	23	39	51	48	52	48	50	49	49	48	48	47	46	46	46	46	46	47	45	51	51	50	51	46	49	49	47	49	48	47	46	48	46	49	49	49	48	48	48	49	49	50	50	50	50	50	50	49	49	47	48	50	48	37	31	38	38	32	27	30	27	22	44	82	179	238	237	235	233	234	238	238	223	188	69	34	14	18	28	35	36	34	36	33	35	34	33	37	36	38	34	34	36	35	32	33	37	34	37	31	39	31	39	35	38	40	40	40	40	40	41	41	41	41	42	42	43	43	43	44	44	45	44	46	46	43	41	47	54	82	106	116	119	102	95	93	91	90	92	89	90	90	92	92	79	66	46	43	36	38	35	35	34	36	34	33	33	33	33	34	33	35	36	35	34	34	36	35	34	33	34	34	34	33	33	33	34	34	35	35	33	33	34	33	32	35	33	36	32	36	32	35	34	35	36	36	36	35	34	34	34	35	34	34	33	33	33	33	33	33	31	35	31	36	31	34	32	34	33	32	32	33	33	33	32	34	33	32	32	31	32	32	32	35	32	29	29	31	32	32	30	30	30	32	29	30	31	28	36	47	58	54	59	57	59	59	59	58	59	60	60	59	59	60	62	62	62	63	63	63	63	64	64	66	63	67	62	68	61	66	66	65	65	64	64	64	64	65	66	66	66	65	64	65	65	65	64	66	67	67	66	65	66	65	64	65	65	65	65	65	65	65	65	65	65	66	66	65	66	66	67	65	65	65	65	65	65	65	65	65	65	69	67	67	70	67	70	69	69	69	69	68	68	68	68	68	68	69	68	70	72	73	71	72	72	73	73	73	72	72	72	72	71	73	73	69	69	71	70	72	71	71	72	73	73	72	71	69	71	71	70	70	71	71	70	70	68	67	67	68	67	67	68	66	69	67	62	59	63	64	61
286	57	57	55	56	56	55	56	55	57	57	57	58	58	58	58	59	61	60	59	60	60	59	60	61	59	60	60	58	58	60	60	59	63	61	60	62	62	61	61	63	62	62	63	63	62	61	61	61	63	62	61	61	60	58	59	59	59	60	60	60	60	60	59	60	61	60	60	60	61	61	60	60	60	60	60	61	61	61	61	61	61	60	60	61	61	60	60	61	61	60	53	54	57	59	65	63	63	63	63	63	63	63	63	63	64	64	64	64	63	63	64	65	68	67	67	68	68	67	67	69	71	68	67	68	68	67	68	70	66	67	68	69	68	67	67	67	68	68	67	67	68	68	67	66	67	66	71	68	69	61	63	63	67	66	65	65	66	67	67	67	71	68	65	64	65	64	66	69	71	61	54	72	116	195	226	241	233	234	236	244	242	225	185	86	56	43	43	56	57	59	52	53	57	56	55	54	53	53	54	54	48	46	43	40	39	39	39	38	37	37	37	37	38	38	37	37	38	39	39	39	39	39	39	39	38	39	41	42	43	44	45	46	48	47	52	51	52	54	51	53	51	52	54	53	53	51	52	51	62	51	44	30	91	158	164	150	106	95	90	102	79	62	28	6	5	6	5	3	8	6	4	21	34	44	45	52	45	49	51	47	45	45	45	45	45	44	44	44	47	45	50	51	51	51	46	49	49	55	48	55	47	55	48	53	49	49	50	50	50	50	49	49	50	51	51	51	51	50	49	49	47	48	50	48	37	30	37	39	32	26	29	26	20	44	82	176	238	237	235	233	234	238	238	223	188	68	33	13	17	28	35	36	34	36	32	34	34	32	38	37	43	41	38	36	34	33	35	38	34	37	33	39	35	42	39	43	40	40	40	40	40	40	41	41	43	45	46	47	47	47	46	46	46	45	47	47	44	42	47	55	85	106	115	118	102	95	92	90	90	92	88	90	90	92	92	78	65	44	43	37	38	36	36	35	36	34	33	33	33	33	34	33	30	31	30	29	30	32	32	30	33	34	34	34	34	33	34	34	34	35	35	34	34	35	35	34	34	33	36	33	37	33	36	34	35	36	36	36	35	34	34	34	34	34	33	33	32	32	32	32	32	30	34	29	34	29	33	31	32	32	31	32	33	33	32	32	32	32	32	31	31	32	32	32	33	31	28	28	31	32	31	29	30	30	32	30	30	31	28	36	46	58	54	59	56	59	58	58	59	59	60	60	60	60	60	62	63	63	62	62	62	63	64	64	66	65	66	66	66	63	63	65	66	67	67	68	68	68	68	68	66	66	65	65	65	66	66	65	66	67	67	65	64	66	66	64	64	64	64	64	64	64	64	64	65	66	66	65	65	65	66	67	65	65	65	65	65	65	65	65	65	65	69	66	66	68	66	69	68	68	68	68	68	68	68	68	67	68	68	68	70	72	72	71	72	72	73	73	72	72	72	72	72	71	73	73	69	69	70	69	74	73	72	71	71	71	70	68	69	71	71	69	69	70	71	70	70	68	66	67	68	67	67	69	66	67	64	63	60	62	64	66
287	59	60	57	58	59	57	59	57	57	57	57	58	58	58	58	59	63	61	60	61	61	60	61	63	60	61	61	58	58	59	60	58	64	61	61	62	62	60	60	63	61	62	63	62	61	60	60	60	64	63	61	60	60	58	59	60	59	60	60	60	59	59	58	59	62	61	60	60	61	61	60	59	60	60	61	61	60	60	59	59	57	61	61	58	59	62	63	60	60	59	52	54	57	59	65	64	63	63	63	63	63	63	63	63	64	64	64	63	62	63	64	65	68	66	67	69	69	68	68	70	69	68	68	71	70	68	66	67	70	70	68	67	66	67	69	70	69	67	67	68	68	67	66	66	66	66	71	68	69	60	62	63	66	65	64	64	65	66	67	68	70	67	64	63	65	65	67	70	72	61	54	72	115	195	226	241	233	234	236	244	242	225	185	86	55	42	42	57	57	60	52	53	52	54	56	56	55	52	48	46	44	42	40	40	40	40	38	37	37	37	37	38	38	38	37	36	39	39	39	39	39	40	40	40	38	40	42	43	43	44	46	48	49	47	52	51	52	54	51	53	52	54	51	55	48	53	50	53	44	56	62	13	69	112	111	106	87	84	90	108	81	66	35	11	5	5	3	2	9	7	3	20	34	42	45	53	42	45	48	42	42	43	43	43	44	44	43	43	49	45	49	49	49	50	47	52	47	49	51	45	54	48	49	52	49	50	50	51	51	51	50	50	51	51	52	52	52	50	49	48	47	51	51	44	36	37	41	32	36	28	31	27	21	47	85	179	238	237	235	233	234	238	238	223	188	68	33	12	16	27	35	36	33	35	31	33	33	32	38	38	37	43	46	45	45	46	45	41	38	39	38	39	38	38	38	38	40	40	40	40	40	41	41	42	41	42	44	45	45	45	44	43	47	46	46	47	44	42	47	55	85	106	113	117	101	95	92	89	90	92	88	90	90	93	92	78	64	43	43	38	39	36	38	36	35	33	33	33	33	33	33	32	33	34	34	33	33	36	36	34	34	34	35	35	34	34	34	35	34	36	36	34	35	37	37	35	33	32	36	33	38	34	36	35	36	36	36	36	34	34	34	34	34	33	33	32	32	31	31	31	31	32	28	33	27	33	29	32	30	30	31	32	33	33	32	31	29	31	32	33	34	33	31	30	28	31	34	34	32	30	30	31	30	30	32	29	30	30	27	35	46	58	54	58	56	58	57	57	59	60	60	60	60	60	61	62	62	61	61	61	62	63	65	66	62	63	61	69	64	67	64	69	62	63	64	66	66	66	65	64	66	66	65	65	66	67	67	67	66	67	67	64	64	66	66	65	64	64	64	64	64	64	64	64	66	66	66	65	64	64	65	66	65	65	65	65	65	65	65	65	66	65	69	66	65	67	65	68	67	67	67	67	67	68	68	68	67	68	68	68	70	72	73	71	74	73	72	70	70	71	73	75	72	71	73	73	68	68	70	68	71	70	70	70	71	72	71	70	69	71	71	69	68	70	71	70	70	67	66	67	69	68	68	70	69	66	65	67	63	60	60	63
288	58	58	58	57	57	57	59	60	58	58	58	58	58	59	59	59	58	58	58	59	60	61	60	59	60	59	59	60	60	59	59	60	62	62	62	62	62	61	60	59	62	61	61	60	61	62	63	63	62	61	61	63	62	58	59	61	60	63	63	58	57	61	62	61	61	61	60	59	59	59	60	60	61	61	61	61	62	63	63	64	61	61	61	61	61	61	61	61	61	61	56	51	55	65	67	62	64	60	65	60	60	64	59	66	67	68	67	65	66	68	68	66	67	67	67	67	68	68	69	70	67	69	69	68	68	70	70	68	69	69	69	70	70	70	69	68	67	67	67	67	67	66	65	64	69	67	71	66	67	59	62	62	66	65	65	65	66	67	67	67	71	67	64	65	66	63	65	69	70	60	50	73	117	193	227	241	233	232	236	245	241	225	186	83	54	36	46	51	58	54	51	53	53	50	50	52	51	46	43	43	41	41	40	39	38	37	37	36	37	34	40	36	35	39	34	38	35	37	39	40	40	39	38	38	39	40	42	44	46	47	47	48	51	51	51	51	51	51	52	54	54	51	56	52	51	55	49	54	55	55	52	46	40	35	30	25	32	53	91	114	106	77	39	8	6	5	5	6	4	3	7	15	30	40	44	45	44	43	46	41	45	44	42	40	41	42	45	47	46	49	46	49	50	47	49	47	47	47	48	50	50	47	46	48	49	49	50	52	52	50	50	52	51	52	54	53	52	50	49	48	48	52	50	41	32	35	39	36	31	30	29	26	23	46	81	181	238	237	235	233	234	238	238	223	187	68	33	13	17	26	33	33	31	37	34	32	37	35	32	37	46	46	49	52	52	49	48	50	45	46	43	39	38	41	40	37	42	42	42	42	42	41	40	39	42	44	41	46	46	42	46	46	47	44	47	47	40	39	48	56	84	107	116	113	104	93	93	93	92	91	90	94	91	93	93	77	60	43	39	39	38	37	34	37	33	34	35	36	35	35	35	35	37	34	33	35	35	33	34	37	34	35	35	36	36	36	36	36	36	36	36	36	36	36	36	36	36	32	39	35	35	39	33	37	38	38	37	36	34	33	32	32	33	34	33	30	29	31	32	31	31	31	31	31	31	30	30	29	29	31	31	29	29	31	31	29	30	31	32	33	32	31	30	28	31	31	31	31	30	30	30	30	31	30	30	28	32	30	26	38	49	53	53	56	58	58	60	55	59	58	58	60	60	59	61	65	59	64	66	62	61	62	63	62	65	65	64	63	63	63	63	63	66	64	67	63	68	64	67	65	67	65	65	68	68	66	65	65	68	67	66	65	64	64	64	64	65	65	65	65	65	65	65	65	66	62	69	62	66	63	63	64	66	65	65	65	65	66	65	65	64	64	65	65	67	67	67	66	70	68	68	69	69	67	67	69	69	68	68	69	71	72	71	71	75	71	71	73	73	71	71	75	72	73	72	68	68	71	70	67	75	74	73	73	73	72	71	70	71	70	70	71	71	71	70	69	67	66	66	66	66	66	67	67	65	66	63	61	62	64	64	62
289	58	58	58	58	57	57	58	59	58	58	58	58	58	58	58	58	61	61	60	60	60	60	59	58	60	59	59	60	60	59	59	60	62	62	61	61	62	61	61	60	61	61	61	61	61	62	62	63	62	61	61	63	62	59	59	61	59	59	61	62	61	60	59	59	61	60	60	60	60	60	60	60	60	60	60	60	60	60	61	61	61	61	61	61	61	61	61	61	64	57	52	53	57	60	63	65	63	62	64	62	62	65	63	67	65	66	67	66	67	70	70	68	68	68	67	67	67	68	69	69	68	69	69	68	68	70	70	68	69	68	68	68	69	69	68	68	70	70	70	69	69	68	68	67	64	63	68	65	66	59	62	62	67	66	65	65	66	66	67	66	70	66	64	65	67	64	65	69	69	60	50	73	117	193	227	241	233	232	236	245	241	225	186	83	55	36	46	51	58	54	50	52	53	52	49	47	45	45	44	43	41	41	40	40	39	38	38	38	41	38	43	40	39	42	38	42	38	38	38	38	38	38	40	41	42	43	44	45	47	48	49	49	50	51	51	51	51	51	52	53	53	51	56	52	51	54	50	54	51	53	50	41	33	30	28	25	29	43	67	84	81	62	34	12	3	2	2	4	3	2	8	15	27	37	40	42	42	41	45	41	41	41	41	42	42	43	44	44	45	48	46	49	49	47	49	47	50	48	48	48	48	47	48	51	50	49	50	51	51	49	49	51	53	52	52	52	52	51	49	47	45	50	49	41	34	34	36	32	28	27	27	24	22	45	81	182	238	237	235	233	234	238	238	223	191	71	35	14	18	28	36	37	29	34	31	29	33	30	27	30	28	32	39	46	49	49	50	53	40	36	32	32	34	36	37	37	36	35	36	37	38	39	39	39	41	42	40	44	44	41	45	45	44	43	45	46	39	38	47	57	86	108	116	113	103	92	92	92	91	90	89	91	89	91	91	75	59	42	38	39	38	38	36	39	34	35	36	36	35	35	35	35	35	34	34	35	35	34	34	35	35	35	35	36	36	36	36	36	36	36	36	36	36	36	36	36	36	35	38	36	36	38	35	37	35	35	36	35	35	35	35	36	31	32	32	29	29	30	31	31	31	31	31	31	30	30	30	29	29	31	31	29	29	31	31	29	30	31	31	32	31	31	29	29	31	30	30	30	29	29	29	29	30	29	29	28	31	31	27	38	50	58	58	58	54	52	58	59	58	57	58	59	59	58	59	62	64	63	64	65	65	64	65	66	64	64	64	63	63	63	64	64	65	64	67	64	68	64	67	65	67	65	65	67	68	66	66	67	68	67	66	66	65	64	64	64	64	64	64	64	64	64	64	64	63	60	68	62	66	65	65	67	65	65	64	65	66	66	66	65	65	65	64	65	65	66	65	65	69	68	68	70	70	67	67	68	68	68	68	69	70	72	71	71	73	72	71	72	72	71	72	73	73	71	69	69	69	68	68	68	69	69	69	69	70	71	71	70	70	69	69	70	71	71	70	69	69	69	68	66	66	65	64	64	64	65	62	61	61	63	63	61
290	58	58	59	58	57	57	57	57	59	59	59	58	58	58	58	58	60	60	59	59	60	61	61	61	60	59	59	60	60	59	59	60	62	61	60	61	61	61	61	61	61	61	61	61	61	62	62	62	61	61	61	62	62	59	59	61	60	57	58	63	63	59	57	59	59	60	60	60	60	60	60	60	62	62	62	61	61	60	60	60	60	60	60	60	60	60	60	60	63	56	50	52	56	59	61	64	57	60	58	60	61	60	63	63	64	65	67	67	68	70	70	69	68	68	68	67	67	67	68	68	68	69	69	68	68	69	70	69	68	67	67	67	67	68	67	67	67	67	67	66	65	65	65	65	67	66	70	65	66	59	61	61	67	66	65	65	66	66	66	66	68	65	63	65	67	64	64	68	68	59	50	72	116	193	227	240	233	232	236	245	241	225	186	83	54	35	46	51	58	53	49	49	50	51	49	43	42	45	44	40	41	41	41	41	40	40	40	40	37	36	39	37	36	38	35	38	40	39	39	38	38	39	41	43	46	46	46	47	48	49	50	51	50	50	51	51	51	51	52	53	52	51	54	52	52	54	51	54	57	60	56	47	41	42	41	36	19	22	25	29	33	27	15	9	6	5	5	6	6	6	11	18	25	34	36	38	38	38	42	39	37	38	40	41	42	43	43	43	44	47	45	48	49	47	49	47	49	48	48	49	49	48	50	53	51	50	50	51	50	49	50	52	54	52	50	50	52	51	49	46	45	48	46	39	32	32	33	29	23	22	22	20	18	42	80	183	238	237	235	233	234	238	238	223	190	71	36	16	20	30	37	37	35	38	36	35	36	33	29	30	33	27	26	37	51	58	54	48	37	28	22	26	33	35	37	39	39	38	38	38	39	39	39	39	39	41	38	42	42	39	43	42	42	41	43	44	39	37	46	58	88	109	116	112	102	92	91	91	92	91	89	91	88	91	91	75	57	41	38	39	39	40	37	40	36	36	36	35	35	34	35	35	34	35	35	35	35	35	35	34	36	36	36	36	36	36	37	37	37	37	37	37	37	37	37	37	36	38	35	37	37	36	39	37	36	37	37	36	35	34	34	35	32	34	34	33	32	33	33	33	31	31	31	31	30	30	30	30	30	31	31	30	30	31	31	30	30	30	30	30	30	30	29	29	30	30	29	29	28	28	27	27	29	27	29	27	30	31	29	39	44	55	59	61	57	53	58	58	60	60	60	62	61	60	61	63	62	58	57	62	63	61	61	64	63	63	63	64	64	64	64	64	65	63	67	64	68	64	67	65	67	65	65	66	67	67	67	68	67	67	67	66	66	65	64	64	64	64	64	64	64	64	64	64	65	62	68	63	65	64	63	65	65	64	64	65	66	66	66	66	67	66	64	64	64	64	64	64	69	68	68	70	70	67	67	68	68	67	67	68	70	72	70	70	71	72	72	70	70	72	72	71	74	69	67	70	70	66	66	70	73	73	72	72	73	73	72	72	70	70	70	71	71	72	71	70	67	67	66	66	66	66	66	66	64	64	62	61	61	63	62	61
291	57	58	58	58	58	57	57	57	59	59	58	58	58	58	58	58	59	58	58	58	60	61	62	62	60	59	59	60	60	59	59	60	61	61	60	60	61	62	62	62	60	60	61	61	61	62	61	61	61	61	62	62	62	59	60	61	62	59	57	60	61	60	59	60	59	59	60	61	61	61	60	60	61	62	62	62	62	61	60	59	60	60	60	60	60	60	60	60	60	58	53	49	53	62	64	61	59	65	60	65	65	62	68	66	66	66	67	68	68	69	68	67	67	67	67	67	67	67	68	68	68	69	69	68	69	69	69	69	68	67	66	66	67	67	67	67	69	69	68	68	67	68	68	68	69	67	70	65	65	57	60	61	68	67	65	65	65	66	66	65	68	65	62	64	66	63	65	69	67	59	50	71	116	193	227	240	233	232	236	245	241	225	186	83	52	34	45	50	56	52	48	47	47	48	47	45	44	45	43	40	43	43	43	42	42	41	41	41	40	40	41	40	39	40	39	41	39	40	41	41	41	41	42	43	47	47	47	48	48	50	51	52	51	51	52	52	51	51	52	52	51	51	53	52	52	53	52	54	51	52	47	37	32	33	30	24	19	19	11	7	11	10	7	9	5	4	4	4	4	5	9	15	24	32	32	35	34	33	38	36	38	38	38	38	39	41	43	44	44	47	44	48	48	46	49	46	46	47	49	51	51	50	50	51	51	51	51	52	51	51	52	54	55	53	51	51	51	50	48	47	48	48	42	35	28	30	32	28	20	17	16	14	12	37	77	182	238	237	235	233	234	238	238	223	187	69	36	18	23	32	38	37	37	37	36	35	35	32	28	27	27	28	30	30	30	31	35	39	33	24	18	22	31	37	39	39	37	36	35	34	34	34	34	34	37	40	37	40	40	37	41	40	41	41	42	42	39	36	44	60	87	109	115	111	101	91	91	90	92	92	89	89	88	91	92	73	57	41	39	39	39	41	39	41	37	37	37	35	34	34	34	35	33	36	36	34	34	36	36	33	36	36	36	35	36	36	37	38	37	37	37	37	37	37	37	37	36	40	33	37	37	34	40	36	37	38	38	37	35	35	35	35	30	31	32	31	31	30	30	30	32	31	31	30	30	30	30	30	30	30	30	30	30	30	30	30	30	30	30	29	29	29	29	29	29	29	29	28	28	28	28	28	29	26	29	27	28	30	29	37	46	53	53	57	58	57	60	56	56	56	57	58	58	58	58	59	64	61	61	63	64	63	63	66	62	63	64	64	64	64	63	63	64	63	67	64	68	64	66	64	68	66	65	66	67	67	67	67	66	66	67	67	67	66	65	65	65	65	65	65	65	65	65	65	66	64	68	64	64	64	62	64	65	64	64	65	65	66	65	65	67	66	64	64	64	64	64	64	68	67	68	70	70	67	66	67	67	67	67	68	70	71	70	70	70	73	72	70	70	72	73	70	73	70	68	69	69	67	67	69	72	71	70	70	70	70	69	68	70	70	69	70	70	70	70	69	65	65	65	65	66	66	67	67	64	63	61	60	61	62	62	61
292	56	57	58	58	58	57	58	58	58	58	58	58	58	58	59	59	61	60	59	58	58	59	58	58	60	59	59	60	60	59	59	60	61	60	60	60	61	62	62	62	60	60	60	61	61	61	61	61	61	62	62	62	61	59	60	60	60	61	60	58	60	63	62	59	59	59	60	61	61	61	60	60	59	59	60	60	60	60	59	59	60	60	60	60	60	60	60	60	60	58	53	50	54	62	64	61	60	65	60	65	65	61	67	65	66	66	67	67	68	67	66	65	66	66	67	67	67	68	68	68	68	68	68	68	69	68	68	69	68	67	66	66	67	68	68	67	68	68	67	67	67	68	69	69	65	63	65	61	62	56	61	63	67	66	65	64	65	65	65	65	69	64	61	62	64	62	64	70	66	59	49	70	114	193	227	240	233	232	236	245	241	225	186	83	50	34	45	48	55	51	47	46	47	45	45	47	47	45	43	44	45	45	45	44	43	43	42	42	42	44	43	44	43	42	44	43	41	41	42	42	42	43	44	45	47	47	47	47	48	50	51	52	52	53	53	53	52	52	52	52	51	53	52	53	53	52	54	54	57	60	54	40	27	23	22	22	22	24	18	13	14	10	5	7	4	4	4	5	5	7	11	15	24	30	30	33	33	32	36	35	37	37	38	38	39	41	42	43	44	47	44	48	48	46	48	45	45	47	49	50	50	51	51	51	50	51	52	51	52	53	54	55	55	54	54	52	50	49	48	48	47	46	40	33	27	27	30	27	19	15	13	10	7	32	73	181	238	237	235	233	234	238	238	223	188	70	37	19	25	35	42	42	39	37	36	36	33	31	29	26	25	27	28	23	18	17	21	25	23	19	15	17	27	37	39	35	34	33	32	32	34	35	35	35	36	39	37	39	38	36	40	38	41	42	41	41	39	35	43	62	88	107	113	109	100	92	91	90	89	90	88	87	86	90	89	72	56	42	39	39	39	41	39	40	38	38	37	36	34	34	34	35	34	37	36	33	33	36	37	34	36	36	35	35	36	36	37	37	36	36	36	36	36	36	36	36	35	39	33	37	37	33	40	36	35	35	36	37	37	37	38	39	34	34	35	35	33	31	31	31	32	32	31	30	30	30	30	30	30	29	29	30	30	29	29	30	30	30	29	29	28	28	29	29	28	28	28	28	29	29	29	29	30	26	30	28	26	29	29	34	51	55	52	54	54	54	59	57	55	57	58	59	59	59	60	61	61	64	65	62	60	62	64	64	63	63	64	64	64	63	63	62	64	63	66	63	67	64	66	65	68	67	66	65	66	67	67	66	65	65	66	67	67	67	66	66	65	65	65	65	65	65	65	65	63	62	65	64	63	67	64	67	66	65	65	65	65	65	64	64	67	66	64	64	64	65	65	65	68	67	68	70	70	67	66	67	67	67	67	69	70	72	70	70	70	73	73	70	70	73	73	70	71	72	70	67	67	69	70	68	70	70	70	70	71	71	71	70	69	69	68	68	68	68	67	66	68	68	67	66	65	64	64	64	64	63	60	60	61	61	61	61
293	56	57	57	57	57	57	58	59	58	58	58	58	58	59	59	59	59	59	58	58	59	59	59	58	60	59	59	60	60	59	59	60	61	60	60	60	61	61	61	61	60	60	60	60	61	61	61	61	60	62	62	61	61	60	60	60	57	61	62	60	61	64	62	57	59	60	60	60	60	60	60	60	60	60	60	60	61	61	60	60	60	60	60	60	60	60	60	60	64	55	50	54	58	58	61	65	58	61	59	60	61	59	62	62	65	64	65	67	68	67	66	67	65	65	66	67	67	68	68	68	68	67	67	68	68	67	67	68	68	68	67	67	68	68	68	67	65	65	65	65	65	65	66	66	66	64	66	60	62	56	60	62	66	65	64	64	64	65	65	64	69	65	61	61	63	61	64	69	66	59	48	68	113	193	228	240	233	232	236	245	241	225	186	83	49	35	47	49	53	49	47	47	50	45	44	47	47	45	46	49	47	47	46	46	45	44	44	43	41	44	41	43	42	40	44	42	45	44	43	42	42	44	47	49	47	47	47	48	49	50	51	51	52	53	54	54	53	52	52	53	52	55	52	54	54	51	55	53	54	58	57	42	23	13	17	25	23	22	16	10	7	3	2	4	3	4	5	7	8	11	15	18	23	28	28	32	33	32	37	36	36	37	39	41	42	42	42	41	44	47	45	48	48	45	47	45	47	49	49	48	48	50	52	53	49	50	51	51	51	53	55	55	54	54	54	53	50	48	47	47	43	43	40	34	27	25	27	24	20	15	12	9	6	30	71	179	238	237	235	233	234	238	238	223	189	70	36	17	22	34	43	45	42	37	36	35	31	30	30	25	28	24	20	21	26	28	23	16	17	16	15	16	25	36	37	32	35	34	34	34	35	36	36	35	35	39	36	37	37	35	39	36	41	43	41	40	40	35	42	64	90	107	112	108	99	91	91	90	89	90	89	88	86	91	91	72	56	42	40	39	39	41	38	39	38	38	38	36	35	34	34	35	36	36	35	33	33	35	36	36	35	35	35	35	36	36	36	37	36	36	36	36	36	36	36	36	35	37	34	36	36	35	37	36	36	37	37	37	37	37	37	38	38	37	38	38	36	34	33	33	32	32	31	30	29	29	30	30	30	29	29	30	30	29	29	30	30	30	29	29	29	29	29	29	28	28	28	29	29	30	30	30	30	25	31	29	25	28	29	31	40	50	54	58	57	54	59	58	57	59	60	59	60	61	62	63	57	62	64	59	57	60	62	60	63	63	64	64	63	63	63	63	64	63	66	62	67	63	67	65	67	67	66	65	65	66	66	64	65	65	65	66	66	66	66	66	64	64	64	64	64	64	64	64	64	64	65	66	62	67	62	66	66	65	65	65	65	65	64	63	66	65	64	64	65	66	66	66	68	67	67	69	69	66	66	67	67	67	68	69	71	72	70	70	71	72	72	71	71	72	72	71	71	73	70	66	66	70	71	68	74	73	73	73	73	73	72	71	71	71	70	70	69	69	67	66	67	66	66	65	65	65	65	65	64	62	60	61	61	61	61	61
294	57	57	57	57	56	57	57	58	58	58	58	58	58	58	58	58	57	57	57	59	60	61	61	60	60	59	59	60	60	59	59	60	61	60	60	61	61	61	61	60	60	60	60	60	60	60	61	62	60	62	63	61	61	60	61	60	58	60	61	61	61	61	60	60	61	60	60	60	60	60	60	60	61	61	61	61	61	62	62	62	61	61	61	61	61	61	61	61	64	54	49	54	58	58	60	65	63	62	64	62	62	65	63	67	66	64	65	67	68	67	67	69	65	66	66	67	67	67	67	67	67	66	66	68	68	66	66	68	68	67	67	67	68	68	67	67	68	68	68	68	68	68	67	67	68	66	68	62	63	55	59	59	64	64	63	63	63	64	64	64	69	64	61	61	63	61	63	68	66	59	48	66	111	192	228	241	233	232	236	245	241	225	186	83	51	38	50	50	52	48	46	47	49	47	46	46	47	47	48	49	48	47	47	47	46	46	45	45	44	48	44	47	47	43	48	45	46	45	44	44	44	45	48	50	48	49	49	50	51	51	51	51	51	52	53	53	53	53	53	53	53	56	52	55	54	51	56	53	54	56	57	51	37	24	24	30	27	19	13	7	3	4	8	8	2	4	6	8	10	13	16	18	24	28	28	33	34	33	38	37	36	37	39	41	43	44	44	44	44	47	45	48	48	46	48	46	48	50	50	48	48	51	53	53	49	51	52	52	52	54	55	54	54	53	53	52	50	48	46	44	40	41	38	33	24	22	25	24	21	17	15	13	9	31	71	179	238	237	235	233	234	238	238	223	189	70	36	18	23	34	42	44	38	31	29	28	22	23	24	19	16	20	23	22	20	21	21	21	18	17	16	19	25	30	32	31	31	30	30	30	31	31	30	30	34	38	35	36	35	34	38	35	39	42	39	39	40	34	42	66	92	108	110	107	99	90	90	88	90	92	90	89	88	91	91	72	54	41	39	38	38	41	38	38	37	38	38	37	36	35	35	35	36	35	34	35	35	34	35	36	34	34	35	35	36	36	36	36	36	36	36	36	36	36	36	36	36	35	37	36	36	38	35	37	39	39	39	38	37	36	36	36	35	34	34	34	33	30	29	31	33	32	31	30	29	29	30	30	30	28	28	30	30	28	28	30	30	30	30	29	29	29	29	29	28	28	28	28	29	29	29	30	29	24	31	29	24	28	29	29	28	40	48	57	59	57	59	55	53	55	56	54	54	56	57	58	61	63	64	64	63	63	64	64	63	63	63	63	63	63	63	64	64	63	65	61	66	63	67	66	65	66	66	64	65	67	66	64	66	66	65	65	65	65	66	66	64	64	64	64	64	64	64	64	66	66	66	67	61	67	60	64	66	65	64	64	65	65	64	64	65	64	64	64	65	65	65	65	68	67	67	68	68	66	66	67	67	67	68	70	71	72	70	70	71	70	71	72	72	71	70	71	72	70	68	66	66	68	69	69	72	71	70	69	69	68	67	66	72	71	70	70	70	70	68	67	64	64	64	65	65	66	66	66	65	62	60	61	62	61	61	62
295	58	58	58	57	56	56	57	58	59	59	59	58	58	58	58	58	60	60	60	60	60	60	59	58	60	59	59	60	60	59	59	60	61	60	60	61	61	61	60	59	60	60	59	59	59	60	61	62	60	62	63	61	61	60	61	60	61	58	58	60	59	57	59	64	61	61	60	59	59	59	60	60	61	61	60	60	60	60	61	61	61	61	61	61	61	61	61	61	61	57	52	50	54	61	63	62	63	59	64	60	60	65	60	67	68	65	65	67	68	67	67	69	66	66	67	67	67	67	66	66	67	65	65	67	67	66	66	68	67	67	67	67	68	68	67	66	66	66	66	66	65	64	63	63	62	61	65	62	63	56	59	59	64	63	62	62	63	64	64	64	68	64	61	62	63	61	62	66	66	59	47	65	110	192	228	241	233	232	236	245	241	225	186	83	52	40	53	51	51	47	46	48	45	48	49	48	48	50	49	44	47	47	47	47	47	47	47	47	44	49	44	47	47	43	48	45	44	45	46	47	47	48	48	49	50	51	51	52	52	52	51	51	49	50	52	53	53	53	53	54	53	58	52	56	55	51	56	53	57	53	54	57	52	37	26	23	23	15	13	13	9	11	13	7	12	14	17	18	20	22	25	26	26	30	29	34	35	33	37	36	38	38	38	39	41	44	46	48	43	46	44	48	49	47	49	46	47	50	52	51	51	53	53	51	50	53	54	53	53	55	55	54	54	52	50	50	50	48	45	41	41	40	36	29	20	19	24	25	22	18	18	16	12	33	72	180	238	237	235	233	234	238	238	223	188	72	40	23	28	37	43	42	41	32	30	28	22	23	25	19	22	22	21	19	21	24	23	20	20	16	16	20	23	23	25	29	28	28	29	32	34	35	35	35	33	38	35	35	34	33	37	34	37	42	38	38	40	34	42	67	93	109	110	107	98	89	90	87	89	91	89	89	87	89	89	70	53	40	39	38	38	42	39	38	37	37	38	38	36	35	35	35	36	34	34	37	37	34	34	36	33	34	35	35	36	35	35	35	37	37	37	37	37	37	37	37	37	33	40	36	36	40	34	38	37	37	38	38	38	38	38	39	39	37	37	38	37	34	34	36	33	32	31	30	29	29	30	30	30	28	28	30	30	28	28	30	30	30	30	30	30	29	29	28	28	28	28	28	28	28	29	29	29	24	31	30	24	28	29	28	34	38	37	45	52	55	58	53	57	59	59	57	57	59	60	61	61	58	58	62	64	61	60	62	63	62	62	62	63	63	64	65	65	63	65	61	65	63	67	66	63	65	65	64	65	67	66	63	67	66	65	65	64	64	65	65	65	65	65	65	65	65	65	65	63	64	64	67	61	68	62	67	65	64	64	64	65	65	65	64	64	64	64	64	65	65	64	63	69	67	67	68	68	66	66	68	67	68	69	70	72	73	71	70	71	69	69	72	72	69	69	71	73	68	66	67	68	66	67	70	70	70	69	70	71	71	71	71	68	68	68	68	68	67	66	66	67	67	66	65	64	64	64	64	65	62	60	62	62	61	61	62
296	57	59	59	57	56	58	59	58	60	58	56	56	59	60	59	58	58	58	59	59	58	59	59	60	59	61	61	59	58	61	62	61	61	60	59	60	61	62	61	59	60	61	62	62	62	62	61	60	64	62	61	60	60	59	59	59	60	60	60	60	60	59	57	57	59	60	61	61	61	62	62	63	61	61	61	60	59	59	59	60	61	61	61	60	60	61	61	61	60	61	50	54	53	61	64	61	59	64	59	61	64	61	63	64	64	64	66	66	65	65	65	66	67	66	66	66	66	65	65	65	65	67	67	66	66	68	67	64	66	66	67	67	67	67	66	66	67	66	67	67	68	68	67	66	66	66	65	64	61	59	58	58	59	62	62	61	61	64	64	63	68	64	61	62	63	61	63	68	68	57	49	65	109	193	226	241	235	233	236	242	243	226	181	89	58	45	48	53	53	52	50	48	50	48	49	51	52	50	50	52	51	50	49	49	49	49	48	47	46	47	46	43	43	45	46	44	42	46	48	46	48	52	53	50	47	49	51	52	52	53	54	55	52	53	53	54	54	54	54	54	55	56	55	52	52	54	55	54	52	55	54	50	50	52	48	39	32	25	22	17	19	24	24	28	28	28	28	28	27	27	27	28	30	31	33	35	36	37	38	39	39	41	42	41	43	46	47	46	49	48	48	47	47	48	47	48	48	49	50	50	51	51	50	50	49	53	55	54	54	56	57	56	53	52	51	50	49	47	43	41	39	39	33	25	17	19	25	25	18	22	19	13	13	34	71	182	238	237	235	233	234	238	238	223	187	80	42	26	26	36	40	39	39	37	33	29	24	21	20	21	21	21	22	22	21	21	20	20	10	17	17	18	24	22	19	24	27	29	31	32	32	32	32	32	34	34	34	34	34	35	35	35	39	39	40	36	36	34	42	67	92	112	108	106	95	89	85	89	87	89	88	89	87	90	89	70	50	37	39	38	39	43	34	40	37	35	36	38	37	35	34	35	34	34	34	34	34	34	34	34	36	36	36	35	35	35	35	35	36	36	36	34	39	32	39	35	35	35	35	35	36	37	38	38	37	35	34	36	37	36	35	36	38	37	37	37	37	37	36	36	33	31	31	33	34	32	30	31	30	30	30	31	30	30	29	29	29	29	29	29	29	29	29	29	29	29	28	28	28	28	29	29	28	27	27	29	30	28	28	30	33	32	31	34	40	48	57	62	58	53	59	56	63	62	58	56	60	60	60	60	61	61	61	61	61	61	62	63	63	63	63	63	63	63	64	65	64	65	66	66	63	64	64	64	65	64	64	64	65	66	66	66	66	66	66	67	65	66	66	67	67	66	65	63	64	67	63	67	61	66	62	64	65	63	62	64	64	63	64	66	65	65	65	64	64	65	65	65	68	68	69	69	69	68	68	68	66	67	68	70	72	72	70	69	72	72	72	72	71	70	69	69	69	70	68	66	66	69	70	69	71	71	70	70	69	69	69	69	73	71	69	68	67	67	67	68	66	65	64	64	64	64	64	64	64	68	62	57	61	64	62	59
297	56	58	58	57	57	58	59	59	57	59	60	59	57	56	58	61	58	59	59	59	59	59	60	60	59	61	61	59	59	60	61	60	60	60	60	60	60	60	60	60	60	59	58	58	58	59	60	60	64	63	62	61	62	60	60	60	59	60	60	60	60	59	58	58	61	61	61	61	60	59	60	60	62	62	63	63	62	62	62	63	60	60	60	60	60	60	61	61	60	61	50	54	53	60	63	61	60	65	60	61	64	61	62	63	65	66	67	67	66	66	66	67	65	65	65	65	65	65	65	65	65	66	66	65	66	68	67	65	66	66	67	67	67	67	66	66	67	66	66	66	67	66	65	64	62	62	62	62	62	61	61	60	61	63	64	62	61	61	61	60	64	60	57	59	61	59	61	66	67	57	48	64	109	193	226	241	234	233	237	243	243	226	183	92	63	48	48	52	52	53	51	51	51	50	50	52	52	50	50	52	49	49	48	48	48	49	48	47	46	47	47	44	44	46	47	46	48	48	48	49	49	49	49	49	53	52	51	52	52	52	52	50	52	52	53	54	54	55	55	55	50	54	56	56	57	57	55	52	54	55	55	56	56	57	57	56	42	36	34	29	29	32	30	32	34	34	33	32	30	29	29	30	32	33	35	36	37	38	40	40	41	43	44	43	44	47	48	47	48	48	48	48	48	48	47	47	49	50	50	51	51	51	51	51	49	53	55	54	54	56	56	55	52	51	50	49	48	46	42	39	37	37	32	24	16	18	24	24	18	22	19	13	13	34	71	182	238	237	235	233	234	238	238	223	188	82	44	28	26	35	38	37	33	33	32	31	30	29	29	29	27	26	25	23	22	20	18	17	15	17	13	11	16	18	18	24	27	28	30	32	32	31	30	30	33	33	33	33	33	34	34	34	37	37	38	35	35	34	42	67	93	112	107	104	95	89	85	88	86	88	88	88	84	88	88	69	51	35	40	37	39	41	37	39	36	35	35	37	37	35	35	36	34	34	34	34	34	34	34	34	36	35	35	35	35	35	35	35	37	39	37	38	39	36	40	37	40	40	39	38	38	37	37	37	38	36	36	38	38	38	37	38	38	37	36	37	37	37	37	36	35	33	32	33	33	31	30	31	30	30	30	30	30	29	29	29	30	30	29	29	29	29	29	29	28	28	28	28	28	28	28	28	28	27	27	29	29	28	28	29	32	34	36	39	41	43	44	45	57	55	62	54	55	54	58	64	59	59	59	60	62	63	64	64	61	61	62	62	63	63	64	64	62	63	64	64	64	64	65	65	66	65	64	63	63	64	66	67	64	65	65	65	65	65	65	66	65	65	65	66	66	66	65	63	64	67	64	67	62	65	62	65	65	63	63	65	65	64	64	65	65	65	65	64	64	65	65	65	66	66	66	66	67	66	66	66	67	67	68	70	71	72	70	69	71	71	71	71	71	70	70	70	69	69	67	65	66	69	70	69	71	71	70	70	69	69	68	68	68	69	69	69	68	67	66	66	66	65	64	63	64	64	64	63	65	62	57	59	62	58	55	60
298	55	57	58	57	57	58	59	58	57	58	60	59	57	56	58	61	58	59	59	59	59	59	60	61	59	61	61	60	59	60	60	59	59	60	61	61	59	59	60	61	63	62	61	61	61	62	63	64	61	61	60	60	61	59	59	58	59	59	59	59	59	59	59	59	58	59	60	60	60	60	60	61	57	58	59	59	59	59	59	59	59	59	59	59	59	60	60	60	59	61	50	54	53	59	61	61	61	66	60	61	64	61	62	63	65	66	67	67	66	66	67	67	63	63	64	64	65	65	66	66	65	65	65	65	66	67	67	66	66	66	67	67	67	67	66	66	66	66	65	66	66	65	64	62	63	63	62	62	62	61	59	57	57	60	63	62	61	61	61	61	66	62	59	61	63	62	64	69	66	56	47	64	108	192	226	241	233	233	238	244	243	226	186	98	68	51	49	54	55	55	53	52	52	51	51	52	52	50	50	51	49	49	48	48	49	49	49	48	47	48	48	46	46	48	48	48	50	47	47	51	51	49	49	53	53	51	50	51	53	55	54	52	52	52	53	53	54	55	56	56	57	57	56	55	54	55	55	55	54	52	52	53	52	50	51	55	52	47	46	41	40	41	35	36	34	34	34	33	32	32	33	34	35	36	38	39	40	41	42	43	44	45	46	46	47	48	48	47	48	49	49	49	49	49	48	47	51	51	50	51	51	52	53	53	51	53	55	55	55	55	55	54	51	50	48	48	46	44	40	37	33	34	30	22	15	17	22	22	18	20	17	12	12	33	70	182	238	237	235	233	234	238	238	223	188	84	47	30	26	32	34	33	30	31	32	33	32	32	32	32	31	29	26	24	22	20	17	15	15	16	13	13	18	19	18	21	25	27	30	31	31	30	29	29	32	32	32	32	32	33	33	33	35	35	36	34	34	33	42	69	94	112	107	103	94	89	85	88	86	88	87	87	83	87	87	68	52	31	42	37	40	39	40	38	35	35	35	36	37	35	35	36	35	35	35	35	35	35	35	35	35	35	35	35	35	35	35	36	36	38	35	37	37	34	38	36	35	35	35	35	35	35	35	34	34	32	32	34	35	35	35	36	38	37	37	37	37	37	37	36	36	34	33	33	33	32	31	31	30	30	30	29	29	29	29	29	30	30	29	29	29	28	28	28	27	27	28	28	28	28	27	27	28	27	27	29	28	27	27	27	30	30	31	31	32	33	34	34	49	51	62	56	57	53	55	60	61	61	61	61	61	61	62	62	61	61	61	62	62	63	64	64	62	63	64	63	63	63	64	64	66	65	64	63	64	65	66	67	63	64	65	64	64	64	64	65	64	64	64	64	65	65	65	64	65	66	64	67	63	65	63	65	65	64	64	65	65	64	64	65	65	65	64	64	64	64	65	65	69	69	69	69	69	69	69	69	67	67	68	69	71	72	69	69	71	71	71	70	70	70	70	70	68	68	67	65	66	68	69	68	71	71	70	69	69	68	67	67	66	67	68	68	68	67	66	65	65	64	63	63	63	64	63	63	67	65	61	63	65	60	58	63
299	56	58	58	58	57	57	57	57	60	58	56	57	59	60	59	57	58	59	59	59	59	59	60	61	58	59	60	60	60	60	59	59	60	61	61	61	60	60	60	61	59	59	60	61	61	60	59	59	59	59	59	59	60	58	58	57	59	59	59	58	58	59	59	59	57	58	59	59	60	60	61	62	59	60	61	62	62	61	61	61	60	60	59	59	59	59	59	60	59	60	50	55	52	57	60	60	60	65	60	61	64	61	62	63	64	65	66	66	65	65	66	66	63	63	64	64	65	65	65	66	66	65	64	64	65	66	66	66	66	66	66	66	66	66	66	66	65	65	65	65	65	65	63	62	63	63	62	62	62	61	57	53	54	58	62	63	61	61	62	62	63	59	56	58	60	59	61	66	67	56	48	64	109	193	225	241	233	233	238	244	242	225	186	101	68	51	50	57	59	58	53	51	52	51	51	51	51	51	51	51	51	50	50	50	50	51	50	49	48	48	48	48	48	49	49	49	49	47	47	50	51	50	52	54	52	51	50	51	53	55	55	55	53	53	53	54	54	55	56	57	59	58	56	54	54	55	57	58	60	57	55	54	52	49	49	51	53	49	50	46	44	45	39	39	36	36	36	35	35	35	37	38	39	40	41	42	43	44	45	46	47	48	49	49	50	50	49	48	49	50	50	51	51	50	49	48	51	51	50	50	51	52	53	54	54	55	56	56	56	55	53	52	50	49	48	47	45	42	38	34	29	31	28	22	15	17	22	21	16	18	15	10	9	30	68	182	238	237	235	233	234	238	238	223	189	85	49	31	24	28	29	28	26	27	29	30	30	29	30	30	32	30	28	27	27	25	22	19	17	16	14	15	19	21	20	20	24	26	29	30	30	29	29	28	31	31	32	32	32	32	33	33	35	34	36	34	34	32	42	70	95	113	106	102	92	90	85	88	87	87	86	84	83	86	87	68	53	28	42	37	40	37	42	37	36	35	36	36	36	36	35	36	36	36	36	36	36	36	36	36	35	35	35	35	35	36	36	36	34	34	35	32	38	30	38	33	35	36	37	38	38	38	38	37	37	37	36	37	38	39	39	39	38	38	37	37	37	37	36	36	37	35	34	33	33	33	32	32	31	31	30	29	28	28	29	29	29	29	29	29	29	28	28	28	27	27	28	28	28	28	27	27	28	28	28	28	27	26	26	26	32	32	32	32	33	34	36	37	39	39	51	51	59	58	56	56	62	62	61	60	60	59	59	59	62	62	61	61	62	62	63	63	63	63	64	64	63	63	63	64	63	64	65	66	66	65	65	64	64	64	65	64	64	64	64	65	65	64	63	63	64	65	65	65	65	66	65	66	64	64	64	65	65	65	65	66	65	64	64	64	65	64	64	64	64	64	64	65	64	64	64	64	64	64	64	64	68	68	68	69	70	71	69	69	71	70	70	69	69	70	70	71	68	67	66	65	66	68	68	68	70	70	69	69	68	68	67	67	68	67	66	66	65	66	66	67	65	64	63	63	64	64	63	63	59	65	62	57	58	60	58	57
300	56	57	58	58	57	56	56	57	59	58	56	57	60	60	59	57	58	59	59	59	58	59	60	60	57	58	59	60	60	60	60	60	62	61	60	60	61	62	61	60	59	60	61	61	61	60	59	58	60	60	60	61	61	59	59	58	60	59	59	58	58	58	58	58	60	61	61	60	59	59	59	59	59	60	61	62	61	60	60	60	61	61	60	60	59	59	59	59	59	60	51	56	52	55	58	60	59	64	59	61	64	61	63	64	64	65	66	66	65	65	65	66	65	65	65	65	65	65	65	65	67	65	64	64	64	64	64	65	66	66	66	65	65	66	66	66	64	64	64	65	65	65	64	63	61	61	61	61	62	63	59	54	57	59	62	63	62	59	59	60	63	59	56	57	60	58	60	65	67	57	49	65	110	193	225	241	233	233	238	244	241	223	186	102	68	51	51	59	61	58	54	52	52	53	52	52	52	53	53	53	52	52	51	51	51	51	50	49	49	49	49	49	49	49	50	50	50	52	51	49	49	51	52	50	53	53	53	53	53	53	54	55	55	55	54	54	55	55	56	57	53	54	57	59	60	59	58	57	58	57	55	53	54	55	54	50	51	48	50	47	46	47	43	44	46	45	44	42	41	40	40	40	43	44	45	46	46	47	48	48	50	50	51	51	51	51	50	49	51	51	52	52	52	52	50	50	52	51	50	50	50	52	53	54	57	57	57	57	56	54	52	51	50	48	47	45	43	39	35	31	25	28	26	21	15	17	21	20	13	15	12	8	6	27	66	181	238	237	235	233	234	238	238	223	189	85	49	29	20	23	24	23	19	20	22	23	25	27	29	30	32	32	32	33	34	32	30	27	26	20	16	15	16	19	23	23	23	25	28	29	30	29	29	29	32	32	32	32	32	33	33	33	36	35	36	35	34	32	41	71	97	113	105	101	91	90	85	87	87	86	85	85	83	86	86	69	53	27	42	37	40	37	42	38	37	37	37	36	36	36	36	35	36	36	36	36	36	36	36	36	35	35	35	35	35	36	36	36	36	34	39	30	43	29	41	34	37	38	38	38	37	37	36	35	38	38	38	38	38	39	39	38	39	39	38	37	37	37	36	35	36	36	34	34	34	34	34	34	32	31	30	29	29	29	29	29	28	28	28	28	28	29	29	29	27	27	28	28	28	28	27	27	27	28	27	27	26	26	25	24	28	29	32	34	35	34	33	32	35	29	36	36	49	55	60	63	58	59	60	60	60	60	61	62	62	62	62	61	61	61	62	62	63	64	64	64	63	63	63	64	63	63	65	65	66	65	64	63	64	65	65	65	64	64	65	65	65	64	63	63	64	65	66	66	64	64	66	64	65	63	64	65	64	65	65	65	65	65	64	63	64	64	64	64	64	64	64	64	69	69	69	69	69	68	68	68	68	68	68	68	70	70	68	68	70	70	69	69	69	69	70	70	67	66	65	66	66	67	68	68	68	68	68	68	68	68	68	68	68	68	67	66	66	66	66	67	65	65	64	64	64	64	64	63	58	64	61	57	58	60	58	58
301	55	55	56	58	57	56	57	58	56	58	60	60	58	57	58	60	58	58	58	58	58	58	59	60	57	57	58	60	60	59	60	61	62	60	59	60	61	62	61	59	64	63	62	61	61	61	62	63	61	60	60	60	60	58	58	58	59	59	59	58	58	58	57	57	59	60	60	60	59	59	59	60	57	58	59	59	58	58	58	58	61	61	60	60	59	59	59	59	59	60	52	57	52	54	57	60	59	64	58	60	64	61	62	64	64	65	66	66	66	65	66	66	65	65	65	65	65	64	64	64	66	65	64	64	65	64	63	64	65	65	65	64	64	65	65	65	63	63	63	64	65	64	63	63	61	63	63	61	61	61	58	53	55	56	58	61	62	60	60	61	65	61	58	59	62	60	62	67	66	57	49	66	111	194	226	240	233	232	238	244	241	222	185	102	70	52	51	58	59	57	54	55	54	55	54	53	53	55	56	55	52	51	51	50	50	50	49	48	51	50	50	51	51	50	50	51	49	52	53	49	50	54	54	51	51	53	54	54	53	54	55	57	55	55	55	55	56	56	56	57	58	57	57	59	58	57	57	57	54	54	53	51	52	55	53	48	50	48	50	48	48	50	47	50	48	48	48	47	46	45	45	46	46	47	48	49	49	49	50	51	52	51	51	52	52	51	50	51	52	52	53	53	53	53	51	51	52	51	50	50	51	52	54	55	59	57	56	56	55	52	50	49	49	48	46	44	41	36	31	27	23	26	25	20	14	16	19	18	11	13	10	5	4	24	64	180	238	237	235	233	234	238	238	223	189	84	45	24	15	18	19	18	16	16	17	18	20	22	25	27	28	29	31	33	34	33	32	31	32	27	26	25	22	24	25	22	24	26	28	29	29	29	29	30	32	32	32	32	33	33	33	33	37	35	37	36	34	31	41	72	99	113	105	100	91	90	85	87	87	86	85	85	83	86	85	68	52	28	40	38	40	38	39	39	38	38	38	36	36	36	36	36	36	36	36	36	36	36	36	36	35	35	35	35	35	35	35	36	37	35	40	31	43	30	41	34	34	34	34	35	35	35	35	35	35	35	35	34	35	36	36	34	39	39	38	37	37	37	36	35	36	36	36	34	35	36	35	34	32	32	31	30	30	29	29	28	27	27	28	28	28	29	29	29	27	27	28	28	28	28	27	27	26	27	27	26	25	25	25	23	21	22	22	24	26	28	30	32	33	29	36	31	38	42	49	56	56	58	60	61	61	60	61	62	62	62	61	61	61	61	62	62	63	63	64	64	63	63	64	64	64	64	63	63	63	64	65	65	65	66	66	66	65	65	65	65	65	65	64	64	64	65	65	65	64	63	66	63	65	62	65	64	64	65	65	64	64	65	64	63	64	64	64	63	63	64	64	64	64	64	64	64	65	64	64	64	68	67	68	69	70	70	68	67	70	70	69	69	69	69	69	69	67	65	65	66	67	67	67	68	67	67	67	67	68	68	68	68	66	67	68	69	69	67	66	64	65	65	64	64	65	64	64	63	64	63	59	61	63	59	57	62
302	56	55	56	57	57	56	57	59	56	58	60	60	58	57	58	60	57	57	58	58	57	58	58	59	58	57	58	59	59	58	59	61	60	60	59	60	60	60	60	59	59	59	58	58	58	59	60	61	61	60	59	59	59	57	57	57	58	58	58	58	59	59	57	57	57	58	58	59	59	59	60	61	60	61	61	61	61	61	61	62	59	59	59	59	59	59	59	60	59	61	53	58	52	53	57	61	59	64	58	60	63	60	61	63	64	64	66	66	65	65	65	66	65	65	65	64	64	64	63	63	65	63	63	65	65	63	63	63	65	64	64	63	63	64	64	65	63	63	63	63	63	63	62	61	62	65	65	62	60	60	57	53	52	51	54	58	62	62	61	62	61	57	55	56	58	57	59	64	63	55	48	67	112	195	226	240	233	232	237	244	242	223	186	103	70	53	53	60	60	56	53	55	55	56	55	53	53	55	56	55	52	51	51	51	51	51	50	49	52	51	51	53	53	51	51	52	50	51	52	53	54	55	55	55	51	51	52	54	55	56	57	57	55	55	55	56	57	57	57	57	63	60	57	56	55	55	56	59	59	57	55	55	55	54	53	52	50	48	52	49	49	51	48	51	45	46	47	48	48	48	49	49	48	49	50	51	51	51	52	52	53	51	51	53	52	51	51	52	53	52	52	52	52	52	51	52	52	52	51	51	52	53	55	55	59	56	54	54	53	50	49	49	48	47	45	42	39	33	27	23	21	25	24	20	13	13	16	14	11	12	8	5	3	22	63	180	238	237	235	233	234	238	238	223	189	82	41	18	10	13	15	15	14	15	15	15	16	17	18	20	21	23	26	28	28	29	31	33	33	31	36	38	32	31	30	24	27	28	29	29	29	29	29	30	32	32	32	32	32	33	33	33	37	35	37	36	34	31	41	72	100	114	104	99	91	90	85	86	87	86	85	85	83	84	82	66	50	31	37	38	40	40	36	41	38	39	38	36	36	38	38	37	36	36	36	36	36	36	36	36	36	35	35	35	35	35	35	35	35	36	35	35	38	33	38	35	36	36	37	37	38	39	39	40	38	39	38	37	38	40	40	38	38	38	37	37	38	38	37	36	37	37	37	35	35	37	36	33	33	33	32	31	31	30	29	28	27	27	28	28	28	28	28	28	28	28	28	28	28	28	28	28	25	27	27	25	24	25	25	23	25	23	21	20	22	27	32	36	32	30	39	33	35	34	36	40	52	55	59	60	60	59	59	60	60	60	61	61	62	62	62	62	61	62	63	63	63	63	64	64	65	64	64	64	64	64	65	65	65	66	66	66	65	64	65	65	65	64	63	63	64	64	64	64	63	62	66	61	65	61	65	63	63	64	64	63	63	64	65	63	64	64	63	63	63	63	64	64	68	68	68	68	68	67	67	67	67	67	68	69	70	70	67	66	70	70	70	69	69	69	68	68	67	65	65	67	68	67	67	69	67	67	67	67	67	67	67	67	65	66	68	69	69	68	66	65	64	64	64	64	64	64	63	62	63	60	55	57	59	55	52	57
303	58	56	56	57	56	55	55	58	59	57	56	58	60	61	59	56	57	57	57	57	57	57	58	59	59	58	58	59	59	57	58	61	58	59	60	60	58	58	59	60	58	59	60	62	63	63	63	62	63	62	60	60	60	58	58	58	56	57	58	59	59	59	58	58	59	59	59	59	58	57	57	58	57	58	58	58	58	59	60	61	58	58	58	58	58	59	60	60	59	61	53	58	52	53	57	61	59	64	58	60	62	59	60	61	62	63	64	64	64	63	64	64	64	64	64	64	63	63	63	63	64	62	62	65	65	64	63	64	64	64	63	63	63	63	64	64	63	62	62	62	62	62	60	59	59	63	64	61	60	61	60	57	54	52	52	57	60	60	58	58	63	59	57	58	61	60	62	67	61	53	47	66	112	195	226	241	233	231	236	245	243	224	186	104	68	53	55	64	63	56	52	52	55	56	54	52	51	53	54	52	52	52	51	52	52	52	52	51	54	52	52	54	54	52	51	53	56	54	54	57	56	53	52	54	55	54	53	54	56	56	54	52	54	54	55	57	57	58	58	58	55	55	56	60	60	58	58	59	58	53	52	56	54	49	50	55	50	48	52	49	48	50	47	49	47	48	49	50	49	49	49	49	49	50	51	52	52	52	52	53	53	51	51	52	52	51	51	53	53	52	52	51	51	52	51	52	52	52	52	52	53	54	55	56	58	54	52	52	52	49	48	49	47	46	43	41	37	31	24	20	21	25	24	19	12	12	13	11	11	11	8	4	3	22	63	181	238	237	235	233	234	238	238	223	188	80	38	14	6	11	13	13	10	11	12	13	13	14	16	17	17	20	23	24	25	27	31	35	36	33	36	38	31	32	35	31	29	30	30	30	29	29	29	29	31	31	32	32	32	32	33	33	36	34	36	35	34	30	41	73	101	114	104	98	90	90	85	86	87	86	85	85	83	83	80	63	49	33	35	38	40	41	34	43	37	39	38	36	36	39	39	38	35	35	35	35	35	35	35	35	36	36	36	35	35	35	35	35	35	39	32	40	34	37	36	36	38	37	36	35	34	34	34	34	36	37	37	36	37	39	39	37	37	37	37	37	38	38	38	38	37	38	38	36	36	37	35	32	33	33	33	32	31	30	29	28	28	28	28	28	28	28	28	28	29	29	28	28	28	28	29	29	25	26	26	25	24	25	25	23	24	23	22	22	22	22	23	24	32	28	34	29	34	34	34	36	44	48	54	58	59	60	61	62	58	59	60	61	62	63	63	63	60	61	62	62	62	63	63	64	63	64	66	67	67	66	64	63	65	65	66	65	65	64	64	65	65	64	63	63	63	63	63	62	63	61	66	61	65	60	64	63	62	64	63	62	62	64	65	64	64	64	63	63	63	63	64	64	66	66	66	66	67	66	66	66	67	67	68	69	70	70	67	65	70	70	70	70	69	68	67	67	67	65	65	67	68	67	67	69	67	67	67	67	67	67	67	67	66	66	66	66	67	67	67	67	64	63	63	64	64	64	62	61	64	67	60	55	58	60	57	54
304	55	57	58	56	55	57	57	56	57	57	58	58	58	58	57	57	58	57	57	58	60	62	61	61	59	59	59	60	59	58	58	60	60	60	60	60	59	60	61	62	59	60	61	61	61	60	60	61	60	59	58	58	59	58	58	58	55	56	57	58	58	58	57	57	62	57	56	61	61	56	55	58	59	58	58	57	57	58	58	59	60	56	62	58	58	62	56	60	59	56	58	50	54	51	58	60	60	63	59	57	62	61	58	62	65	65	65	64	64	64	64	64	62	64	65	63	62	64	65	63	62	62	63	63	63	62	63	64	64	64	64	64	63	63	64	65	63	63	63	64	63	63	62	61	62	62	61	61	60	60	60	60	56	49	55	54	62	60	60	62	65	59	55	57	60	58	61	65	64	58	53	62	101	190	227	239	234	232	237	242	242	223	186	104	69	55	55	58	59	56	54	52	57	56	54	54	54	54	54	54	53	52	52	52	52	52	52	51	52	52	52	52	52	52	52	52	55	55	54	54	53	53	53	53	57	55	55	55	54	53	54	57	58	56	57	59	60	58	57	58	57	59	59	57	56	57	57	56	58	59	48	58	54	53	53	51	50	50	50	50	50	49	48	47	49	49	49	49	49	50	51	51	49	51	52	51	50	50	51	52	51	49	50	52	53	52	53	55	51	52	53	54	54	54	54	55	53	55	51	56	52	57	53	55	56	53	52	53	52	49	47	48	46	45	42	39	35	30	26	23	23	26	24	17	9	9	13	12	11	12	9	6	4	24	64	181	238	237	235	233	234	238	238	223	188	76	38	7	5	12	14	13	11	11	12	12	13	13	13	13	17	17	17	17	18	21	24	27	30	33	31	38	34	39	34	35	34	35	30	30	29	26	31	29	30	31	33	35	33	30	30	32	34	37	35	31	35	32	40	74	101	117	106	98	90	89	85	87	86	84	85	88	80	82	84	65	51	29	38	41	38	35	39	33	38	38	38	38	38	38	35	34	37	37	37	36	35	35	36	36	34	35	36	37	37	36	35	34	35	34	37	34	38	34	36	34	35	35	35	35	35	36	36	36	35	36	37	37	37	37	36	35	37	38	38	38	37	37	37	38	36	36	37	37	37	36	35	35	36	35	33	32	32	31	30	29	29	28	28	28	27	28	28	28	29	28	28	28	28	27	27	27	28	26	25	26	26	23	23	24	23	23	22	21	20	19	19	18	26	27	28	29	30	33	34	35	37	36	39	47	55	58	60	61	60	60	60	60	61	62	61	60	66	63	61	62	63	62	62	63	63	66	62	65	60	66	62	61	65	66	65	63	63	65	65	64	63	63	63	63	63	64	65	65	63	63	63	64	64	64	63	63	64	64	64	64	64	64	64	64	65	64	64	64	65	64	64	63	65	65	66	66	65	64	64	64	66	70	68	70	70	67	71	69	70	68	68	69	71	70	68	65	65	64	64	65	66	66	66	66	66	66	65	66	66	66	66	66	66	67	67	67	67	67	66	65	60	61	61	61	61	61	60	59	59	65	61	57	62	60	55	57
305	57	59	60	58	58	59	59	58	55	55	57	58	58	59	59	59	60	59	58	58	59	59	58	57	59	58	58	60	59	58	59	60	60	60	60	60	59	59	60	61	59	60	60	60	60	60	60	60	60	59	59	59	59	58	57	57	58	58	58	58	57	57	55	55	59	57	57	58	58	57	56	56	59	59	58	58	58	58	59	59	60	57	61	58	58	61	57	60	60	57	58	50	53	50	58	60	61	62	59	57	60	60	60	62	63	63	63	63	63	63	64	64	61	63	64	62	62	63	64	63	64	64	64	63	61	60	60	60	62	63	63	63	62	62	62	63	62	63	63	62	62	62	61	61	62	62	61	61	60	60	60	60	56	48	54	53	61	60	59	61	62	58	56	57	58	56	60	66	58	54	49	62	100	193	229	241	234	232	237	242	242	222	185	104	69	55	54	58	60	56	55	53	57	56	54	54	54	54	54	54	53	52	52	52	52	53	52	51	53	53	53	53	53	53	53	53	53	53	53	53	54	54	55	55	55	54	56	58	58	55	55	57	58	56	56	59	59	58	57	58	57	59	59	57	56	56	57	55	55	56	56	54	56	45	54	52	51	51	51	51	50	50	49	49	50	50	49	49	50	51	51	52	49	49	49	50	52	53	53	53	53	52	52	53	53	51	51	52	53	53	54	54	54	53	53	54	53	53	51	54	53	55	54	54	55	52	51	52	52	49	47	48	45	43	40	36	32	28	24	22	22	25	24	18	10	11	15	14	12	13	10	7	6	25	66	182	238	237	235	233	234	238	238	223	188	75	37	7	6	13	16	15	13	13	14	14	14	14	14	13	14	14	15	15	16	17	20	22	24	26	27	32	32	36	35	35	34	37	33	35	34	31	35	33	30	30	31	33	33	31	31	33	34	37	35	32	35	32	40	74	102	116	106	98	90	89	86	87	85	84	85	87	80	81	82	64	52	30	37	38	36	34	39	36	36	35	35	35	36	36	35	35	35	36	37	36	35	35	35	35	35	35	36	36	36	36	35	35	35	34	37	33	37	33	36	34	36	36	36	36	36	36	36	36	36	36	37	37	37	36	36	36	37	37	38	38	37	37	37	38	36	36	37	37	37	37	36	36	35	34	33	32	32	32	31	30	29	29	28	28	28	28	28	28	28	28	28	28	27	27	27	27	27	25	25	26	25	24	23	25	23	23	22	21	20	19	19	19	21	22	24	26	28	32	35	37	36	34	33	38	44	50	57	62	58	59	60	60	60	61	63	64	64	61	61	63	64	62	62	63	63	64	64	62	63	64	64	62	63	65	64	63	63	65	65	64	63	64	64	65	64	62	61	60	64	64	64	63	63	63	63	63	64	64	64	64	64	63	63	63	65	64	64	64	64	64	63	62	65	65	66	65	65	65	65	65	66	69	67	70	69	66	69	67	69	69	68	69	69	68	66	65	65	64	64	65	66	66	66	66	64	64	65	65	64	64	65	65	65	66	66	67	67	66	66	65	61	61	61	61	61	60	60	59	59	64	60	57	61	60	56	57
306	53	55	56	56	55	56	56	55	57	58	58	58	57	57	56	56	58	58	57	58	58	59	58	58	58	57	58	59	59	58	59	61	60	60	61	60	60	59	59	59	59	59	60	59	59	59	60	60	60	60	59	59	60	58	57	56	57	57	57	57	57	58	57	57	57	58	58	55	56	59	59	56	59	59	59	58	58	59	59	59	60	57	60	58	58	60	57	60	60	58	58	51	51	50	57	60	63	60	59	59	57	60	62	61	62	62	62	62	62	62	63	63	61	62	63	62	61	62	63	62	61	62	62	62	61	61	61	62	61	62	62	62	62	61	62	62	62	62	62	61	61	61	61	61	61	61	61	60	60	60	60	60	56	47	52	52	61	60	59	59	63	60	59	59	59	56	59	66	67	62	48	62	94	192	226	241	234	232	237	242	242	222	185	103	68	54	54	58	60	57	56	53	57	56	55	54	54	55	54	54	53	53	52	52	53	53	52	52	53	53	53	53	53	53	53	53	53	53	53	54	54	55	55	56	54	54	56	58	58	57	57	58	57	56	56	58	58	57	57	57	56	58	58	56	55	56	56	55	54	55	56	53	55	45	52	50	52	52	52	51	51	50	50	50	50	50	50	50	51	51	52	52	53	51	50	51	52	52	51	50	51	51	51	52	53	53	53	54	54	55	55	54	53	53	52	52	52	51	52	51	54	52	54	52	53	52	50	51	50	49	47	48	43	40	36	32	28	25	23	22	21	25	24	18	11	12	16	15	13	14	11	8	7	26	67	183	238	237	235	233	234	238	238	223	188	75	37	8	8	15	19	19	16	16	16	16	16	15	15	14	13	14	14	14	14	14	16	17	18	18	21	22	28	30	33	33	35	39	37	39	38	35	37	35	32	30	30	31	32	32	32	33	34	36	36	33	35	33	42	74	102	117	105	97	90	89	86	87	85	85	85	87	81	80	79	62	51	30	37	38	37	34	39	37	40	39	38	38	39	40	39	39	36	37	38	39	38	37	36	36	36	36	36	36	36	36	36	35	36	34	37	33	37	33	36	35	36	36	37	37	37	37	37	37	36	36	36	36	36	36	36	36	37	37	37	37	37	36	37	37	35	36	36	37	37	37	37	37	34	33	33	33	33	33	31	30	30	29	29	29	28	28	28	28	28	28	28	27	27	27	27	26	25	24	24	25	25	24	24	25	24	23	22	21	21	20	20	20	18	19	21	22	25	30	33	35	34	34	34	36	38	39	44	48	57	59	62	62	60	59	60	62	61	60	61	63	64	63	62	62	63	61	65	59	66	62	66	62	62	63	63	63	63	64	64	63	63	63	64	65	65	65	64	64	65	64	64	63	62	62	63	63	64	64	64	63	63	63	63	63	65	64	64	64	64	64	63	62	65	65	65	65	65	65	65	65	64	68	66	69	69	65	68	66	69	69	68	68	67	66	65	65	64	64	64	65	66	66	66	65	66	66	65	65	65	65	66	66	64	65	65	66	66	66	66	66	62	62	61	61	61	60	59	59	59	62	60	57	60	59	56	56
307	55	57	58	58	58	57	57	57	58	58	58	57	57	56	56	55	56	56	57	57	58	59	59	59	58	57	58	59	59	58	58	60	59	60	61	61	60	59	59	59	59	60	60	59	59	59	60	61	60	59	59	60	60	58	57	56	57	56	56	56	57	58	58	59	58	59	58	56	57	60	60	58	59	59	59	59	59	59	59	59	59	58	59	59	59	59	58	59	59	59	58	52	49	49	55	60	64	58	60	60	57	60	64	60	61	61	61	61	61	62	62	62	61	62	62	62	61	62	62	63	60	60	61	61	61	62	63	63	61	62	63	63	62	62	62	62	63	62	61	61	60	60	61	61	61	61	60	60	60	60	60	60	56	46	51	51	61	60	58	58	60	57	55	56	57	54	56	62	63	57	42	59	90	192	225	241	233	232	237	242	242	222	185	103	67	53	53	58	60	57	56	54	57	56	55	54	55	55	55	54	54	53	53	53	53	53	53	52	53	53	53	53	53	53	53	53	54	55	55	55	55	54	54	54	56	56	56	56	56	57	58	60	57	56	56	57	57	57	57	56	56	57	57	56	55	55	55	55	57	57	49	55	50	54	50	49	53	52	52	51	51	51	51	51	50	50	50	51	51	51	52	52	54	53	52	51	52	52	51	50	51	51	51	52	53	53	54	54	54	55	55	54	53	53	52	52	53	51	54	49	54	50	53	50	52	51	50	50	49	48	47	47	41	38	33	28	25	23	23	22	21	25	24	19	12	13	17	16	13	14	11	8	7	27	67	183	238	237	235	233	234	238	238	223	188	75	37	9	9	17	21	22	19	19	19	18	18	17	17	16	16	16	16	16	15	14	14	15	14	12	17	14	23	22	28	28	33	37	36	40	40	36	38	35	36	34	32	32	33	33	32	32	35	35	36	34	34	33	43	74	103	117	104	96	89	89	86	87	86	86	84	87	83	80	76	60	48	31	39	40	41	36	38	37	39	38	36	36	36	37	35	35	37	38	39	39	38	37	37	37	36	36	36	35	35	35	36	36	36	34	36	32	36	33	36	35	36	36	36	36	37	37	37	37	36	36	36	36	36	36	36	37	36	37	37	37	36	36	36	37	36	36	36	37	37	37	37	37	34	34	34	35	35	34	32	31	30	30	30	30	29	29	28	28	28	27	27	27	27	26	26	26	26	25	25	25	25	25	25	25	24	24	23	22	21	21	21	21	19	19	20	20	21	24	27	29	31	34	37	37	35	33	34	36	50	54	59	61	61	60	59	59	61	61	61	63	63	63	62	62	63	62	64	61	65	62	64	62	62	63	63	64	64	64	63	63	65	64	63	62	63	64	66	67	65	64	63	62	62	62	63	64	63	63	63	63	63	63	63	63	63	63	63	63	64	64	64	63	67	66	65	64	64	65	65	64	63	67	66	69	69	66	68	66	68	68	68	68	66	65	65	66	64	64	64	65	66	66	66	65	66	66	66	65	65	65	66	66	64	64	64	64	64	65	66	66	61	61	61	61	60	60	60	60	59	60	59	58	58	58	56	56
308	56	56	57	58	57	57	57	57	55	55	55	56	57	58	59	59	58	58	58	58	58	58	58	58	58	58	58	59	58	57	57	59	58	59	60	60	60	59	59	59	60	60	60	60	59	59	60	61	59	59	59	60	60	58	58	57	60	59	58	57	56	56	55	56	59	57	56	58	59	58	59	60	59	59	59	59	59	59	59	59	59	59	58	59	59	58	59	59	59	60	57	53	47	49	54	61	63	58	60	61	58	60	63	59	62	62	62	61	61	61	61	61	61	62	62	63	62	62	62	63	63	63	63	62	61	60	61	61	60	61	62	62	62	61	61	61	63	62	61	61	61	61	61	61	60	60	60	60	60	60	60	61	56	46	51	50	61	60	58	58	62	57	55	57	59	57	59	63	60	56	43	62	95	195	224	238	233	232	237	242	242	222	184	102	67	53	53	58	60	57	56	55	58	56	55	55	55	55	55	55	54	54	53	53	54	54	53	53	54	54	54	54	54	54	54	54	55	55	55	55	55	54	54	53	56	56	56	55	55	56	58	59	57	57	56	56	57	57	57	56	56	56	56	56	56	55	55	56	58	57	51	53	49	56	50	51	52	52	51	51	50	50	51	51	50	50	50	51	51	51	51	51	49	50	52	52	52	52	54	55	55	55	54	53	52	52	51	50	53	54	54	54	53	53	52	52	54	51	54	49	54	49	52	49	51	51	50	48	48	47	46	44	38	35	30	26	23	23	23	23	23	26	25	19	12	13	17	16	12	14	11	7	6	26	66	183	238	237	235	233	234	238	238	223	189	75	38	11	11	18	22	23	20	20	20	20	20	20	19	19	20	20	19	18	16	15	14	14	15	12	15	11	18	16	21	20	25	30	31	37	39	37	41	38	41	39	37	35	35	34	33	31	36	34	36	34	33	33	45	75	104	117	104	95	89	89	86	87	86	87	85	87	85	80	74	60	47	32	38	39	41	35	37	37	37	36	36	37	37	37	35	34	36	37	37	36	35	35	35	36	37	36	36	35	35	35	36	36	36	34	36	32	36	33	36	35	35	35	35	36	36	36	36	36	36	36	36	36	36	36	36	37	36	36	37	36	36	36	36	37	37	37	37	36	36	36	36	36	36	36	36	36	36	35	33	32	31	31	31	31	30	29	28	28	28	27	27	27	27	26	26	26	27	27	27	26	26	26	25	25	24	24	23	23	22	22	22	22	22	21	20	19	18	21	22	23	29	32	34	33	32	32	37	39	39	42	46	52	58	62	64	64	61	62	62	62	62	62	63	62	63	63	61	64	61	64	61	62	63	63	64	64	64	63	63	63	65	64	62	60	60	60	61	62	63	63	62	62	62	63	64	64	62	62	62	63	63	63	64	64	62	62	62	63	64	65	64	64	69	68	66	65	65	65	65	64	64	68	66	70	70	67	70	68	68	69	69	68	67	67	67	67	64	64	65	66	67	67	66	65	65	65	64	64	63	63	63	63	65	64	64	63	63	63	63	63	59	59	59	60	60	60	60	61	60	58	57	58	57	57	57	56
309	54	54	54	55	54	53	54	56	55	55	55	56	56	57	58	58	56	57	58	58	58	58	59	59	58	58	58	59	58	56	57	59	58	58	59	59	59	59	59	60	60	60	60	60	60	60	60	61	59	59	59	59	60	58	58	57	58	58	58	57	57	57	56	56	58	55	55	58	59	57	57	59	58	59	59	59	59	59	59	58	58	60	57	60	60	57	60	58	58	60	57	54	45	49	53	62	62	60	60	61	60	61	62	60	63	62	62	61	61	61	61	61	62	61	62	63	62	61	62	63	61	62	62	62	61	61	62	62	59	60	61	61	60	60	60	60	62	62	61	61	61	61	61	61	59	59	59	59	60	60	60	61	56	47	52	51	61	60	58	59	67	60	56	56	57	54	54	58	59	51	36	52	88	189	224	239	233	232	237	243	242	222	184	102	67	53	53	58	60	57	56	55	58	57	55	55	55	55	55	55	55	54	54	54	54	54	54	53	55	55	55	55	55	55	55	55	54	55	55	56	56	55	55	54	53	56	57	57	56	56	56	55	57	57	57	56	56	57	57	56	56	56	56	57	56	55	55	56	56	54	60	50	52	50	53	55	51	51	51	51	50	50	51	51	50	50	51	51	51	51	51	51	50	52	53	53	52	52	53	55	54	55	54	53	52	53	52	51	52	53	53	53	52	52	52	52	54	52	52	50	52	50	50	48	50	50	49	47	46	45	43	40	35	32	28	24	23	23	24	24	24	27	25	19	12	13	17	16	11	13	10	6	5	25	65	182	238	237	235	233	234	238	238	223	189	75	38	12	13	19	23	24	20	20	21	21	21	21	21	21	22	22	21	20	18	17	16	16	18	16	16	13	16	14	16	15	17	22	23	30	34	35	41	41	42	42	41	39	38	37	35	33	37	33	36	35	32	33	47	76	104	117	103	94	89	89	86	87	86	88	84	87	87	81	72	59	47	33	36	35	38	33	35	39	37	37	38	39	40	40	38	37	37	37	37	36	35	35	36	37	37	36	36	35	35	35	35	36	35	34	36	32	37	33	36	35	35	35	35	35	35	35	35	35	35	35	36	36	36	36	36	36	35	36	36	36	35	35	36	36	37	37	36	36	35	35	35	35	37	36	36	36	36	35	34	33	32	32	32	32	31	30	29	28	28	28	28	27	27	27	27	26	27	28	28	26	26	26	26	25	25	25	24	24	23	23	23	23	22	22	21	20	19	20	21	22	23	27	31	32	33	35	37	37	35	35	37	41	48	55	60	63	60	62	62	61	61	62	62	62	63	64	59	65	60	64	60	62	64	64	64	64	64	63	62	63	61	62	62	63	63	62	61	61	62	62	62	62	62	63	64	64	62	62	62	62	63	63	63	64	62	62	62	63	64	64	64	63	69	67	66	65	66	66	65	64	65	68	66	69	69	67	71	69	68	68	68	68	68	67	67	66	64	64	65	66	67	67	66	65	66	66	65	65	64	63	63	63	65	64	64	64	63	60	60	59	58	58	58	58	59	60	60	61	60	55	56	58	56	56	57	55
310	58	57	57	58	57	56	57	60	58	57	57	56	55	55	55	56	54	55	56	57	57	58	59	60	58	57	57	59	58	57	57	59	58	59	59	59	58	58	59	60	59	59	60	60	60	59	60	60	60	59	59	59	59	58	58	57	56	56	57	57	58	58	57	57	56	57	57	57	58	59	58	57	58	58	59	59	59	59	58	58	58	61	57	60	60	57	61	58	57	60	56	55	44	49	53	63	62	62	59	58	61	61	60	62	62	61	61	61	61	61	61	61	61	60	61	62	62	60	61	63	59	59	60	61	61	62	63	64	60	60	61	60	60	60	60	61	61	61	61	61	61	60	60	60	59	59	59	59	59	60	60	61	56	48	54	53	61	59	59	60	63	57	53	52	52	49	50	55	54	42	29	41	85	187	228	243	233	232	237	243	242	222	184	101	67	53	53	58	60	57	56	54	58	57	56	55	55	56	55	55	55	55	54	54	55	55	54	54	55	55	55	55	55	55	55	55	54	54	55	56	56	56	55	55	53	56	57	56	56	57	56	54	58	58	57	55	56	58	58	56	57	56	56	57	57	55	55	57	54	52	61	50	53	52	53	54	51	51	51	51	51	51	51	50	50	51	51	52	52	52	51	51	54	54	54	53	52	52	51	51	51	52	53	52	53	55	55	54	51	52	52	52	52	51	51	51	51	51	49	51	49	51	49	49	48	49	48	46	44	42	39	35	31	29	26	24	23	24	24	25	24	27	25	18	11	12	17	17	11	12	9	6	5	25	65	181	238	237	235	233	234	238	238	223	188	74	38	14	14	20	23	25	20	21	21	21	22	22	21	21	22	22	22	21	20	19	19	20	20	20	17	18	16	17	15	15	14	18	18	23	26	28	34	34	38	41	42	41	40	40	39	37	38	33	36	34	30	33	49	77	105	117	102	94	88	89	86	87	84	88	83	87	88	81	71	59	47	35	37	35	39	33	34	39	35	34	34	35	36	37	35	35	38	39	39	39	38	37	37	38	37	36	36	35	35	35	35	35	35	33	36	33	37	33	36	34	34	34	35	35	35	35	35	35	34	35	36	36	36	36	36	36	35	36	36	36	35	35	35	36	36	36	35	35	35	35	35	36	36	35	35	35	35	35	34	34	32	33	33	32	32	30	29	28	28	28	28	28	27	27	27	27	26	27	27	26	25	27	27	25	25	25	24	24	24	24	24	24	22	22	22	21	20	22	22	23	20	23	27	29	33	35	35	32	36	36	36	36	39	43	48	51	57	60	61	60	60	61	62	61	63	61	60	63	63	62	61	63	64	62	62	63	63	62	62	64	60	61	63	64	65	65	64	63	62	62	62	63	63	63	63	63	63	63	62	62	62	62	62	62	63	62	62	63	63	64	63	62	67	66	65	66	67	67	66	64	66	69	66	69	68	66	70	69	68	67	67	67	68	67	66	64	63	64	64	66	67	67	66	64	66	66	66	65	65	64	64	64	64	64	62	62	61	60	59	58	58	58	57	57	58	59	59	60	60	54	56	58	55	55	58	55
311	56	54	54	55	54	53	55	58	56	56	55	55	56	56	57	57	56	57	58	57	56	55	55	56	57	56	57	58	58	57	58	60	60	60	59	58	58	58	58	59	58	59	60	60	59	59	59	59	61	60	59	59	59	57	57	57	58	58	58	58	58	57	55	54	55	60	60	56	57	62	61	55	57	58	58	59	59	58	58	57	58	62	56	60	60	56	62	58	56	60	56	55	43	49	53	63	62	64	59	56	61	61	59	64	60	60	60	60	60	61	61	62	61	59	60	62	61	59	60	62	61	61	61	61	60	60	60	60	61	62	61	61	60	60	61	62	60	60	60	61	60	60	59	58	59	59	59	59	59	60	60	61	56	48	55	53	61	59	59	61	63	60	59	60	61	60	64	72	75	64	54	62	104	194	229	237	233	232	237	243	242	222	184	101	67	53	54	58	60	57	56	54	58	57	56	55	55	56	55	55	56	55	54	55	55	55	55	54	55	55	55	55	55	55	55	55	54	55	56	56	56	56	55	54	55	57	57	54	54	56	58	57	58	59	58	56	56	58	58	56	57	56	56	58	57	55	55	58	54	53	54	54	51	61	50	51	51	51	52	52	52	52	51	51	51	51	52	53	53	52	52	51	54	52	52	52	54	54	53	52	52	54	54	52	52	54	54	53	51	52	52	52	51	51	50	50	49	50	46	51	47	52	48	49	47	48	48	44	42	40	36	31	29	27	25	23	23	24	24	25	24	27	24	17	10	12	18	18	11	12	9	6	5	24	65	181	238	237	235	233	234	238	238	223	187	73	38	14	15	20	24	25	21	21	21	22	22	21	21	21	23	23	23	22	21	21	22	23	21	22	18	22	17	21	16	16	16	18	15	18	19	19	25	25	34	38	42	42	42	43	43	41	39	32	36	34	30	33	50	77	105	117	102	93	88	89	86	87	83	87	82	86	88	80	69	58	47	36	40	38	43	35	34	39	40	39	38	37	38	38	37	37	37	38	39	39	38	37	36	36	36	36	36	36	35	35	35	35	34	33	37	33	37	33	35	33	35	35	35	35	35	35	35	35	34	35	36	36	37	37	36	35	35	35	36	36	35	35	35	36	35	35	34	34	34	35	36	36	35	34	33	34	34	35	35	34	33	33	33	33	32	30	29	28	29	28	28	28	28	27	27	27	24	26	26	25	25	27	27	25	25	25	25	24	24	24	24	24	22	22	23	22	21	23	23	24	22	21	19	19	26	33	38	37	34	35	37	37	36	36	39	42	53	58	60	60	60	61	61	60	63	59	62	60	66	60	63	63	63	61	61	62	63	61	62	64	64	63	63	62	62	62	62	62	62	63	63	63	63	63	62	62	64	63	63	63	62	62	61	61	64	63	63	63	63	63	62	61	66	65	64	66	68	68	67	65	68	70	67	68	67	65	69	67	68	67	66	67	68	67	64	61	63	63	64	66	67	67	65	64	64	64	64	63	63	63	63	63	63	62	62	62	61	60	59	58	58	58	57	57	57	58	58	59	60	53	55	58	54	55	58	55
312	57	54	54	56	56	55	54	56	58	55	54	57	57	55	56	59	59	58	58	57	57	58	58	59	56	56	57	57	58	58	57	57	60	60	58	56	56	59	60	59	61	61	60	59	58	58	59	59	61	59	58	60	59	56	56	58	56	57	58	57	56	55	55	56	58	58	58	57	57	58	58	58	57	56	58	62	62	59	58	59	59	57	57	59	60	58	58	60	58	59	58	54	45	53	53	61	63	60	57	57	59	60	60	59	61	62	62	62	62	61	61	60	63	59	58	63	63	58	58	63	59	60	60	60	60	60	61	61	61	60	60	60	60	61	62	62	61	63	61	58	58	62	62	59	62	60	58	58	58	59	61	61	54	46	56	54	62	62	57	58	64	46	55	72	75	82	96	96	99	91	79	99	148	190	228	241	233	232	237	243	242	222	184	102	66	52	52	57	59	56	55	53	56	56	56	56	56	55	56	56	55	55	55	54	55	55	56	56	56	56	56	55	55	55	55	54	56	55	55	55	56	57	56	55	57	57	56	56	56	56	57	57	58	56	56	58	58	56	55	57	55	54	54	55	54	53	53	56	54	56	55	53	53	54	54	52	53	56	53	57	51	56	54	57	54	54	54	54	55	54	53	52	56	55	53	53	53	53	53	52	55	55	55	55	54	54	54	54	51	50	50	52	52	50	50	51	50	49	48	48	48	48	48	47	50	46	49	43	42	29	30	30	26	26	25	24	23	23	24	25	22	25	23	17	11	13	18	17	11	12	10	6	5	25	65	182	238	237	235	233	234	238	238	223	189	76	35	17	12	20	25	23	22	21	21	21	22	23	23	22	22	24	20	25	20	24	20	22	21	23	20	25	20	24	21	22	24	23	21	21	21	21	21	20	28	30	32	35	39	43	43	40	38	37	33	35	33	40	50	81	103	115	104	95	87	89	89	86	86	86	86	88	91	78	70	55	46	32	42	39	38	35	36	37	36	36	36	36	37	37	36	36	38	38	37	37	37	37	38	38	35	37	38	37	37	38	37	35	33	33	33	34	34	35	35	35	35	34	34	34	34	34	34	35	36	36	35	35	36	36	35	35	35	37	37	35	34	36	36	35	36	36	36	36	36	35	35	35	34	36	37	38	36	36	36	37	33	37	32	30	35	33	28	32	30	29	28	27	26	26	27	28	25	25	26	26	26	25	25	24	24	25	25	23	24	26	26	24	25	24	23	23	23	24	23	23	23	17	23	21	22	25	22	29	37	33	39	36	37	42	37	41	44	42	55	54	54	64	62	58	58	59	66	61	65	59	63	62	61	59	63	59	65	60	64	63	63	64	64	64	63	63	63	64	61	62	62	63	64	63	62	60	62	61	61	63	63	62	61	62	64	61	61	64	64	62	62	66	67	66	64	64	64	66	66	67	67	68	68	67	67	67	67	68	69	68	67	68	68	67	65	63	64	65	66	67	66	66	66	66	66	66	66	65	64	63	62	62	62	63	62	58	57	60	59	55	62	57	54	56	58	58	56	55	53	55	55	53	55	60	60	55
313	56	54	54	56	56	55	55	56	56	57	56	55	56	57	57	57	58	58	57	57	57	57	58	58	57	57	58	58	58	58	57	57	58	59	59	58	59	60	59	56	57	57	57	57	57	57	58	59	59	58	58	59	59	56	56	57	56	56	57	57	56	56	56	56	58	57	57	57	57	57	57	58	58	56	56	57	57	56	57	59	58	56	56	58	58	57	57	58	58	60	58	53	44	52	52	61	56	58	59	58	56	55	57	60	61	61	61	61	61	60	60	60	61	60	60	61	61	60	60	60	61	61	61	61	61	60	60	60	61	61	61	61	61	61	61	61	64	62	60	60	60	59	58	58	59	59	59	60	60	60	59	59	57	49	55	51	58	59	58	61	64	60	59	64	70	73	79	85	86	77	65	78	124	188	228	240	234	232	237	243	242	222	184	102	66	52	52	56	58	55	54	52	55	56	56	56	55	55	55	56	56	56	55	55	55	55	55	56	56	56	56	56	55	55	55	55	56	56	55	55	56	57	56	55	55	55	55	55	55	55	55	55	57	56	56	57	57	56	56	57	55	54	54	55	54	53	54	56	53	55	55	54	53	55	54	53	54	57	55	59	53	55	51	52	51	51	51	52	54	54	54	54	55	54	53	53	53	53	53	52	52	52	52	51	51	50	50	50	51	50	50	51	51	50	49	50	50	49	48	47	47	47	46	46	47	46	45	39	36	30	30	27	26	26	26	25	24	24	24	24	20	23	22	16	10	12	17	16	11	13	10	6	5	25	65	181	238	237	235	233	234	238	238	223	188	75	33	15	11	19	25	23	21	21	21	21	22	23	23	23	23	23	22	24	22	24	23	24	22	23	22	24	22	24	23	23	22	21	20	20	20	20	19	19	20	21	23	29	38	44	42	37	35	36	34	36	33	40	50	81	106	112	99	95	89	89	88	87	89	87	86	86	89	77	71	56	46	33	42	39	39	35	36	36	36	36	36	36	37	37	36	36	40	39	39	38	37	36	36	36	36	38	38	37	37	38	37	35	34	34	34	34	34	34	34	35	35	34	34	34	34	34	34	35	36	36	35	35	36	36	35	35	35	37	37	35	34	35	35	34	35	36	36	36	36	36	36	36	35	36	36	37	36	36	35	36	34	37	34	32	36	34	29	32	31	30	29	27	26	25	25	25	24	24	24	24	25	24	24	24	25	26	25	23	24	26	26	24	26	25	24	24	24	26	25	24	24	19	23	22	22	24	22	27	30	30	36	36	37	39	35	36	37	33	44	48	52	61	61	65	65	60	61	57	63	61	63	60	62	60	63	59	64	60	63	62	61	62	62	62	61	61	62	62	62	62	62	63	63	63	62	61	63	61	61	62	63	62	61	61	62	62	62	60	60	60	60	59	67	66	64	64	65	66	67	67	67	67	68	68	67	67	67	68	68	68	67	67	67	66	64	63	62	63	65	66	66	65	65	65	65	66	65	65	64	63	62	61	60	59	59	59	59	58	58	58	58	57	57	57	56	53	54	57	62	56	53	55	56	54	54	57
314	56	55	54	55	56	55	55	55	55	58	58	54	54	58	58	55	57	57	57	57	57	57	57	57	59	59	59	59	58	58	57	57	58	59	59	58	59	59	58	56	59	60	60	60	60	61	62	63	58	57	58	59	59	56	56	56	56	56	56	56	57	58	57	56	57	57	57	57	57	57	57	57	62	60	59	60	60	60	60	62	59	58	58	59	59	58	58	59	59	60	58	53	44	52	52	61	58	60	63	62	60	60	61	63	61	61	60	60	60	60	60	60	59	61	61	59	59	61	61	58	62	61	61	61	61	60	60	60	61	61	61	61	61	61	61	60	61	57	57	61	62	59	58	61	59	59	59	60	60	60	59	58	54	50	57	54	60	58	57	57	63	73	68	62	69	62	53	61	51	43	35	47	94	189	230	242	234	232	237	242	242	223	185	102	64	50	51	55	58	55	54	52	54	55	55	55	55	54	55	55	56	56	56	56	56	55	55	55	56	56	56	56	55	55	55	55	56	56	55	55	56	56	56	55	55	55	56	56	56	56	55	55	56	55	55	56	56	56	56	57	55	54	54	55	54	53	54	56	52	54	54	54	54	55	54	53	54	55	54	57	54	56	53	53	56	55	54	54	54	55	54	54	54	54	53	53	54	54	53	52	55	54	54	53	53	52	52	51	51	49	49	51	50	49	48	49	49	48	47	46	46	46	45	44	43	45	39	33	28	31	28	25	26	27	27	26	25	24	23	23	19	22	20	15	9	12	17	16	12	13	10	6	5	24	65	181	238	237	235	233	234	238	238	223	187	73	31	13	8	18	24	22	20	20	20	21	22	23	23	23	23	23	24	23	25	24	26	25	23	22	24	23	25	23	25	24	26	25	25	25	25	25	24	23	20	19	19	22	29	34	34	32	36	38	36	37	33	40	51	83	107	110	96	94	90	88	87	88	89	88	86	86	89	76	70	55	45	35	42	39	40	35	36	36	36	36	37	37	37	37	36	36	37	37	37	38	38	38	38	38	37	38	38	37	37	37	37	35	35	35	34	34	34	34	34	35	34	34	35	35	35	35	34	34	36	36	35	35	36	36	35	35	34	36	36	34	34	34	34	34	35	35	35	35	36	36	36	36	37	36	36	35	36	35	35	34	35	37	35	34	37	35	31	32	32	31	30	28	27	25	24	23	24	24	24	24	24	24	25	25	26	26	25	24	24	25	25	23	26	26	25	25	25	26	26	25	25	22	24	23	22	24	22	25	24	28	29	33	35	34	36	34	36	33	36	40	47	51	51	61	62	58	59	57	63	62	63	61	62	61	63	60	63	60	62	61	60	61	61	61	61	60	61	61	62	62	61	62	62	62	62	61	64	62	61	62	62	61	60	61	62	65	65	62	62	65	66	63	67	66	65	64	65	66	67	67	66	67	68	68	67	67	67	67	68	67	67	67	66	65	64	63	61	63	65	66	66	65	65	65	63	64	64	64	64	63	62	59	62	58	57	60	60	57	57	60	59	59	59	59	57	55	56	59	60	54	52	55	56	54	54	57
315	56	55	55	55	56	56	55	55	56	58	58	55	55	57	57	55	56	56	57	57	57	57	56	56	58	58	58	58	58	58	58	58	59	58	57	56	57	58	59	59	56	56	57	56	55	55	56	56	57	57	58	59	60	57	56	56	57	56	55	56	58	58	57	56	56	57	57	58	58	57	57	56	57	58	59	60	59	58	57	57	60	59	59	59	59	58	58	58	59	60	58	53	43	51	52	61	59	57	56	57	59	60	58	56	61	61	60	60	60	60	61	61	59	61	61	59	59	60	60	58	61	61	61	61	60	60	60	60	61	61	61	62	61	61	60	59	58	57	57	60	61	60	59	60	61	60	58	58	58	59	60	60	53	52	58	55	60	56	58	57	63	72	66	60	65	55	44	50	49	38	32	44	85	193	226	238	234	232	237	242	242	224	185	101	62	49	50	55	58	55	54	53	54	55	55	55	55	55	55	56	56	56	57	57	57	56	56	55	56	56	56	56	56	56	56	55	56	56	56	56	56	56	56	56	55	56	56	57	57	56	56	55	55	55	55	55	56	55	55	56	55	55	55	55	55	54	55	56	53	54	54	55	55	55	54	53	58	56	53	53	54	56	56	56	59	57	56	55	55	55	54	54	53	53	53	54	54	54	53	52	52	52	51	50	50	49	48	48	50	49	49	50	49	48	47	48	48	47	46	46	45	45	44	43	42	41	32	30	24	30	26	25	26	27	27	26	25	23	22	22	19	22	20	15	10	13	18	16	12	13	10	6	5	24	64	181	238	237	235	233	234	238	238	223	187	72	29	11	6	16	22	20	18	18	18	19	21	22	22	21	23	21	25	21	27	23	27	25	24	23	27	22	27	23	26	24	24	24	24	24	24	24	23	21	23	24	23	19	17	19	26	31	39	43	41	39	34	41	53	86	105	110	96	93	88	88	87	88	87	87	88	89	92	77	68	51	43	38	41	38	42	35	37	36	37	37	37	37	37	37	36	36	36	36	37	38	39	39	39	39	38	38	39	38	38	37	36	35	37	36	35	34	34	34	34	35	34	34	35	35	35	35	34	34	36	36	35	35	36	36	35	35	35	36	36	35	34	34	34	34	35	35	35	36	36	36	36	36	37	35	35	32	37	34	36	34	35	36	36	36	37	35	33	32	33	32	31	30	28	26	24	23	26	25	25	24	24	25	25	26	26	25	25	24	24	25	25	24	26	25	24	24	24	26	26	25	25	24	25	24	23	23	23	24	22	27	22	28	31	30	39	36	38	39	37	36	41	41	41	49	53	56	62	63	63	60	61	61	62	61	62	61	62	60	61	61	61	62	62	62	61	61	61	62	63	62	61	61	61	62	62	62	64	62	61	61	62	61	60	61	59	61	61	60	60	63	64	62	67	66	65	65	65	66	67	67	65	67	68	68	68	67	66	66	67	67	66	66	65	64	63	63	62	64	66	67	66	66	65	65	62	63	64	64	62	61	59	59	62	60	59	60	59	57	56	58	62	59	57	57	59	59	57	55	52	56	57	54	55	58	56	51
316	56	55	55	55	55	56	56	55	58	56	56	58	57	55	55	57	55	56	56	57	57	56	56	55	57	57	57	57	57	57	58	58	59	57	56	56	57	58	59	60	61	62	62	61	60	59	59	60	57	58	59	60	60	58	57	56	58	57	56	56	58	58	56	55	57	57	58	58	58	58	57	57	57	58	59	59	59	58	57	56	58	58	58	57	57	57	57	56	59	60	58	53	43	51	51	60	59	57	55	56	58	58	57	55	60	60	59	59	59	59	60	60	61	59	59	61	60	59	59	60	59	59	60	60	60	60	60	60	60	61	61	61	61	60	60	59	60	61	61	59	59	59	57	54	60	59	58	58	58	59	59	59	58	55	55	49	54	53	61	62	67	60	53	53	55	53	54	59	57	42	36	50	88	196	223	238	233	233	237	242	242	224	185	99	62	48	49	55	57	55	53	51	54	55	55	55	55	55	55	56	55	56	56	57	57	57	56	56	56	56	56	56	56	56	56	56	56	56	56	56	56	56	56	56	54	54	55	55	55	55	54	54	55	56	55	55	55	55	55	54	54	55	56	55	55	55	55	55	55	55	55	55	55	54	54	54	62	59	56	54	55	55	55	54	55	54	53	53	54	55	55	55	53	53	53	54	54	54	53	52	52	52	51	50	49	49	48	48	50	48	48	49	48	47	46	47	46	46	45	45	44	44	42	41	40	35	26	30	25	28	25	28	26	26	27	26	24	23	22	22	21	23	21	17	12	15	19	18	13	14	11	7	5	25	65	181	238	237	235	233	234	238	238	223	188	72	28	9	5	14	20	18	16	16	16	17	19	20	20	20	21	19	23	20	26	22	26	24	25	24	27	23	28	23	26	24	24	24	24	25	25	24	23	22	23	23	22	18	15	17	25	33	41	47	47	45	39	44	53	84	102	112	100	92	84	88	88	87	87	87	88	90	92	77	67	50	41	39	40	38	44	36	39	38	37	37	37	37	37	37	36	36	39	40	39	39	38	37	36	35	39	38	38	39	38	37	36	36	38	37	36	35	34	34	35	35	34	35	35	36	36	35	35	34	36	36	35	35	36	36	35	35	36	36	36	36	35	34	34	35	36	36	36	36	36	35	35	35	37	33	36	31	38	34	37	35	35	34	35	36	35	35	33	31	33	33	32	31	30	28	27	26	27	27	26	25	24	24	24	25	25	24	24	24	25	25	25	25	25	25	24	24	25	27	26	26	25	26	24	24	24	23	25	23	23	26	19	24	26	25	35	34	35	41	37	34	38	39	39	42	48	53	58	61	60	60	59	60	61	61	61	62	60	61	61	61	61	62	62	62	61	61	62	62	63	62	61	60	61	62	62	62	64	61	60	61	62	61	61	62	64	62	61	62	61	59	59	61	65	64	64	64	64	65	65	65	64	65	67	67	66	66	65	65	66	66	65	65	64	63	62	62	63	64	65	65	65	64	63	63	60	60	61	61	61	60	59	59	61	62	61	58	57	59	58	56	58	57	55	55	57	57	55	53	53	57	58	55	55	56	54	49
317	55	56	55	54	55	56	56	54	58	55	55	59	58	55	54	57	56	56	56	56	56	56	56	56	56	56	56	56	56	57	57	58	57	56	56	58	59	58	58	58	55	56	57	56	56	55	56	56	58	59	60	59	59	58	58	56	58	58	57	57	58	58	56	56	58	58	58	58	58	58	58	58	60	61	59	58	58	59	61	61	58	59	59	57	57	58	58	57	58	60	58	53	43	51	50	59	58	60	61	59	57	56	58	60	58	58	58	58	58	59	59	59	62	59	59	61	61	58	58	61	59	59	59	59	60	60	60	60	60	60	60	60	60	60	59	59	58	61	61	58	58	60	59	54	58	58	59	60	60	60	58	57	57	57	54	50	56	53	62	59	67	52	49	53	53	53	58	57	50	35	28	46	90	195	224	245	233	233	238	242	242	224	184	96	62	48	49	54	56	53	51	49	53	54	55	55	54	54	55	55	55	55	55	56	56	56	56	56	56	56	56	56	56	56	56	56	56	56	57	57	56	56	56	57	55	55	55	55	55	55	55	55	55	56	56	55	54	55	55	54	54	56	56	55	55	55	56	55	57	55	55	56	56	55	55	56	57	56	58	56	59	55	56	53	57	56	55	55	55	55	54	54	54	54	53	53	54	54	53	52	54	53	53	52	52	51	51	50	49	48	47	48	47	46	44	45	45	44	43	43	42	41	39	38	36	30	25	28	27	27	25	29	26	27	27	26	24	23	23	23	24	26	23	19	14	17	21	19	14	15	12	8	6	25	65	182	238	237	235	233	234	238	238	223	188	72	28	9	5	14	19	17	15	15	15	16	17	18	18	18	19	18	20	19	22	21	23	23	24	24	26	24	26	24	25	24	27	27	26	26	27	27	26	25	24	21	19	20	21	23	26	29	39	47	49	49	43	47	53	81	101	113	101	92	84	88	89	86	88	87	87	88	90	76	68	52	39	42	40	38	45	36	40	38	38	38	38	38	37	37	36	36	39	39	39	39	38	37	37	36	39	38	38	39	39	37	36	37	38	38	37	36	35	35	35	35	35	35	35	36	36	35	35	35	36	36	35	35	36	36	35	35	36	35	36	36	35	34	34	35	36	36	36	36	35	35	35	35	36	33	37	31	39	33	38	35	36	33	35	36	34	34	35	31	33	33	33	32	31	30	29	28	27	27	26	25	24	24	23	23	25	24	23	24	25	25	25	26	26	25	25	25	26	28	27	27	24	28	24	25	25	23	26	23	23	24	21	23	23	23	27	26	30	39	36	35	36	37	41	38	43	44	43	51	54	62	61	62	61	62	60	62	59	62	60	61	60	60	61	61	60	60	60	61	62	61	60	60	61	61	61	61	63	61	60	61	62	61	61	61	66	62	62	65	65	61	61	65	64	64	63	63	64	65	65	64	64	65	66	66	66	65	65	65	66	66	66	65	63	62	62	62	63	63	64	64	63	62	61	62	59	59	60	60	60	60	59	59	58	61	61	59	58	62	62	59	54	58	60	57	54	53	54	56	56	53	52	55	55	52	53	57
318	55	56	55	54	55	57	56	54	56	56	56	57	57	56	56	56	57	56	56	56	56	56	56	57	57	56	56	56	56	56	57	57	58	56	56	59	59	57	56	57	57	58	59	60	59	59	59	59	58	60	60	58	58	57	57	56	57	58	58	58	57	57	57	57	58	58	57	57	57	57	58	58	56	57	55	53	53	56	58	57	58	60	60	58	58	60	60	59	58	59	58	54	44	51	49	57	54	56	58	57	55	54	55	57	58	59	59	59	59	59	59	59	60	61	61	60	60	60	60	60	60	60	60	60	60	60	60	60	59	59	59	59	59	59	59	60	58	58	59	59	60	61	60	58	57	58	59	60	60	60	58	56	55	57	55	54	60	55	61	52	60	52	51	54	55	55	54	49	50	40	29	46	96	192	223	244	232	233	238	242	242	224	182	93	59	46	47	53	55	52	50	48	52	53	53	53	53	53	54	54	56	55	55	55	55	55	56	56	57	57	57	57	57	57	57	57	56	56	57	57	56	55	56	57	57	57	57	56	56	57	57	57	55	56	56	55	54	56	56	54	54	56	57	56	55	56	56	55	58	56	55	56	56	55	56	58	53	53	58	55	59	55	57	56	59	58	57	56	56	55	53	52	55	54	53	53	53	53	53	52	49	49	49	49	48	48	47	47	49	47	47	47	47	45	44	45	43	43	42	41	40	38	35	33	30	27	27	26	28	27	28	28	27	27	27	26	25	24	25	25	27	28	25	20	16	19	22	20	15	16	13	9	7	26	66	182	238	237	235	233	234	238	238	223	188	72	28	9	5	15	19	16	15	15	15	15	16	17	17	17	17	18	17	20	19	21	20	22	22	23	22	25	23	26	24	25	24	23	22	22	23	23	23	22	26	22	20	21	22	22	24	26	37	44	46	45	40	47	55	83	102	111	99	93	87	89	88	87	88	87	87	88	91	76	68	52	38	44	39	38	47	36	40	38	38	38	38	38	38	37	36	36	37	37	37	38	38	39	39	40	39	37	38	40	39	37	37	38	38	38	37	37	36	36	35	35	36	36	35	35	35	35	36	36	36	36	35	35	36	36	35	35	36	35	35	36	35	33	33	35	36	36	36	36	36	36	36	35	36	33	40	32	40	32	38	35	37	33	35	37	33	34	36	31	32	32	32	32	31	30	30	29	27	27	26	26	25	25	24	24	26	24	23	25	25	24	24	26	26	25	25	25	26	28	27	27	25	29	25	26	25	23	27	22	25	23	25	23	22	24	21	23	27	32	32	37	35	33	40	36	38	38	34	42	45	56	57	61	61	63	59	63	58	62	58	60	59	60	60	60	59	59	59	60	62	61	60	60	61	61	61	61	63	61	61	62	62	61	60	60	59	58	59	60	60	60	61	62	64	63	63	63	64	64	64	63	65	65	66	66	65	65	65	66	66	66	66	65	63	62	62	63	63	63	63	63	62	61	62	62	59	58	58	58	58	59	60	60	58	59	60	59	59	59	59	59	54	59	61	58	55	54	55	56	54	51	51	55	55	53	54	59
319	55	56	56	54	55	57	56	54	54	57	58	55	56	59	58	55	57	57	56	56	56	56	57	57	58	57	56	56	56	56	56	56	61	58	56	57	57	55	56	58	56	57	58	58	57	57	57	57	58	60	59	57	57	57	57	55	56	57	58	58	57	57	57	59	58	57	57	56	56	57	57	58	55	57	58	57	57	59	59	57	56	58	58	57	57	59	59	57	57	59	59	54	44	51	49	57	58	57	57	58	61	61	58	56	60	60	61	61	62	61	61	61	59	63	63	58	58	63	63	58	61	61	61	60	60	60	60	60	59	58	58	58	58	59	59	60	62	58	58	61	61	58	57	59	59	58	58	58	58	59	59	58	59	59	53	51	57	53	62	53	54	55	51	47	53	56	54	52	42	38	27	44	98	190	223	241	232	233	238	242	242	224	181	92	55	43	45	51	54	52	51	49	51	52	52	52	52	52	53	53	56	56	55	55	54	55	55	55	57	57	57	57	57	57	57	57	56	57	57	57	56	55	56	57	56	56	55	55	55	55	56	56	54	56	56	54	55	57	57	55	54	56	57	56	55	56	56	54	58	55	55	56	57	56	57	60	56	55	59	53	56	51	56	55	55	54	54	55	55	55	53	52	56	55	53	53	53	53	53	52	51	51	51	50	50	50	50	49	48	47	46	47	46	45	43	44	43	42	41	39	38	35	32	30	26	26	30	23	28	27	31	26	28	28	28	27	26	25	26	27	28	29	26	21	17	19	23	20	16	17	14	9	7	26	66	182	238	237	235	233	234	238	238	223	187	71	27	9	6	15	20	17	16	15	15	15	16	17	17	16	17	19	16	21	17	22	19	21	20	23	20	26	22	27	24	26	26	25	24	24	24	25	25	25	23	22	22	21	18	18	24	31	38	42	40	38	35	45	57	87	104	108	95	94	90	89	87	88	85	86	88	90	93	77	67	49	38	46	40	38	47	36	40	37	38	38	38	38	38	38	36	36	40	39	38	38	37	38	38	38	38	37	38	40	40	38	37	38	37	37	37	37	37	36	36	35	36	36	35	35	35	35	36	36	36	36	35	35	36	36	35	35	35	34	34	35	35	32	33	35	35	35	35	36	36	36	36	36	36	34	42	33	41	31	38	35	38	33	35	37	32	34	37	32	32	32	32	31	31	30	30	29	27	27	28	28	27	26	26	25	27	24	24	25	25	24	24	25	24	24	23	24	24	27	26	26	25	31	25	27	26	22	27	21	27	22	27	21	21	26	21	26	24	24	26	37	35	31	42	39	37	40	37	41	36	44	46	53	62	64	59	63	57	62	57	59	59	60	60	60	60	59	60	60	61	61	60	60	61	61	61	60	63	62	61	62	62	60	59	59	62	65	64	61	60	63	63	60	63	63	62	63	63	64	63	63	65	65	65	65	64	64	65	66	66	67	66	65	63	62	63	64	64	64	64	63	62	63	63	64	59	58	57	57	57	58	60	60	60	57	58	60	59	56	55	58	56	57	56	55	55	57	55	52	51	56	57	54	53	55	54	50
320	54	55	55	55	55	55	56	57	55	55	54	54	55	55	56	56	55	55	55	55	57	57	57	57	57	61	55	58	57	54	60	58	54	56	57	58	57	56	56	55	57	59	58	55	55	58	58	55	58	58	58	59	59	57	57	57	58	58	58	57	56	57	57	58	57	56	57	57	58	58	57	56	57	58	59	58	57	56	57	59	57	57	57	58	59	59	58	57	59	58	58	49	46	50	50	55	57	60	57	57	56	55	59	56	58	58	59	59	58	58	59	60	62	58	57	60	60	58	59	61	62	61	60	59	58	59	60	61	61	59	58	57	57	58	59	59	58	59	59	59	59	59	58	58	58	57	56	56	56	57	58	58	55	54	52	54	56	52	52	58	56	53	55	55	54	56	54	43	41	35	33	51	99	192	229	240	230	232	234	240	241	224	185	84	49	41	38	42	52	48	44	47	50	47	55	48	53	51	52	53	49	50	52	54	54	55	54	54	54	54	54	55	55	55	55	55	55	55	55	56	56	56	55	54	56	56	56	56	56	55	55	55	56	56	57	58	58	57	56	55	56	56	56	56	56	56	56	56	56	54	58	56	55	57	54	57	57	56	55	55	56	56	55	54	55	54	55	57	58	56	55	57	57	57	56	55	54	53	52	52	51	50	49	48	49	49	49	49	47	46	45	44	44	43	43	43	42	41	40	39	36	31	27	24	25	24	25	27	28	26	27	30	29	29	28	28	28	28	27	27	26	30	29	23	16	17	22	21	17	16	13	9	6	28	68	179	238	237	235	233	234	238	238	223	189	70	33	10	10	16	21	20	19	17	15	14	15	16	17	17	15	16	17	18	19	19	19	19	18	19	20	22	24	25	25	26	24	24	25	25	25	25	25	25	25	23	20	18	20	23	27	30	34	36	32	32	34	48	59	86	101	105	98	90	84	92	90	87	88	87	86	88	93	75	62	48	41	43	42	40	40	39	39	37	38	38	38	38	38	38	37	37	38	39	40	40	39	39	40	41	39	39	38	38	38	38	37	37	37	38	39	40	40	38	36	34	37	36	36	36	36	36	36	35	37	36	35	36	36	36	34	32	34	34	34	34	34	34	34	34	34	36	37	35	35	36	35	33	34	36	36	34	34	35	35	34	34	34	33	33	33	33	34	34	33	33	32	31	31	30	31	31	30	29	28	27	26	27	28	28	28	27	26	26	26	26	25	24	24	24	24	25	27	27	26	26	26	25	25	24	24	24	24	24	28	26	24	22	21	22	23	24	22	22	22	24	28	32	33	33	41	36	38	43	42	34	33	38	47	53	65	65	56	56	61	61	59	57	57	60	61	60	60	61	58	59	60	61	62	62	61	60	62	62	61	61	61	61	62	62	60	61	62	62	62	62	60	60	63	63	63	63	63	63	64	65	64	65	64	62	63	65	65	63	64	62	61	63	63	60	59	59	61	58	58	61	61	58	58	61	60	56	59	60	55	57	61	57	59	61	58	59	58	54	55	52	57	56	55	56	56	54	53	54	54	55	55	55	55	56	56	57
321	54	55	55	55	55	55	56	57	56	55	55	55	55	55	55	55	55	55	55	55	56	57	57	56	56	59	54	57	57	54	60	58	55	56	57	58	57	57	56	57	57	56	56	57	57	56	57	57	58	58	59	59	59	56	56	56	55	56	56	56	55	55	54	55	58	57	57	58	58	59	58	57	58	58	57	57	58	58	58	57	59	58	58	58	58	58	58	57	59	58	59	50	46	49	49	53	56	60	57	57	56	55	58	55	58	59	59	59	58	58	58	59	60	58	57	58	59	58	58	59	58	58	57	57	57	57	58	59	60	59	58	58	58	59	59	59	56	56	57	57	58	59	59	59	59	58	57	57	57	58	58	57	58	58	55	55	56	51	48	53	63	54	52	53	51	48	49	47	42	36	34	52	99	192	229	240	231	232	234	242	241	224	183	83	48	38	36	39	47	45	42	46	49	47	53	49	51	51	50	52	54	53	52	52	52	53	55	56	55	55	55	55	55	56	56	56	55	55	55	55	55	55	55	54	55	55	56	56	56	56	56	56	56	56	57	57	57	57	57	56	56	56	56	56	56	56	56	56	56	55	58	56	56	57	54	57	57	56	55	55	56	56	55	54	56	55	55	56	56	55	55	56	56	55	55	54	53	53	52	52	51	50	49	48	48	48	47	47	47	46	45	44	42	41	41	40	43	39	35	31	28	27	26	25	24	24	26	29	29	27	27	29	28	28	28	28	28	28	28	28	25	29	28	23	17	19	23	23	18	16	13	9	7	29	68	180	238	237	235	233	234	238	238	223	189	70	34	11	11	17	22	21	17	17	18	18	19	18	17	16	17	18	18	18	19	19	19	19	18	18	20	21	22	22	23	23	21	21	22	22	22	22	23	23	24	22	19	17	18	21	25	28	31	33	29	29	33	47	59	87	103	104	96	92	86	90	87	88	88	87	86	88	94	75	62	47	39	41	42	40	41	40	39	38	39	39	39	39	39	39	38	38	38	39	40	39	38	38	39	40	38	38	38	38	38	38	38	38	41	39	36	35	36	37	38	39	37	36	36	36	36	36	36	35	36	35	35	35	36	35	34	33	34	34	34	34	34	34	34	34	33	35	35	33	33	35	35	34	35	36	36	34	34	36	35	34	34	34	34	33	33	33	33	33	33	33	32	32	32	32	32	32	30	30	29	28	28	28	28	28	27	27	26	26	27	26	25	24	25	25	24	25	26	26	25	25	26	26	25	25	24	24	24	24	25	25	25	25	25	24	23	22	19	22	24	24	22	23	27	31	37	34	36	40	41	38	39	43	43	46	52	56	58	61	61	56	61	59	58	60	60	59	60	61	58	59	60	61	61	61	60	60	61	61	61	61	61	61	61	61	60	61	61	62	62	61	61	60	63	63	63	63	63	63	64	65	65	65	64	63	63	65	65	64	67	63	60	59	58	58	60	63	58	60	61	62	62	61	59	58	57	54	58	60	57	59	62	59	56	58	55	58	58	55	58	56	55	57	57	54	54	55	55	52	52	52	53	53	52	52	53	53
322	54	55	55	55	55	55	56	56	56	56	56	56	56	55	55	54	56	55	55	55	56	57	56	56	54	57	55	57	57	55	59	57	56	57	57	58	57	57	57	57	57	54	55	59	59	56	56	59	58	59	59	59	58	56	55	55	58	59	59	59	59	58	57	58	58	58	57	58	58	59	59	58	59	57	56	57	58	59	58	56	60	59	58	58	58	58	57	57	59	58	59	52	48	49	48	52	55	59	57	57	57	55	58	55	59	59	59	59	58	57	58	58	58	59	59	58	59	60	59	57	61	61	61	61	61	62	62	62	59	58	58	58	59	60	60	59	60	60	59	59	59	58	58	58	59	59	58	58	58	58	57	56	56	57	56	56	57	52	49	53	57	48	50	57	53	41	38	40	43	38	35	54	100	192	228	239	231	232	235	242	241	222	182	82	45	33	32	36	41	40	39	44	47	47	49	49	47	52	48	52	51	50	48	47	47	48	49	50	53	53	53	54	54	54	54	54	56	55	54	54	54	55	54	54	54	54	55	56	57	57	57	57	56	56	56	56	57	57	57	57	57	57	57	57	57	57	57	57	56	55	59	57	56	58	55	57	57	56	56	56	56	56	55	55	57	55	55	55	55	54	54	55	54	54	54	53	52	52	51	51	51	50	49	47	47	46	45	44	45	44	44	42	41	40	38	38	36	34	32	30	27	25	23	21	24	25	28	30	30	29	28	28	27	27	28	28	28	28	28	28	26	30	29	24	18	19	24	23	18	16	14	10	7	29	69	180	238	237	235	233	234	238	238	223	189	70	34	12	13	19	23	22	19	19	20	21	21	20	19	17	20	20	19	19	19	19	19	19	18	18	19	19	20	20	20	20	23	23	23	23	24	24	24	24	22	20	18	16	17	19	22	24	27	29	26	27	32	48	60	88	106	103	95	94	87	87	84	88	87	87	86	88	93	76	62	46	38	40	41	41	42	41	40	38	39	39	39	39	39	39	38	38	38	39	39	39	38	38	38	38	38	38	38	38	38	38	38	38	38	37	37	38	38	38	38	37	37	36	36	36	36	36	36	35	34	35	35	35	34	34	34	34	33	33	33	33	33	33	33	33	33	33	33	32	32	34	35	34	35	36	35	34	34	35	35	34	34	34	34	34	34	33	33	32	32	33	33	33	33	33	33	33	31	30	30	29	29	29	28	28	27	27	27	27	27	27	26	25	26	26	25	24	25	25	24	23	26	26	25	25	25	24	24	23	25	26	26	27	26	25	23	22	21	22	23	22	19	19	23	26	33	33	35	37	38	38	39	41	43	42	38	40	50	58	59	59	59	58	57	57	57	56	56	57	59	59	60	60	60	60	60	60	61	61	61	61	61	61	61	61	61	61	61	61	61	61	61	61	63	64	64	63	63	63	64	66	65	65	64	63	64	65	65	64	62	62	62	62	60	58	59	61	57	62	63	61	60	62	61	56	59	57	59	60	57	58	59	56	57	59	56	58	57	54	57	54	53	57	57	53	52	56	55	50	55	55	56	55	55	54	54	55
323	54	55	55	55	54	55	55	56	55	56	56	56	56	56	55	54	56	56	55	55	56	56	56	55	54	56	56	57	57	56	57	57	57	58	58	58	57	57	57	57	57	55	56	58	58	56	56	57	58	58	58	58	58	56	55	55	53	54	55	55	54	54	53	53	58	58	57	57	57	58	58	58	58	57	57	57	58	58	58	57	59	58	57	56	57	57	57	57	58	57	59	53	49	49	47	51	54	59	56	57	57	55	58	54	59	59	60	59	58	58	58	59	58	60	61	59	59	62	61	57	58	58	59	59	60	59	59	59	59	59	59	59	60	60	59	59	62	62	61	60	59	59	59	59	59	59	58	59	59	58	56	55	54	56	56	57	58	54	50	53	55	51	54	61	57	42	36	40	46	40	37	55	101	192	228	238	231	232	235	243	241	222	182	82	42	29	28	33	36	35	35	39	43	44	44	47	43	51	45	51	52	53	53	53	53	52	52	51	50	50	50	51	51	51	51	52	54	54	53	52	53	54	54	54	53	53	54	56	56	56	56	56	56	56	56	56	56	56	56	57	57	57	57	57	57	57	57	57	56	55	59	57	57	58	55	57	58	57	57	57	57	57	56	56	57	56	55	55	54	54	54	55	54	54	53	52	52	51	50	50	50	49	48	47	46	44	43	41	41	41	41	40	39	38	37	36	32	31	30	29	28	25	23	21	25	27	29	31	30	29	28	27	27	27	27	27	28	28	28	28	28	32	31	25	18	19	23	21	18	17	15	11	8	30	70	181	238	237	235	233	234	238	238	223	189	70	35	13	14	20	24	23	22	21	20	20	20	21	21	20	21	21	20	20	19	20	20	20	19	19	19	19	19	19	19	19	18	18	18	17	17	17	17	17	20	18	16	15	16	18	20	22	24	27	24	25	31	49	62	89	104	103	94	93	86	87	85	87	86	87	86	88	93	75	61	44	37	39	41	42	43	41	40	39	39	39	39	39	39	39	38	38	39	39	39	39	38	38	38	38	38	38	38	38	39	39	39	39	37	37	38	39	40	39	37	36	37	36	36	36	36	36	35	35	33	34	35	35	33	33	34	35	33	33	33	33	33	33	33	33	33	33	33	32	32	33	34	34	34	34	34	34	34	34	34	34	34	34	35	35	35	34	33	33	32	33	33	33	33	33	32	32	30	31	31	30	30	29	28	28	28	27	27	28	28	27	26	25	27	26	25	24	24	24	24	23	25	25	26	26	26	25	24	24	27	27	26	26	25	25	25	25	27	24	21	21	22	23	22	21	24	28	31	33	35	36	37	36	39	41	35	33	42	47	51	58	59	60	61	62	61	60	60	60	58	58	59	59	59	60	60	60	60	60	61	61	61	61	60	60	61	60	60	60	60	60	61	61	63	64	64	63	63	63	65	66	65	65	64	64	64	65	65	64	59	61	63	63	61	59	58	59	61	62	61	59	58	60	60	59	60	59	60	60	58	57	56	55	58	60	56	58	57	54	56	53	53	56	56	54	53	54	53	50	52	53	53	53	52	52	52	53
324	54	55	55	55	54	54	55	56	54	55	55	56	56	56	55	55	56	55	55	55	56	56	56	55	56	56	58	57	57	57	56	56	58	58	58	58	57	56	56	57	56	58	58	57	56	58	57	55	56	56	57	57	58	56	56	56	57	58	59	59	59	58	57	57	57	56	56	56	56	57	57	57	56	57	58	57	56	56	57	58	57	56	55	55	56	56	56	56	56	55	58	54	50	49	46	51	54	58	56	57	56	55	58	54	59	59	60	60	59	59	60	60	58	60	61	59	59	62	61	57	58	59	59	60	59	59	58	58	59	59	59	60	60	60	58	57	57	57	57	57	58	59	60	61	58	58	58	58	58	57	56	54	56	58	58	58	58	53	49	50	58	55	50	47	44	36	36	43	49	42	39	56	102	192	228	238	230	231	234	243	241	222	183	85	42	25	26	34	33	31	32	34	38	38	39	43	39	47	43	48	45	46	47	48	48	47	47	46	50	50	50	50	51	51	51	51	52	51	51	51	52	53	54	54	52	52	53	54	54	54	54	54	56	56	56	56	56	56	56	56	57	57	57	57	57	57	57	57	57	55	59	57	56	58	55	58	58	58	57	57	57	57	57	56	56	56	55	54	54	55	55	55	55	54	53	52	51	49	48	48	47	47	46	45	44	43	41	40	39	39	38	38	37	35	34	33	32	29	26	23	23	24	26	27	28	29	30	29	29	28	28	27	27	27	28	28	28	28	28	29	29	32	31	25	18	19	23	22	19	18	16	12	10	31	70	181	238	237	235	233	234	238	238	223	188	70	35	14	14	21	25	24	22	21	20	20	20	21	21	20	22	21	21	21	21	21	22	22	21	21	21	21	21	21	21	21	23	23	23	22	22	21	21	21	17	16	15	14	16	17	19	20	24	27	24	24	31	50	63	89	101	103	95	90	84	89	87	86	86	88	87	87	92	75	61	43	39	40	42	44	44	41	39	39	40	40	40	40	40	40	39	39	40	40	40	39	39	39	39	38	38	38	38	39	39	39	39	39	42	40	37	35	35	37	38	39	37	36	35	35	36	36	35	34	33	34	35	34	33	32	33	35	33	33	33	33	33	33	33	33	34	33	34	34	34	33	33	33	33	33	33	33	33	33	33	33	33	34	34	35	35	35	34	34	33	33	33	33	33	32	31	31	30	31	31	31	30	29	28	27	28	28	28	28	28	28	27	26	27	25	24	24	24	25	25	24	24	25	25	26	26	26	25	25	27	27	27	26	26	26	26	26	28	26	23	22	23	24	23	22	18	21	25	27	30	35	37	38	33	39	38	38	42	41	40	45	51	55	58	60	61	60	59	59	57	58	58	58	59	59	60	60	59	59	60	60	60	60	59	59	61	60	60	59	60	60	61	61	63	63	63	63	63	63	64	65	65	64	64	64	65	65	64	64	63	63	62	58	56	57	60	63	62	60	58	59	59	57	58	60	56	58	58	58	60	59	58	58	55	58	54	57	57	55	58	56	55	53	53	55	55	52	51	53	52	53	53	53	52	52	53	53
325	54	55	55	55	54	54	55	56	54	54	54	55	55	55	55	55	55	55	55	55	56	56	56	55	56	55	59	57	56	58	54	57	57	58	58	58	57	56	56	56	56	59	59	55	55	58	58	54	55	56	56	57	58	56	56	56	53	54	54	54	54	53	53	53	56	55	55	55	56	56	56	56	55	56	57	57	55	55	56	57	56	55	54	55	55	56	56	56	55	54	57	54	49	48	45	50	54	58	56	56	56	54	58	55	58	59	59	59	59	59	60	61	58	59	59	58	59	60	59	57	61	61	61	61	61	60	60	59	59	59	59	59	59	59	58	57	58	58	58	58	59	59	60	60	57	57	57	58	58	57	56	55	54	58	57	57	58	55	51	53	58	57	47	38	36	33	35	43	52	45	40	57	102	192	228	238	230	230	234	243	241	222	184	88	46	24	25	34	31	29	29	29	34	33	36	36	36	42	39	44	47	47	47	48	48	50	51	51	50	50	51	51	51	51	52	52	49	49	49	50	51	52	52	52	52	52	52	52	52	52	52	52	55	55	56	56	56	56	56	56	57	57	57	57	57	57	57	57	57	55	59	56	55	58	55	58	58	57	57	57	57	57	56	56	55	55	55	54	54	55	55	54	54	53	52	51	49	48	46	46	45	44	43	42	41	40	39	38	38	37	36	34	32	31	29	28	27	25	24	23	24	26	27	27	29	30	30	28	27	28	28	28	28	28	28	28	28	29	29	29	29	32	30	25	18	19	24	23	20	19	16	13	11	32	71	182	238	237	235	233	234	238	238	223	189	70	35	13	14	20	25	24	20	20	21	22	22	22	20	19	21	21	22	22	22	23	23	24	24	23	23	23	23	23	24	24	20	20	20	19	19	19	18	18	17	17	16	16	17	18	19	20	24	27	24	23	31	51	64	89	99	102	94	89	83	90	87	87	86	88	87	86	91	75	60	42	40	41	42	45	45	41	39	39	41	41	41	41	41	41	40	40	41	40	40	40	40	41	40	39	39	39	39	39	39	39	39	39	41	39	38	37	37	37	37	37	37	36	35	35	36	35	35	34	34	34	34	34	33	33	33	34	33	33	33	33	33	33	33	33	34	34	34	35	35	33	32	33	33	32	32	33	34	33	33	34	33	34	34	35	35	35	35	35	34	34	33	33	32	32	31	31	31	31	31	31	30	29	28	28	29	28	28	28	28	28	28	27	26	25	25	25	25	25	25	25	25	25	25	26	26	26	26	26	25	26	28	29	29	27	26	24	24	26	27	25	22	20	22	25	22	23	23	22	24	29	34	36	37	37	36	37	40	38	36	37	42	46	51	53	55	57	58	58	57	57	58	58	59	59	59	59	59	59	59	59	59	59	59	59	60	60	59	59	59	60	61	61	62	63	63	62	62	63	64	65	64	63	63	64	65	64	63	63	61	62	61	59	57	58	60	60	60	57	58	62	62	57	56	59	57	59	58	57	60	59	56	59	56	58	55	56	56	54	57	55	57	52	52	56	55	50	50	54	54	55	55	55	55	55	55	56
326	55	55	55	55	54	54	55	55	54	54	54	54	54	54	54	54	55	54	54	55	56	56	56	56	56	53	59	56	55	58	54	57	55	56	57	58	57	56	56	56	57	57	57	56	56	57	57	57	55	56	56	57	57	55	55	55	57	57	57	57	56	56	56	57	55	55	55	55	56	56	55	55	55	55	56	55	55	55	55	56	56	55	55	55	56	56	55	54	55	53	57	53	49	47	44	49	54	58	55	56	55	54	58	55	58	59	59	59	58	58	59	59	60	58	57	58	59	58	58	59	56	57	57	57	57	57	56	56	58	58	58	58	59	59	58	57	61	61	60	60	59	58	58	57	58	57	57	58	58	58	57	56	53	57	56	55	57	56	54	56	59	60	51	44	45	41	41	51	54	47	42	57	102	192	228	239	231	231	234	244	242	222	185	92	51	25	26	33	30	28	29	27	31	28	34	30	33	35	36	39	39	39	40	41	42	43	44	45	48	48	48	48	49	49	49	49	48	47	48	49	50	51	50	50	52	51	51	50	50	51	52	52	53	54	55	56	56	57	57	56	56	56	56	56	56	56	56	56	57	55	58	55	54	57	55	58	57	56	56	56	56	56	55	55	54	55	55	53	52	53	53	51	52	51	50	49	47	46	45	44	43	42	40	38	38	37	36	36	35	34	32	30	28	27	25	25	21	22	24	26	28	28	28	27	27	29	29	27	27	28	29	28	29	29	29	29	29	29	29	29	29	32	30	24	17	18	24	23	20	19	17	14	11	32	71	182	238	237	235	233	234	238	238	223	189	70	34	12	12	19	24	24	21	21	21	22	22	22	20	19	22	22	23	23	24	24	24	24	27	26	26	25	25	25	26	26	26	26	26	26	26	26	25	25	22	22	22	21	22	23	23	23	26	30	26	25	33	55	68	92	100	99	92	90	85	88	86	88	86	88	86	86	90	74	60	42	42	41	43	45	46	41	40	41	41	41	41	41	41	41	40	40	41	40	39	40	41	41	41	40	39	39	39	39	39	39	39	39	37	38	39	41	41	39	36	34	37	36	35	35	35	35	35	34	36	35	34	33	33	33	33	33	34	34	34	34	34	34	34	34	34	33	33	35	35	33	33	34	34	33	33	34	34	33	33	35	34	34	34	34	35	35	35	36	34	34	33	33	33	33	33	33	32	32	32	31	31	30	29	29	30	29	28	27	28	29	29	29	26	26	25	26	26	26	25	25	27	27	26	26	25	25	25	25	25	26	27	28	28	27	26	25	24	26	28	26	23	21	23	25	26	25	23	23	23	23	26	29	38	33	34	35	34	35	38	38	40	44	47	48	50	56	61	63	57	58	58	59	58	58	57	56	59	59	59	59	59	59	59	59	59	59	59	59	60	60	61	61	62	62	62	62	62	62	63	64	64	62	62	64	65	63	62	63	58	60	62	61	60	60	59	56	59	59	59	60	60	59	58	59	58	62	58	56	60	58	54	58	58	59	55	56	55	53	56	54	57	54	53	54	54	51	52	54	51	51	52	51	50	50	51	51
327	55	55	55	55	54	54	54	55	55	54	54	53	53	53	53	54	54	54	54	55	56	57	57	56	55	52	58	54	54	58	53	58	53	55	57	58	58	57	57	57	58	55	55	57	58	55	56	59	56	56	56	57	57	55	55	54	55	55	55	55	54	54	54	55	55	55	55	55	56	56	55	54	56	55	54	54	55	56	55	54	56	56	56	56	56	56	55	54	56	53	56	53	48	46	42	48	54	58	55	55	55	54	58	55	58	58	59	58	57	57	57	58	62	58	57	60	60	58	59	61	58	58	58	58	59	59	59	59	58	57	57	57	58	59	58	58	57	57	58	58	58	58	58	57	58	58	58	58	59	59	58	57	57	60	58	55	56	54	52	53	57	56	46	41	44	41	42	55	56	48	42	57	101	192	229	239	232	234	234	244	242	222	185	93	55	27	26	33	30	28	30	26	30	26	33	27	32	31	34	36	35	37	40	43	44	44	42	41	44	44	44	44	45	45	45	45	47	47	47	48	49	50	49	48	52	51	50	50	50	51	52	53	51	52	54	56	57	57	57	57	56	56	56	56	56	56	56	56	57	55	57	54	54	56	55	58	56	55	54	54	55	55	54	53	53	55	55	52	52	52	51	48	50	49	48	47	46	45	44	44	42	40	38	36	35	35	34	34	32	31	29	27	26	25	24	24	24	23	22	23	26	29	31	33	26	28	29	27	27	29	30	29	30	30	30	30	29	29	29	29	31	33	30	23	16	17	22	22	20	19	17	14	12	33	72	182	238	237	235	233	234	238	238	223	189	70	33	11	12	18	24	23	24	22	20	19	20	21	22	22	22	23	23	24	24	24	24	24	29	28	27	27	26	26	26	27	25	26	26	26	26	27	27	27	28	28	27	27	27	27	27	27	29	33	29	28	36	58	71	96	102	97	90	92	86	85	83	90	86	89	86	85	89	74	60	42	42	41	43	46	46	42	41	42	41	41	41	41	41	41	40	40	40	39	39	39	41	41	41	40	40	40	40	39	39	39	39	39	40	39	37	37	38	38	39	38	37	36	35	35	35	35	34	34	37	35	33	33	34	34	33	32	34	34	34	34	34	34	34	34	34	32	32	33	34	33	33	36	35	33	33	35	35	34	34	36	36	35	35	34	34	34	35	35	34	34	34	33	33	33	34	34	33	33	33	32	31	30	30	30	31	29	28	27	28	29	29	29	27	26	26	26	27	26	25	24	28	28	27	26	25	24	24	24	27	27	26	26	26	26	27	28	27	26	25	25	26	26	24	22	22	21	22	25	25	22	22	25	29	28	37	41	34	33	38	39	33	35	36	36	39	47	55	59	58	59	59	59	58	57	55	54	59	59	58	58	58	58	59	59	59	59	59	59	60	60	60	61	61	62	62	61	61	62	63	64	63	61	62	64	65	63	62	62	62	62	59	56	57	59	60	59	59	62	60	57	57	61	62	60	55	60	56	55	61	60	57	62	54	56	53	55	56	54	59	57	56	56	55	52	52	53	54	53	53	53	54	53	52	51	51	52
328	54	54	54	54	54	54	55	56	52	55	55	54	53	55	56	55	58	54	53	56	57	54	55	57	57	57	57	57	56	56	56	56	58	57	56	55	55	55	55	55	55	56	56	56	56	56	57	57	56	57	57	57	57	54	54	54	55	55	55	56	56	56	55	55	53	58	59	55	55	59	58	53	56	56	57	56	56	55	55	56	56	55	55	56	56	56	55	54	54	55	56	54	49	45	45	46	52	60	55	55	58	53	54	58	58	57	56	56	57	58	58	58	61	58	57	58	58	57	58	61	57	58	58	58	58	58	58	57	57	61	54	58	58	55	62	59	60	58	58	60	60	59	58	59	56	62	57	55	56	63	54	57	60	60	59	57	55	56	56	56	54	43	47	35	46	55	50	53	59	47	41	58	103	191	226	240	230	235	238	240	243	224	183	96	59	27	31	36	31	27	27	28	27	27	27	27	26	27	28	29	30	31	33	35	36	37	38	38	39	40	41	42	42	42	43	43	42	45	47	46	46	48	49	48	46	48	46	50	46	50	47	48	53	51	51	51	53	54	54	53	54	55	56	56	55	54	54	54	54	55	56	56	55	55	55	55	57	56	56	54	53	52	53	54	53	53	53	53	52	50	48	47	46	45	44	43	42	41	40	39	38	37	36	36	35	34	32	30	30	29	26	24	22	21	21	21	22	25	28	28	29	30	30	28	29	31	28	29	28	26	30	29	29	29	29	29	29	29	30	30	28	31	30	24	16	18	23	24	20	20	18	14	13	35	73	181	238	237	235	233	234	238	238	223	188	71	30	10	16	19	24	21	22	22	21	21	20	21	22	23	24	26	27	25	26	27	27	26	28	28	28	28	27	27	27	27	26	29	30	29	29	31	30	28	30	28	28	30	32	30	30	31	32	34	29	30	38	57	69	96	99	98	93	87	87	88	87	85	87	84	87	84	91	70	62	42	41	44	42	42	45	42	41	43	43	43	42	42	42	42	42	42	40	41	43	44	44	43	41	40	43	37	40	39	42	35	38	41	40	40	39	38	37	37	37	38	37	37	37	36	36	36	36	36	36	33	36	31	37	32	35	32	35	35	34	34	33	34	34	34	34	32	35	33	33	35	32	34	34	35	34	33	33	32	33	34	34	35	34	33	34	36	36	36	34	34	34	34	34	34	33	32	32	31	30	30	30	31	31	30	29	30	30	29	28	28	29	31	30	25	30	25	23	27	22	27	26	26	26	26	26	26	26	26	26	25	26	28	28	27	26	27	25	25	25	26	26	26	26	26	26	26	25	24	23	21	21	21	24	24	26	31	33	33	34	36	37	36	36	36	38	42	46	49	58	56	59	54	58	55	60	59	56	57	58	59	59	59	59	59	56	57	59	60	62	61	60	58	62	62	62	61	61	61	62	63	62	62	62	63	63	63	63	63	60	60	59	60	60	60	58	58	59	59	59	59	58	59	59	59	59	59	59	59	60	59	58	57	57	56	55	56	55	53	54	56	55	56	54	51	50	52	53	51	53	54	54	53	52	52	52	53
329	54	55	55	54	54	54	54	55	53	55	55	54	54	55	56	55	56	56	56	55	55	57	56	55	56	56	56	56	56	55	55	55	53	54	55	55	55	56	57	58	56	56	57	56	56	56	56	57	56	57	57	57	56	54	54	54	52	54	55	57	57	56	53	52	58	57	55	53	53	55	57	58	55	56	57	57	56	56	56	56	55	55	55	55	55	55	55	54	55	55	56	54	50	45	45	47	52	60	55	55	58	53	54	57	58	58	57	57	58	58	58	57	58	57	58	60	60	58	57	58	56	57	57	57	57	57	57	56	57	59	54	57	57	54	60	57	60	58	56	57	57	57	58	60	53	60	59	61	58	58	50	57	62	60	58	56	52	50	55	63	59	37	39	35	46	46	48	64	59	47	40	57	102	191	228	241	233	234	238	241	243	224	184	101	58	31	32	35	31	30	28	26	27	27	27	27	26	26	27	28	29	29	31	32	33	34	34	35	35	36	37	38	38	38	39	39	39	43	45	45	46	47	48	47	50	52	50	54	50	54	51	52	50	50	49	50	51	52	52	52	50	52	53	54	54	55	55	56	54	54	54	53	53	54	56	58	54	54	54	53	52	52	53	53	51	51	52	51	50	49	47	46	44	43	42	41	40	39	37	36	35	35	34	33	33	32	30	29	26	25	24	22	21	21	22	22	24	27	29	28	28	29	29	27	28	31	27	29	29	26	30	28	29	29	29	29	29	29	30	30	28	32	30	24	17	18	23	23	20	20	18	14	13	35	73	181	238	237	235	233	234	238	238	223	188	72	31	11	16	19	24	23	22	22	22	22	22	22	23	24	25	27	27	26	27	28	28	26	28	28	28	28	28	28	28	28	27	29	30	29	30	31	30	28	30	29	29	31	33	32	31	32	33	35	30	32	39	58	70	96	98	97	92	87	86	87	87	85	87	84	87	84	91	70	61	41	42	44	43	42	45	43	41	43	43	42	42	42	42	42	41	42	43	42	41	41	41	41	42	43	40	42	44	36	39	38	41	36	37	38	40	41	41	39	36	35	38	38	37	36	36	36	36	36	36	33	36	32	36	32	35	32	35	35	34	34	34	34	34	34	34	32	35	33	33	35	32	34	34	34	34	34	33	33	34	35	34	35	35	34	34	36	36	35	35	35	35	35	34	33	33	32	31	31	32	33	33	32	31	29	30	30	30	29	29	28	28	29	27	26	30	28	27	28	25	26	28	28	27	26	25	25	24	24	27	26	27	28	29	27	27	28	26	26	26	26	26	26	26	26	24	24	25	24	24	23	24	24	23	22	22	25	28	31	34	38	34	36	38	38	38	37	36	36	40	44	55	58	64	59	59	55	58	58	56	55	55	56	59	61	59	59	58	58	59	60	60	61	61	62	62	61	61	61	62	63	63	63	63	63	63	63	63	63	61	59	58	57	58	60	61	62	60	60	59	59	58	58	58	58	59	59	59	59	59	59	58	57	56	55	55	56	55	53	54	56	56	56	54	51	51	53	54	53	49	50	50	51	52	53	53	53
330	54	55	55	55	54	53	53	54	53	55	55	54	54	55	56	55	54	57	57	54	54	58	57	53	54	54	54	54	55	55	55	55	54	55	56	56	55	55	56	57	56	56	57	56	56	55	56	56	56	57	57	56	56	53	54	55	53	54	55	55	56	55	53	52	56	54	54	57	57	54	54	56	54	55	56	57	56	56	56	56	55	55	54	54	54	55	54	54	55	55	56	55	50	45	44	46	51	60	55	55	58	53	54	57	58	58	57	58	58	58	57	56	57	56	57	59	59	57	56	57	58	58	58	58	58	58	58	58	58	60	57	59	59	56	60	57	59	57	55	56	57	56	57	58	56	58	54	59	55	54	51	61	63	60	57	54	52	52	56	59	49	31	39	42	52	46	45	61	57	47	42	60	105	193	229	241	234	233	237	244	243	223	186	109	58	33	33	35	33	33	28	26	27	27	27	26	26	26	27	28	27	27	27	28	28	29	29	30	30	31	33	33	34	34	35	36	36	39	42	43	44	45	45	45	41	43	41	45	41	45	42	44	47	48	48	48	48	49	49	50	51	52	52	53	52	52	52	53	52	53	53	52	52	53	55	56	54	54	54	53	51	50	49	49	49	49	49	48	47	46	44	43	42	41	39	38	37	35	34	33	32	31	30	30	29	28	26	25	22	21	21	20	21	22	23	23	26	28	29	28	28	28	28	27	27	30	27	29	29	26	30	28	29	29	29	29	29	29	30	30	29	33	31	25	17	18	23	23	20	20	18	14	13	35	73	181	238	237	235	233	234	238	238	223	187	74	34	13	15	18	25	24	22	23	23	23	23	23	24	24	26	27	28	27	28	29	29	27	29	29	29	29	29	29	29	29	28	29	30	30	30	31	30	29	30	29	29	31	34	33	33	33	35	35	32	33	38	58	72	95	97	95	90	86	86	87	87	86	87	85	87	85	89	70	59	39	42	45	43	43	46	43	42	44	42	42	42	43	43	42	41	41	43	42	41	40	40	41	42	43	40	42	45	37	39	38	40	35	40	39	39	38	38	38	39	39	39	38	37	37	36	35	35	35	36	34	36	33	36	33	35	33	34	34	34	34	34	34	34	34	35	32	35	32	32	35	32	35	33	34	35	35	34	34	35	35	34	36	36	35	35	36	36	34	35	35	35	35	35	34	33	32	33	32	33	33	33	33	31	30	31	31	30	30	30	29	28	28	27	29	27	29	28	26	29	27	25	25	25	25	25	26	26	27	28	27	27	28	29	27	27	29	27	27	27	26	26	26	26	26	27	28	27	26	24	23	23	23	25	23	22	23	24	25	28	30	35	36	36	36	35	36	36	37	37	39	47	48	56	54	58	57	56	57	58	58	57	57	57	57	60	59	58	57	58	59	60	60	61	61	61	61	61	61	62	63	63	63	63	63	63	62	62	62	63	61	59	58	58	58	59	59	60	60	59	58	58	58	57	57	59	58	58	59	59	59	57	56	54	54	54	56	55	54	54	56	55	55	53	51	51	52	53	53	53	52	51	51	53	53	52	51
331	53	54	55	55	54	53	53	53	53	54	55	55	54	55	55	56	54	55	56	54	55	57	56	53	54	54	54	54	54	55	55	55	56	56	56	56	56	56	55	54	56	56	57	56	55	55	55	55	56	57	56	56	55	53	54	55	56	55	53	53	53	54	54	55	53	53	55	57	57	55	53	53	53	55	56	56	56	55	55	55	56	55	54	54	54	55	55	54	55	55	56	55	50	44	43	45	51	60	55	54	57	53	54	57	58	57	57	58	58	58	57	56	58	57	56	56	56	56	57	58	59	59	58	58	58	58	59	59	58	59	58	59	59	58	58	57	55	55	57	58	59	58	56	54	58	58	50	57	55	58	59	63	60	59	55	52	57	62	54	42	37	34	47	46	55	52	50	52	56	48	44	63	108	196	229	239	234	232	236	244	243	222	188	116	60	35	33	35	36	35	27	28	28	28	27	26	25	25	26	27	27	26	25	25	25	25	26	26	27	28	29	30	30	31	32	33	33	35	38	39	40	41	41	41	45	46	44	48	45	49	46	48	46	47	48	47	46	47	48	50	50	50	51	50	50	49	49	50	49	51	52	53	52	51	50	49	51	52	52	51	50	49	48	48	46	46	46	45	44	42	40	39	38	37	36	34	33	32	30	29	29	28	27	26	25	24	22	21	19	19	19	20	21	22	23	24	26	27	28	27	27	27	27	27	26	29	27	30	29	27	30	28	29	29	29	29	29	29	30	30	30	33	32	26	18	18	23	23	20	20	18	14	13	35	73	181	238	237	235	233	234	238	238	223	188	76	37	14	15	17	25	25	21	22	23	24	24	24	24	25	27	27	28	28	28	29	29	28	29	29	29	29	30	30	30	30	29	30	30	30	31	31	31	30	31	30	30	32	34	34	33	33	36	35	33	34	37	58	73	94	96	93	89	86	86	86	87	87	86	85	86	86	88	70	58	39	42	44	43	43	46	43	41	43	42	42	43	43	43	43	41	41	41	41	41	42	42	41	41	41	43	39	42	41	44	35	37	39	42	40	38	36	36	38	40	42	38	38	37	37	36	36	36	36	36	35	35	34	36	35	35	34	34	34	35	35	35	34	34	33	35	32	35	32	32	35	32	35	33	34	35	35	35	35	35	35	35	36	37	36	35	36	35	34	35	35	35	35	35	34	34	33	36	34	32	31	31	32	33	33	31	31	30	30	31	31	29	27	29	32	25	28	27	24	31	29	24	25	25	25	26	26	27	27	28	27	27	28	28	27	28	29	27	27	27	27	27	27	27	26	30	30	29	28	26	24	23	23	24	24	23	23	23	22	22	22	33	34	34	34	35	36	39	40	41	38	39	35	43	45	56	60	56	57	59	59	58	57	56	56	59	58	58	59	59	59	59	58	61	61	61	61	60	61	62	63	63	63	63	63	63	63	62	62	61	60	60	59	59	58	57	56	60	59	59	58	58	58	57	57	58	58	58	58	58	58	57	56	53	54	55	55	55	54	54	55	53	53	52	51	50	51	51	51	54	53	51	51	53	53	51	50
332	52	53	54	54	54	54	54	54	54	54	54	55	54	54	55	56	55	53	53	55	56	54	53	54	54	54	54	54	55	55	55	55	56	54	53	55	58	58	57	54	56	56	56	56	55	55	55	55	56	56	56	56	55	53	54	55	57	55	54	53	53	54	54	55	55	56	54	51	51	54	56	55	54	54	55	55	54	54	54	54	56	55	54	54	55	55	55	55	55	54	55	55	50	42	41	44	50	60	55	54	57	53	54	56	57	57	57	58	59	59	58	57	58	58	57	56	56	57	58	58	57	57	56	56	56	56	57	57	56	56	57	57	56	56	55	55	55	56	57	58	59	58	56	54	55	60	53	59	56	61	65	61	60	55	53	57	62	59	46	34	40	43	50	44	51	53	55	55	57	49	44	61	106	194	229	238	234	232	236	245	243	221	189	118	66	39	33	36	38	34	25	31	28	28	28	26	25	24	25	26	26	25	25	24	23	23	24	24	25	25	26	27	27	27	28	29	30	32	34	35	36	35	35	36	36	38	36	40	36	41	38	40	44	45	46	46	45	45	46	48	44	45	46	47	47	48	49	50	46	48	49	50	49	47	46	45	45	46	47	48	48	48	49	49	44	43	43	41	39	37	36	35	35	34	32	31	30	29	27	26	26	25	23	22	21	20	19	18	19	19	19	20	21	22	24	24	25	25	26	26	26	26	27	28	26	29	27	30	29	27	30	28	29	29	29	29	29	29	30	30	30	33	32	26	18	19	23	23	20	20	18	14	13	35	73	181	238	237	235	233	234	238	238	223	188	78	39	15	14	17	24	24	21	22	23	24	24	24	24	25	27	27	27	28	28	28	28	28	29	29	30	30	30	31	31	31	31	30	31	31	31	31	31	31	31	31	31	31	33	34	33	32	37	35	34	34	36	58	74	92	96	92	89	86	87	86	87	88	85	85	85	86	86	70	57	40	41	44	43	43	46	43	41	42	42	42	43	43	43	43	41	41	41	41	41	42	42	41	41	41	42	38	42	41	44	36	38	40	38	39	40	41	41	40	39	38	38	38	38	37	37	37	37	37	37	36	35	36	35	36	35	35	34	34	35	35	35	34	34	33	35	32	35	32	32	35	32	35	34	35	36	36	35	34	34	34	34	36	36	35	35	36	35	34	34	34	35	35	35	35	35	34	36	34	32	31	31	32	33	33	31	30	30	31	32	32	30	29	29	33	26	28	27	23	31	28	28	28	27	26	25	25	24	24	28	26	26	28	28	27	27	29	27	27	27	27	27	28	28	28	28	28	28	28	27	27	27	28	22	23	23	23	23	23	23	23	24	27	31	34	35	35	34	33	35	34	37	35	42	42	50	52	57	57	58	57	57	57	58	59	58	58	58	59	59	59	58	57	61	61	61	61	60	61	62	63	62	62	63	63	63	63	63	63	56	56	57	58	59	60	60	59	59	58	58	58	58	58	58	58	58	57	57	58	58	57	56	55	53	55	55	55	54	54	54	54	52	52	52	52	51	50	49	49	50	48	47	49	51	53	52	50
333	52	53	54	54	53	53	54	54	53	53	54	55	54	53	54	56	56	52	52	55	56	53	52	55	55	55	55	55	55	55	55	55	57	55	54	55	57	57	56	53	55	56	56	56	55	55	55	55	55	56	56	56	55	53	54	55	54	55	55	55	55	55	53	53	53	55	55	52	52	55	55	53	54	55	55	54	53	53	53	54	56	55	55	55	55	55	55	55	55	53	54	55	49	41	39	43	50	61	56	53	56	54	54	56	57	57	57	57	58	59	58	58	55	57	58	58	58	58	57	55	57	57	57	57	57	57	57	57	56	54	58	56	56	58	54	56	58	58	57	55	56	58	58	57	54	61	52	56	48	55	67	62	60	51	53	62	60	45	37	41	49	46	50	47	54	49	55	58	59	49	41	55	100	191	228	240	233	232	237	245	243	221	188	116	74	47	38	37	38	34	25	32	29	28	28	26	25	24	24	25	24	24	24	23	23	23	23	23	22	23	23	23	23	23	24	25	27	28	29	31	31	30	30	32	35	37	34	39	35	40	38	40	41	41	42	42	41	42	43	44	41	42	43	43	43	43	45	46	44	44	44	43	42	43	44	45	43	44	44	43	42	42	42	43	40	39	38	36	35	33	31	30	31	30	28	27	26	25	24	23	23	22	20	19	19	19	18	17	20	20	20	21	22	23	23	24	24	24	25	27	27	26	27	29	27	30	27	30	29	27	30	28	29	29	29	29	29	29	30	30	29	33	32	26	18	19	23	23	20	20	18	14	13	35	73	181	238	237	235	233	234	238	238	223	188	79	40	15	14	17	25	24	21	22	23	23	24	24	25	26	28	27	27	29	29	28	28	29	29	29	30	30	31	31	31	32	32	31	31	32	32	31	31	32	32	32	32	32	33	34	34	32	37	34	35	35	35	59	76	92	95	92	88	86	87	86	86	88	84	85	84	87	84	69	57	41	40	43	43	43	45	42	40	42	42	42	42	43	43	42	41	41	43	42	41	40	40	41	42	43	39	41	45	37	41	40	43	39	40	40	40	40	40	39	39	39	39	38	38	38	38	38	38	38	37	37	35	37	35	37	35	35	34	34	34	34	34	34	34	34	35	32	35	32	32	35	32	35	34	35	35	35	34	33	33	34	34	35	36	34	35	36	35	34	33	33	34	35	35	35	35	35	33	33	33	34	34	33	32	31	31	31	31	31	32	32	31	31	27	30	29	31	30	27	28	26	28	28	27	26	26	26	25	25	27	26	26	28	28	27	27	28	27	27	27	28	28	28	29	29	29	29	29	29	28	27	28	28	27	27	25	23	22	23	23	23	21	23	25	28	30	32	34	35	34	34	39	36	41	37	41	41	46	50	55	59	60	59	57	55	59	58	57	56	57	58	59	59	60	61	61	61	60	61	62	63	62	62	62	63	63	63	63	63	59	57	56	56	57	59	60	61	58	58	58	57	57	58	58	58	57	57	57	57	57	57	56	55	54	55	56	55	54	54	54	54	54	53	53	54	53	51	49	50	50	49	49	49	51	51	51	50
334	53	53	54	53	53	53	53	54	53	52	53	54	54	52	53	55	55	54	53	54	55	54	54	55	55	55	55	55	55	54	54	54	58	57	57	56	55	54	54	54	54	55	55	55	55	55	55	56	55	55	56	56	56	54	54	54	53	54	54	55	55	54	52	52	52	53	55	57	57	55	53	52	55	55	55	54	53	54	55	56	55	55	54	55	55	55	54	54	55	53	54	56	50	41	39	43	50	61	56	53	56	54	55	55	58	57	57	57	58	58	58	57	54	57	58	57	57	58	57	54	57	57	57	57	57	57	57	57	58	55	60	57	57	60	55	58	58	58	56	54	55	58	58	57	56	57	47	59	54	59	68	59	55	53	56	59	51	37	36	45	52	48	50	51	57	48	53	56	58	48	40	54	98	191	229	240	232	233	238	244	244	222	187	113	80	59	47	35	35	36	27	32	29	29	28	26	24	23	23	24	22	22	22	22	22	22	21	21	21	21	21	21	21	21	22	23	24	24	25	27	27	26	27	30	31	32	29	34	30	35	34	36	36	36	35	36	37	37	38	37	40	40	40	39	38	38	39	40	41	41	40	39	38	39	40	41	41	41	40	38	36	34	34	34	35	34	33	32	30	29	28	27	27	26	25	24	23	23	21	20	19	19	18	18	18	19	19	19	20	20	20	21	22	22	23	23	25	25	26	28	28	27	27	30	29	31	28	30	29	27	31	29	29	29	29	29	29	29	30	30	28	32	32	26	18	19	23	23	20	20	18	14	13	35	73	181	238	237	235	233	234	238	238	223	188	78	39	14	14	18	26	24	22	23	23	24	24	25	26	28	29	27	28	30	30	29	29	30	29	29	29	30	31	31	32	32	33	31	31	32	32	31	31	33	32	33	33	32	34	36	35	33	38	34	36	36	35	60	78	93	95	91	87	85	86	85	85	87	85	86	83	86	81	69	55	40	40	44	43	43	46	43	41	42	43	42	42	42	42	42	41	42	43	42	41	41	41	41	42	43	39	41	45	37	41	40	44	39	43	41	39	38	37	38	40	41	40	40	39	39	38	38	38	38	37	38	34	39	34	38	35	36	35	35	34	34	34	34	34	34	34	32	35	33	33	35	32	34	34	34	34	34	33	33	34	34	33	35	35	33	34	35	36	35	33	33	34	34	35	35	34	34	33	34	34	35	35	34	33	31	32	32	32	32	31	31	31	32	28	28	32	31	30	30	27	28	26	26	26	26	27	28	28	29	27	27	27	29	29	27	27	28	28	28	28	28	28	28	28	28	30	31	30	29	28	27	27	27	29	30	28	25	23	23	23	21	23	22	22	22	24	28	33	36	38	36	38	33	36	32	36	35	36	41	49	55	58	58	56	54	58	57	56	57	57	59	59	59	60	60	61	60	60	61	62	63	63	63	63	63	63	63	63	63	62	60	58	57	57	58	59	59	58	58	58	57	57	57	57	57	57	56	56	57	57	57	55	54	54	56	56	54	54	55	56	55	55	53	52	53	53	51	50	52	52	52	51	51	50	50	50	49
335	54	54	54	53	52	52	53	54	53	52	52	54	54	52	53	55	55	57	56	53	53	57	57	54	55	55	55	54	54	54	54	54	53	55	57	56	54	54	57	60	54	54	55	55	55	55	55	56	54	55	56	57	56	54	54	54	55	54	53	52	52	52	52	53	58	52	51	55	55	51	52	58	56	56	55	54	54	55	56	58	54	54	54	54	55	55	54	53	56	54	55	56	51	41	39	43	49	61	56	53	56	54	55	55	59	58	57	57	57	57	57	57	56	57	56	54	54	56	57	56	55	55	56	56	56	56	55	55	57	53	59	55	55	60	54	58	56	57	57	56	56	58	57	55	56	53	46	72	76	74	70	50	49	57	60	52	43	40	40	40	54	52	50	46	52	47	56	56	56	48	42	57	102	193	229	239	231	234	239	244	244	222	186	110	84	69	54	34	32	38	29	30	29	29	28	26	24	23	23	23	20	20	21	21	21	21	21	20	22	22	22	21	20	20	21	22	22	21	22	24	25	24	26	29	26	28	25	29	26	31	29	32	33	31	31	31	33	34	34	33	34	35	35	36	36	37	39	40	38	39	39	39	37	36	36	36	35	35	34	33	32	32	33	34	31	30	30	29	28	27	26	25	24	23	22	22	21	21	20	19	17	17	16	17	18	19	20	20	20	20	20	21	22	22	23	23	26	25	27	29	29	27	28	30	30	32	28	30	29	27	31	29	29	29	29	29	29	29	30	30	27	31	31	26	18	19	24	23	20	20	18	14	13	35	73	181	238	237	235	233	234	238	238	223	187	77	38	14	14	19	27	25	23	24	24	24	24	26	27	29	30	28	29	31	31	29	29	31	29	29	29	30	31	31	32	32	33	31	31	32	32	31	31	33	32	33	34	33	35	37	37	34	38	34	36	37	35	61	80	93	95	90	86	85	86	84	84	86	86	87	83	86	80	68	54	40	41	44	44	44	47	43	41	43	43	43	42	42	42	42	42	42	40	41	43	44	44	43	41	40	43	38	41	40	44	37	40	43	39	40	41	42	41	40	38	36	41	41	40	39	39	38	38	38	37	39	34	39	34	39	35	36	35	35	34	34	33	34	34	34	34	32	35	33	33	35	32	34	33	33	34	33	33	33	34	35	33	34	34	33	33	35	36	35	33	33	34	34	34	34	33	33	36	35	34	34	34	34	34	34	33	33	33	32	30	30	31	32	30	27	33	29	29	33	27	32	28	28	28	27	27	27	27	27	28	27	28	30	30	28	28	28	29	29	29	29	28	28	28	28	27	28	29	29	29	29	30	31	24	27	28	27	27	27	25	21	22	23	23	23	23	24	24	25	33	32	36	33	37	32	36	34	37	38	40	43	47	53	58	62	55	56	57	59	60	60	58	57	60	60	60	60	60	61	62	63	63	63	63	63	63	62	62	62	59	58	59	60	60	61	60	59	59	59	58	57	57	57	56	56	56	56	56	56	57	56	55	54	54	56	56	54	54	56	57	57	54	52	50	51	51	50	50	53	47	48	49	49	49	49	50	51
336	52	53	53	54	54	54	54	54	54	53	53	53	54	54	54	53	54	53	53	54	54	53	53	54	54	54	54	55	55	54	54	53	56	55	55	54	54	54	56	58	54	55	56	56	55	55	54	55	53	55	54	53	53	54	54	52	51	51	52	52	53	53	54	55	56	52	55	56	51	52	55	51	53	55	55	52	52	54	55	54	52	54	52	57	53	57	53	54	53	56	51	59	47	40	37	40	46	56	56	51	54	55	52	55	56	55	54	55	56	57	57	58	55	58	59	57	56	57	57	55	56	56	56	56	56	56	55	54	56	57	57	56	55	55	56	58	54	55	56	54	55	58	56	53	54	57	52	60	81	76	58	56	56	53	51	50	43	37	39	45	71	58	59	51	55	54	58	60	52	45	48	65	102	191	239	255	234	234	234	234	234	234	234	234	234	234	234	234	234	234	234	234	234	234	234	234	234	234	234	234	234	234	234	234	234	234	234	234	234	234	234	234	234	234	234	234	234	234	234	234	234	234	234	234	234	234	234	234	234	234	234	234	234	234	234	234	234	234	234	234	234	234	234	234	234	234	234	234	234	234	234	234	234	234	234	234	234	234	234	234	234	234	234	234	234	234	234	234	234	234	234	234	234	234	234	234	234	234	234	234	234	234	234	234	234	234	234	234	234	234	234	234	234	234	234	234	234	234	234	234	234	234	234	234	234	234	234	234	234	234	234	234	234	234	234	234	234	234	234	234	234	234	234	234	234	234	234	234	234	234	234	234	234	234	234	234	233	234	233	228	228	238	248	237	196	65	25	13	27	36	34	24	23	24	25	19	30	25	28	31	30	30	29	30	29	29	29	29	29	30	30	31	30	30	31	32	33	33	33	33	33	33	33	33	33	35	36	34	35	36	37	36	37	38	37	36	38	62	77	94	92	92	86	90	84	88	85	86	86	84	84	86	82	68	53	43	40	41	42	43	44	44	44	44	41	42	42	42	41	40	40	41	40	42	42	41	41	42	42	40	41	40	40	41	42	43	43	42	40	40	41	41	41	40	40	39	40	39	39	41	40	38	38	38	36	38	40	39	38	36	36	37	37	35	35	36	36	33	33	35	35	34	33	32	32	32	33	34	33	34	35	36	36	35	34	33	35	35	34	34	34	34	34	35	32	33	33	32	34	36	35	31	35	37	33	38	32	35	31	32	36	35	33	32	32	32	32	32	29	29	30	30	30	30	29	29	29	28	28	28	28	28	28	27	27	27	26	26	27	27	26	25	26	27	28	28	27	25	25	25	24	26	27	26	24	24	25	27	25	25	25	24	24	23	22	21	26	25	24	23	22	22	23	25	26	29	32	35	36	36	36	36	37	34	38	40	37	42	51	52	62	53	58	57	54	59	58	55	58	59	54	55	63	64	59	59	60	61	60	59	59	61	61	59	57	57	58	58	59	59	58	57	59	59	58	58	58	58	57	56	59	58	58	57	57	57	55	54	53	53	59	57	54	56	54	59	55	51	52	49	49	52	47	49	49	49	49	49	49	49	49	49
337	51	52	52	53	53	53	53	53	53	53	52	53	54	54	54	53	54	52	53	54	55	54	54	55	56	56	56	56	57	57	57	57	54	55	56	56	56	55	55	55	55	55	56	55	55	54	54	55	53	54	54	53	53	54	54	53	56	55	54	53	53	52	52	52	55	53	54	54	52	53	54	52	53	55	55	53	52	53	54	53	53	54	52	56	53	56	52	53	53	55	51	59	48	41	38	41	47	56	56	52	54	54	52	54	56	55	54	55	56	57	57	57	55	57	58	56	55	56	56	55	56	56	55	56	56	56	55	54	56	56	57	56	55	55	56	57	55	56	56	55	56	58	57	54	55	63	64	64	67	58	49	53	59	56	46	35	34	42	50	52	62	54	52	43	45	50	54	55	48	42	45	59	94	177	222	245	231	231	231	231	231	231	231	231	231	231	231	231	231	231	231	231	231	231	231	231	231	231	231	231	231	231	231	231	231	231	231	231	231	231	231	231	231	231	231	231	231	231	231	231	231	231	231	231	231	231	231	231	231	231	231	231	231	231	231	231	231	231	231	231	231	231	231	231	231	231	231	231	231	231	231	231	231	231	231	231	231	231	231	231	231	231	231	231	231	231	231	231	231	231	231	231	231	231	231	231	231	231	231	231	231	231	231	231	231	231	231	231	231	231	231	231	231	231	231	231	231	231	231	231	231	231	231	231	231	231	231	231	231	231	231	231	231	231	231	231	231	231	231	231	231	231	231	231	231	231	231	231	231	231	231	231	231	231	231	231	233	233	230	224	223	233	242	233	193	64	24	12	23	32	27	17	23	24	27	24	31	26	28	27	30	28	31	29	29	30	28	30	30	31	31	31	31	30	31	32	33	33	33	34	34	34	34	34	32	35	35	34	35	37	37	37	38	39	38	36	38	62	77	94	98	95	87	85	81	83	84	86	85	83	84	85	81	67	53	44	42	43	43	44	44	43	43	42	42	42	42	41	41	41	41	42	41	42	43	41	41	43	42	41	43	43	42	42	42	41	41	40	41	41	41	41	41	41	40	40	40	39	39	41	41	39	39	40	40	40	38	37	36	36	37	38	37	35	35	36	36	34	34	35	35	35	34	33	33	33	33	34	35	35	35	35	35	35	35	35	34	34	34	34	33	34	34	34	33	34	34	33	33	35	34	32	32	33	34	34	36	35	36	35	35	34	33	33	33	33	32	31	30	30	31	31	30	30	29	29	30	29	29	29	29	29	28	28	27	26	26	26	26	27	26	25	26	26	27	27	26	26	26	26	28	26	24	25	27	28	26	24	24	24	24	24	24	24	23	23	26	26	25	24	22	22	22	23	23	25	28	30	32	33	34	35	36	35	37	39	38	41	43	43	54	53	62	61	57	58	57	60	62	62	60	59	60	58	59	64	62	64	63	62	62	64	63	60	58	58	58	59	60	59	58	57	56	56	56	56	57	57	57	56	59	58	57	57	57	56	55	54	56	52	55	53	55	58	53	54	51	48	51	48	49	52	49	51	50	50	50	50	50	50	50	50
338	52	52	52	52	52	53	53	53	53	52	52	53	54	54	54	54	53	52	53	54	55	54	55	56	53	53	53	53	53	53	53	53	54	55	56	56	55	54	54	54	55	55	55	55	54	54	54	55	53	54	54	53	53	55	55	54	55	54	54	54	54	54	54	54	53	54	53	52	54	53	52	54	54	55	55	53	52	52	53	53	53	54	51	56	52	55	51	52	52	55	51	57	49	41	40	42	48	55	56	53	54	54	52	54	55	54	54	56	57	57	57	56	55	56	57	55	54	55	56	55	56	56	55	55	55	56	55	55	56	56	56	56	55	55	56	57	56	56	56	56	57	58	56	54	54	62	67	65	56	49	49	56	59	54	43	34	36	45	50	49	55	52	46	37	35	46	48	51	47	42	45	60	91	172	213	234	235	235	235	235	235	235	235	235	235	235	235	235	235	235	235	235	235	235	235	235	235	235	235	235	235	235	235	235	235	235	235	235	235	235	235	235	235	235	235	235	235	235	235	235	235	235	235	235	235	235	235	235	235	235	235	235	235	235	235	235	235	235	235	235	235	235	235	235	235	235	235	235	235	235	235	235	235	235	235	235	235	235	235	235	235	235	235	235	235	235	235	235	235	235	235	235	235	235	235	235	235	235	235	235	235	235	235	235	235	235	235	235	235	235	235	235	235	235	235	235	235	235	235	235	235	235	235	235	235	235	235	235	235	235	235	235	235	235	235	235	235	235	235	235	235	235	235	235	235	235	235	235	235	235	235	235	235	235	235	235	241	241	235	227	224	231	241	231	193	67	27	13	22	27	22	11	26	24	29	27	29	26	29	25	30	26	32	28	28	32	27	31	31	32	32	32	31	31	31	31	33	33	34	34	34	34	34	34	32	34	35	34	36	37	38	38	40	40	38	36	37	61	76	93	92	90	89	86	86	83	84	83	84	83	83	84	77	66	53	44	40	41	42	43	44	45	45	45	42	42	42	41	41	41	42	43	41	43	43	42	42	43	43	41	41	41	41	41	42	43	42	42	42	42	41	41	41	41	41	41	41	39	39	41	41	40	40	42	42	40	38	36	36	37	37	37	36	35	35	36	36	35	35	36	35	35	35	34	34	34	34	34	36	35	34	34	34	34	35	36	34	34	34	34	34	33	33	33	34	36	36	34	33	34	34	34	35	33	37	32	38	32	36	34	35	34	34	34	34	33	32	31	32	32	32	32	31	30	30	29	31	30	30	29	30	30	29	28	27	26	26	26	26	26	26	25	25	25	26	26	25	26	27	27	29	27	25	26	27	28	26	24	25	24	23	23	24	24	24	24	27	27	26	25	23	22	21	22	21	23	25	27	29	31	33	35	35	37	35	35	38	38	35	36	36	42	51	53	55	57	54	60	55	54	58	62	58	56	58	60	59	60	60	59	59	59	58	56	59	59	59	60	60	60	59	58	61	61	60	60	60	60	59	58	59	58	57	56	56	56	55	54	56	52	54	52	54	57	52	52	54	51	54	50	49	51	48	51	50	50	51	51	52	52	53	53
339	53	53	53	52	53	53	54	55	52	52	52	52	53	54	54	53	54	52	53	54	55	54	54	56	57	56	55	54	54	54	54	55	56	56	55	54	53	53	55	56	55	55	55	54	54	54	55	56	53	53	54	54	54	55	55	54	53	53	53	53	54	54	55	55	51	55	52	51	55	54	51	55	53	54	54	53	52	52	53	53	53	54	51	55	51	55	51	51	53	55	52	56	50	42	42	42	48	53	55	54	53	53	53	53	54	54	54	56	57	57	56	55	56	56	56	55	54	55	56	56	57	56	55	54	55	55	55	55	56	56	56	55	55	55	55	55	57	56	55	56	56	56	56	56	56	57	63	63	55	53	57	58	54	45	38	41	45	45	46	48	59	56	46	40	33	47	47	53	51	49	54	69	100	180	219	240	244	244	244	244	244	244	244	244	244	244	244	244	244	244	244	244	244	244	244	244	244	244	244	244	244	244	244	244	244	244	244	244	244	244	244	244	244	244	244	244	244	244	244	244	244	244	244	244	244	244	244	244	244	244	244	244	244	244	244	244	244	244	244	244	244	244	244	244	244	244	244	244	244	244	244	244	244	244	244	244	244	244	244	244	244	244	244	244	244	244	244	244	244	244	244	244	244	244	244	244	244	244	244	244	244	244	244	244	244	244	244	244	244	244	244	244	244	244	244	244	244	244	244	244	244	244	244	244	244	244	244	244	244	244	244	244	244	244	244	244	244	244	244	244	244	244	244	244	244	244	244	244	244	244	244	244	244	244	244	244	252	251	244	235	230	237	244	234	196	72	33	17	23	26	20	10	30	25	28	28	25	26	31	27	30	25	33	28	28	33	26	31	32	32	33	32	32	31	32	32	33	33	33	33	34	34	34	34	33	35	35	35	36	37	37	38	40	41	38	36	37	61	76	94	88	86	90	85	90	84	85	82	83	83	84	80	75	64	52	43	40	41	42	44	45	45	45	46	42	42	42	42	41	42	43	44	41	42	42	42	42	42	42	41	40	40	40	41	42	43	43	43	43	42	42	41	41	41	42	42	42	40	40	41	41	40	41	42	41	40	38	38	39	39	37	35	37	36	36	36	36	36	36	36	34	34	34	34	34	34	34	34	36	35	34	34	34	34	35	36	34	34	35	35	35	34	33	33	35	36	36	35	33	33	35	36	37	35	37	34	37	33	35	33	34	34	34	34	34	34	33	32	33	33	33	32	32	31	31	31	31	31	30	30	30	30	29	28	27	26	26	26	26	26	26	25	25	25	25	25	25	25	27	28	25	27	28	27	25	24	25	27	27	25	24	24	24	24	24	23	26	26	26	25	24	22	22	21	21	21	22	23	24	26	29	31	35	38	34	32	36	35	33	37	34	37	42	44	55	60	55	61	59	55	58	61	58	61	63	57	60	60	61	61	61	61	59	57	58	57	58	58	59	59	58	57	56	56	55	55	56	56	55	54	59	58	57	56	56	56	56	56	54	53	58	56	54	55	52	56	55	53	56	52	50	51	48	52	47	47	46	46	45	45	45	44
340	53	53	52	52	53	53	54	54	52	52	51	52	53	54	53	53	54	53	53	54	54	53	53	55	56	55	55	54	54	54	55	55	55	55	54	53	53	53	55	57	54	54	54	54	54	54	56	57	53	53	53	54	54	54	54	54	54	54	53	53	52	52	52	52	51	55	52	51	55	54	51	55	52	53	53	53	53	52	52	53	53	54	50	54	51	54	51	51	53	55	53	54	51	41	43	41	47	50	54	55	53	53	55	54	54	53	54	56	57	57	56	55	57	56	56	56	55	55	55	57	57	56	55	54	55	55	55	55	55	55	55	55	55	55	55	54	57	55	54	55	55	54	55	58	63	58	60	61	55	56	59	53	47	39	35	39	44	46	50	56	62	54	48	48	42	52	51	61	59	56	62	76	107	187	224	243	240	240	240	240	240	240	240	240	240	240	240	240	240	240	240	240	241	241	241	241	241	241	241	241	241	241	241	241	241	241	241	241	241	241	241	241	241	241	241	241	241	241	241	241	241	241	241	241	241	241	241	241	241	241	241	241	241	241	241	241	241	241	241	241	241	241	241	241	241	241	241	241	241	241	241	241	241	241	241	241	241	241	241	241	241	241	241	241	241	241	241	241	241	241	241	241	241	241	241	241	241	241	241	241	241	241	241	241	241	241	241	241	241	241	241	241	241	241	241	241	241	241	241	241	241	241	241	241	241	241	241	241	241	241	241	241	241	241	241	241	241	241	241	241	241	241	241	241	241	241	241	241	241	241	241	241	241	241	241	241	247	245	241	233	230	235	241	230	194	71	33	18	23	26	21	13	30	26	28	30	25	28	31	29	30	26	31	28	29	32	28	31	31	32	32	32	32	32	33	33	32	33	33	33	33	34	34	34	35	35	36	36	36	36	36	37	40	41	39	36	38	62	77	94	94	88	88	81	85	81	85	84	83	84	83	80	73	62	51	42	44	44	44	44	44	43	42	41	41	42	42	42	41	42	43	44	41	41	41	42	42	41	41	41	43	42	42	42	42	42	41	40	43	42	42	41	41	41	42	42	43	41	41	41	41	40	40	42	40	39	39	39	40	40	38	36	38	38	37	37	36	36	36	35	33	33	34	34	34	34	35	35	35	35	35	35	35	35	35	35	35	35	35	36	36	35	34	34	35	35	36	35	34	34	35	37	34	35	33	36	33	37	35	36	34	34	34	34	35	34	33	32	33	33	33	33	33	33	33	33	32	31	30	30	30	29	28	28	27	26	26	26	27	27	26	26	26	26	26	26	25	25	26	27	24	26	27	27	25	24	25	27	26	25	24	24	24	24	24	24	26	27	27	27	26	25	24	24	22	21	21	20	20	21	23	25	29	35	33	32	36	35	34	40	37	37	38	36	45	51	47	54	63	61	60	55	51	59	63	55	61	60	61	62	62	61	59	58	57	57	57	58	59	59	59	58	59	59	59	60	61	62	62	62	59	58	57	57	57	58	57	57	54	54	59	58	56	57	53	55	49	47	51	48	47	49	47	51	54	54	52	50	49	47	45	45
341	51	51	51	52	52	52	53	53	52	52	52	52	53	53	53	52	54	53	53	54	54	53	53	54	51	51	51	52	52	53	53	54	52	53	55	55	55	54	54	54	53	54	54	54	54	54	55	56	54	53	53	54	54	53	53	54	52	52	52	52	52	52	53	53	51	53	52	51	53	53	52	54	52	52	52	54	53	52	52	53	53	54	50	54	50	54	51	52	53	54	53	52	51	41	44	41	47	47	54	56	52	53	55	54	53	53	53	56	57	56	55	54	56	56	56	56	56	54	55	57	56	55	55	55	55	55	55	55	55	55	55	55	55	55	54	53	56	54	54	55	53	51	55	62	66	60	59	58	52	55	56	50	39	42	42	39	42	49	53	52	56	48	47	50	51	58	58	65	60	56	57	71	101	179	217	236	227	227	227	227	227	227	227	227	227	227	227	227	227	227	227	227	227	227	227	227	227	227	227	227	227	227	227	227	227	227	227	227	227	227	227	227	227	227	227	227	227	227	227	227	227	227	227	227	227	227	227	227	227	227	227	227	227	227	227	227	227	227	227	227	227	227	227	227	227	227	227	227	227	227	227	227	227	227	227	227	227	227	227	227	227	227	227	227	227	227	227	227	227	227	227	227	227	227	227	227	227	227	227	227	227	227	227	227	227	227	227	227	227	227	227	227	227	227	227	227	227	227	227	227	227	227	227	227	227	227	227	227	227	227	227	227	227	227	227	227	227	227	227	227	227	227	227	227	227	227	227	227	227	227	227	227	227	227	227	227	227	228	227	223	223	228	233	220	183	63	27	13	18	24	22	16	27	27	27	32	27	31	29	28	28	29	28	29	30	30	31	31	31	31	32	32	32	32	33	34	33	33	33	33	34	34	34	34	36	36	36	37	37	36	36	37	39	41	39	37	39	62	77	94	88	86	86	83	85	83	84	83	83	85	84	80	72	62	50	42	43	43	44	44	43	43	42	41	41	42	42	42	42	41	42	42	41	40	41	42	42	41	40	41	42	42	41	41	42	42	42	41	42	42	42	41	41	41	41	42	43	41	41	42	41	40	40	41	41	40	39	38	38	39	39	39	38	39	38	37	36	37	36	35	34	34	33	33	34	34	35	35	34	35	35	36	36	35	35	34	36	36	36	36	36	35	35	35	35	34	35	35	35	34	35	37	35	37	32	37	31	37	33	35	34	34	34	34	35	35	34	33	34	33	33	33	33	33	33	34	32	31	30	30	30	29	28	27	27	26	26	26	27	27	27	27	27	27	27	27	26	25	25	26	27	25	23	24	27	27	26	24	25	24	24	24	25	26	26	25	26	27	28	28	27	26	26	26	24	24	23	22	21	21	21	22	22	28	32	34	35	35	35	38	33	33	36	32	33	38	40	49	49	55	60	57	55	59	61	56	60	58	58	60	60	58	57	56	59	59	59	60	61	61	60	59	56	55	55	54	55	54	54	53	57	56	56	56	56	55	54	53	55	52	56	56	59	60	51	48	43	40	43	40	39	41	38	41	38	38	37	37	37	37	37	36
342	51	51	52	52	52	52	52	52	53	52	52	52	52	52	52	51	53	51	52	53	53	52	52	54	54	54	55	55	56	56	56	56	53	54	55	55	54	54	54	54	54	54	55	55	54	54	54	54	54	52	52	53	53	51	51	53	50	51	51	51	52	53	54	54	53	51	52	53	51	52	53	52	52	52	52	54	53	51	51	53	53	53	50	54	51	55	52	53	52	53	53	50	51	41	45	41	47	46	54	57	52	52	55	53	54	53	53	55	56	56	55	55	56	55	55	56	56	54	54	56	56	55	55	55	55	55	55	54	55	55	54	55	55	55	54	52	56	54	55	56	52	49	56	67	70	62	57	53	51	54	54	47	38	44	47	46	47	50	50	47	45	42	47	46	54	58	60	60	52	47	48	64	96	177	217	237	228	228	228	228	228	228	228	228	228	228	228	228	228	228	228	228	228	228	228	228	228	228	228	228	228	228	228	228	228	228	228	228	228	228	228	228	228	228	228	228	228	228	228	228	228	228	228	228	228	228	228	228	228	228	228	228	228	228	228	228	228	228	228	228	228	228	228	228	228	228	228	228	228	228	228	228	228	228	228	228	228	228	228	228	228	228	228	228	228	228	228	228	228	228	228	228	228	228	228	228	228	228	228	228	228	228	228	228	228	228	228	228	228	228	228	228	228	228	228	228	228	228	228	228	228	228	228	228	228	228	228	228	228	228	228	228	228	228	228	228	228	228	228	228	228	228	228	228	228	228	228	228	228	228	228	228	228	228	228	228	223	226	227	228	230	234	234	219	180	60	26	10	18	24	26	24	26	30	26	31	28	31	26	29	26	32	25	31	31	27	34	29	31	32	32	32	32	32	32	33	33	34	34	34	35	35	35	36	36	35	36	37	37	36	36	38	40	41	40	38	40	62	76	92	82	83	83	86	84	85	82	82	81	83	85	80	72	62	50	42	40	41	42	43	43	43	43	43	40	41	42	43	42	41	41	41	42	41	41	43	43	41	41	42	40	40	40	41	42	43	43	43	41	42	42	42	42	41	41	41	42	41	41	42	42	40	40	41	41	41	41	40	39	38	38	39	38	39	39	37	37	38	38	36	36	35	35	34	34	34	35	35	34	35	35	35	35	35	35	34	36	36	35	35	35	35	35	35	36	34	34	36	36	35	34	35	37	37	35	35	33	33	32	33	35	34	34	34	34	35	35	34	35	34	34	33	33	33	33	33	33	32	31	31	30	30	29	28	27	27	27	27	28	28	28	27	27	28	28	28	26	26	26	26	28	26	24	25	27	28	26	24	24	24	24	25	26	26	26	25	26	27	28	28	27	27	27	27	26	26	26	25	24	23	22	23	20	22	27	31	31	32	35	34	34	32	39	37	34	38	41	46	38	45	53	59	65	64	62	63	63	61	60	61	60	58	56	57	57	57	56	57	57	57	56	55	57	56	55	54	53	52	50	49	51	51	50	50	49	47	45	43	52	49	54	56	58	57	46	41	39	36	37	34	33	35	31	32	29	30	31	32	33	34	35	36
343	51	52	53	53	54	53	53	53	53	53	52	52	52	52	51	51	52	50	51	53	53	52	53	54	53	54	54	54	53	52	51	51	55	55	54	53	52	52	54	55	54	55	56	55	54	53	53	53	54	52	52	53	53	51	50	52	54	54	53	52	51	51	51	51	54	50	53	54	50	52	54	51	53	52	53	54	53	51	50	52	52	53	50	54	51	55	52	54	51	51	52	49	52	41	46	41	48	46	54	57	51	52	55	52	54	53	53	55	56	56	55	55	55	54	55	56	56	53	53	55	55	55	55	55	56	56	54	53	55	54	54	55	55	55	53	52	56	55	56	56	51	48	57	70	77	67	55	49	52	55	51	42	42	40	43	48	50	48	50	54	43	42	50	43	50	53	54	47	41	37	45	67	104	190	233	255	248	248	248	248	248	248	248	248	248	248	248	248	248	248	248	248	248	248	248	248	248	248	248	248	248	248	248	248	248	248	248	248	248	248	248	248	248	248	248	248	248	248	248	248	248	248	248	248	248	248	248	248	248	248	248	248	248	248	248	248	248	248	248	248	248	248	248	248	248	248	248	248	248	248	248	248	248	248	248	248	248	248	248	248	248	248	248	248	248	248	248	248	248	248	248	248	248	248	248	248	248	248	248	248	248	248	248	248	248	248	248	248	248	248	248	248	248	248	248	248	248	248	248	248	248	248	248	248	248	248	248	248	248	248	248	248	248	248	248	248	248	248	248	248	248	248	248	248	248	248	248	248	248	248	248	248	248	248	248	248	242	247	249	251	254	255	249	228	189	70	36	20	22	30	34	33	27	33	25	28	27	31	25	32	25	34	23	31	32	25	36	29	32	32	33	32	31	31	32	32	34	35	35	35	36	36	36	37	36	35	35	37	38	36	37	39	40	42	41	39	40	62	75	91	88	88	80	82	77	82	79	82	78	83	85	81	72	62	51	42	42	42	43	43	43	42	41	41	40	41	43	43	42	41	40	40	43	41	41	43	43	41	41	43	43	42	41	41	42	42	41	41	41	41	42	42	42	41	41	40	40	40	40	42	42	41	40	41	38	41	43	43	41	38	37	36	37	39	39	37	37	39	39	37	38	37	36	34	34	34	34	35	35	35	35	35	35	35	35	35	36	35	35	34	34	34	35	35	37	34	33	36	37	35	33	33	34	32	35	31	36	32	37	35	35	34	33	33	34	35	35	35	35	35	34	33	33	32	33	33	34	33	32	31	31	30	29	28	28	27	27	27	28	29	28	28	27	28	28	28	27	26	26	26	26	28	29	28	25	24	25	27	25	25	25	25	26	26	25	24	27	27	28	27	27	26	26	27	24	25	26	25	24	23	22	22	22	19	22	26	25	30	34	31	36	29	35	36	33	37	35	31	36	33	31	42	56	55	53	61	60	57	55	56	54	51	50	50	50	49	49	49	49	48	46	45	47	47	46	46	47	47	46	46	45	45	44	44	42	40	37	34	46	48	56	56	54	51	40	38	35	31	33	31	32	35	31	33	31	31	31	31	30	30	30	30
344	50	50	50	51	51	52	52	52	53	53	53	52	52	52	52	52	53	53	53	53	53	53	53	53	54	53	53	53	54	54	53	53	51	54	55	53	53	54	54	52	53	53	54	55	55	55	54	54	51	52	53	53	52	52	51	51	53	51	51	52	52	51	51	53	53	52	52	52	53	53	53	52	52	53	53	53	52	51	51	52	53	50	49	50	53	54	52	50	51	51	50	53	51	45	44	41	44	44	53	54	52	51	50	56	54	54	54	56	57	56	56	55	52	51	51	53	53	52	52	54	51	53	53	53	51	51	52	53	51	55	57	54	52	54	55	52	50	57	55	53	59	46	55	71	75	70	58	49	51	52	48	46	43	44	46	48	50	50	50	50	51	50	48	48	50	51	50	46	38	41	44	67	106	200	233	255	252	251	253	254	252	253	254	250	249	249	254	255	251	251	253	253	251	251	251	251	251	251	251	251	252	251	250	251	251	251	250	250	252	249	249	251	252	252	251	252	252	251	251	250	250	250	250	251	251	251	250	250	250	251	251	251	251	251	251	251	251	251	251	251	251	251	251	251	251	251	251	251	252	252	251	251	251	251	251	250	251	251	251	251	251	251	251	251	251	251	251	251	251	251	251	251	250	250	250	250	250	250	250	250	251	251	251	251	250	250	250	250	251	251	251	251	251	251	250	250	250	250	251	251	251	251	250	250	250	251	253	252	249	249	251	253	251	251	251	251	251	252	252	252	251	251	251	251	251	251	251	251	251	250	250	251	251	252	252	251	250	253	255	255	255	255	248	226	191	78	44	28	30	37	34	39	26	27	27	28	29	29	29	28	31	31	27	33	28	31	28	32	29	31	33	32	31	31	32	34	33	34	34	33	34	36	37	36	36	36	35	35	36	37	38	39	38	41	40	36	37	62	78	94	92	85	81	86	84	83	87	78	79	79	84	79	71	62	48	44	42	43	44	44	43	42	43	43	41	40	43	38	42	38	42	41	43	40	44	39	45	40	43	40	42	42	42	42	42	42	42	42	43	42	42	41	41	42	42	43	41	42	38	43	38	44	40	42	39	41	42	41	38	37	39	41	38	38	39	39	38	37	36	36	35	35	37	32	36	33	36	33	35	33	33	35	35	34	35	38	36	37	33	34	34	38	28	37	34	35	34	32	32	36	38	38	34	34	35	35	36	35	35	35	33	34	36	36	35	35	36	37	35	34	33	33	33	34	34	34	31	30	31	32	31	28	30	33	29	29	28	28	28	28	27	27	26	27	28	29	29	29	28	28	27	27	27	26	25	25	26	26	27	27	27	26	26	26	26	26	27	27	27	27	27	27	27	27	27	25	24	24	25	25	23	21	20	21	22	22	22	24	26	28	35	35	35	34	34	34	36	37	36	34	34	40	49	54	53	51	53	52	50	49	47	46	44	43	41	41	41	41	41	41	40	39	41	41	42	43	43	43	43	43	46	39	38	45	40	35	44	44	52	56	57	52	45	41	39	37	34	29	29	34	35	31	29	32	30	30	31	32	32	32	30	29
345	51	52	52	52	53	53	53	54	52	52	52	52	52	52	52	52	52	52	52	52	52	52	52	52	54	53	52	53	53	54	54	54	51	54	54	53	52	54	54	53	54	54	54	54	54	54	54	53	54	54	53	51	50	51	52	53	54	52	51	52	52	50	50	52	53	52	52	52	53	53	52	52	52	52	53	52	51	51	51	52	51	54	55	53	49	48	49	51	51	51	50	53	51	45	43	41	43	44	53	54	52	52	50	56	51	50	50	53	54	54	53	53	55	54	53	54	53	51	50	51	52	52	53	52	52	51	52	52	53	53	54	55	54	53	53	54	54	57	56	54	58	47	60	74	74	70	59	49	49	49	47	46	44	45	46	48	49	50	50	50	56	55	54	51	54	55	54	51	45	44	47	67	95	163	187	211	207	205	204	203	203	208	209	204	211	204	203	204	202	203	206	206	202	202	202	202	203	203	203	203	203	203	203	204	205	204	203	202	205	202	201	203	204	203	203	203	204	204	204	204	204	204	204	204	204	203	203	203	203	203	202	202	203	203	203	203	203	203	203	204	203	203	203	203	203	203	203	203	204	204	204	204	204	203	203	203	204	204	204	204	204	204	203	203	203	203	203	203	203	203	203	203	204	204	204	205	205	205	205	205	202	202	202	203	203	203	203	203	204	204	204	204	204	204	204	204	204	204	204	204	204	204	204	204	205	203	202	202	204	205	204	202	203	203	203	204	204	204	204	204	203	203	203	203	202	202	202	202	204	203	203	203	204	204	203	203	203	205	206	206	206	206	203	188	152	72	44	26	24	30	31	34	27	27	27	28	29	29	29	28	29	27	32	29	35	28	30	29	31	32	32	32	31	31	32	33	32	34	34	33	34	36	36	35	35	35	35	36	37	38	39	40	39	39	39	39	41	61	75	93	88	86	80	81	80	77	80	74	79	79	84	78	70	61	46	42	42	43	43	43	43	42	42	43	41	40	43	39	42	38	42	41	42	42	41	42	41	42	41	41	41	41	41	41	41	41	42	42	42	42	42	41	41	42	42	42	41	42	38	43	39	43	40	41	41	39	38	39	41	41	40	37	37	38	38	38	37	37	37	37	36	35	38	33	37	34	37	35	38	36	35	35	35	33	33	34	33	36	37	34	34	39	32	33	33	35	35	35	35	36	36	35	34	35	35	35	35	35	34	34	35	35	36	36	35	35	35	36	35	34	34	34	34	34	34	33	36	31	29	31	33	33	31	30	32	31	31	31	31	30	30	30	32	31	29	27	26	26	26	27	27	27	27	27	26	25	26	26	24	24	24	24	24	24	24	24	27	27	27	27	27	27	27	27	27	26	25	25	26	26	24	22	23	24	23	23	22	22	24	25	30	32	35	36	36	35	33	32	34	36	38	39	39	40	41	42	43	43	42	41	41	40	39	38	40	39	38	36	36	36	37	38	39	39	39	39	39	40	40	40	42	41	42	46	40	40	49	46	51	56	58	55	47	40	34	30	34	32	31	31	32	32	31	31	30	30	30	30	31	30	29	27
346	52	52	52	53	53	53	54	54	52	52	52	52	52	52	52	52	52	52	52	52	52	52	52	52	53	52	52	52	53	54	54	54	52	53	54	52	52	53	54	54	54	54	54	53	53	53	53	53	55	54	53	52	50	51	52	53	53	52	51	52	51	50	50	51	52	52	51	52	52	52	52	52	51	52	52	52	51	50	50	51	52	51	50	51	52	52	51	50	51	50	51	52	51	46	42	40	42	43	53	54	53	53	51	56	53	52	53	55	56	57	57	56	53	52	52	53	53	52	52	53	53	52	52	52	52	52	52	51	55	51	51	55	56	52	52	54	51	51	53	53	53	44	59	70	74	70	58	49	47	47	45	46	46	46	47	48	49	49	50	50	55	52	51	52	55	57	60	58	56	46	42	44	48	72	78	93	71	65	59	56	65	86	99	98	94	79	69	68	68	68	70	69	68	68	68	69	70	70	70	71	70	71	72	73	74	73	70	68	65	62	60	61	61	61	61	62	61	61	61	61	62	62	62	62	62	62	60	58	55	52	49	47	46	46	47	47	47	48	48	48	48	48	48	48	48	48	48	48	48	48	48	48	48	48	48	48	49	49	49	49	49	48	48	48	48	47	47	47	47	47	48	48	50	50	51	52	53	53	54	54	59	60	60	61	62	62	63	63	64	63	63	63	63	64	65	65	67	67	67	67	67	67	67	67	67	65	64	65	67	68	66	64	65	65	65	65	65	66	66	66	65	65	64	64	63	63	62	62	63	63	62	62	62	62	62	61	58	58	56	58	60	64	67	64	61	30	21	13	15	21	26	23	28	27	27	27	28	29	29	29	29	27	31	28	34	28	31	30	33	32	32	31	31	31	32	32	32	33	34	33	34	35	35	34	35	35	35	36	38	39	39	40	40	38	38	42	44	61	73	92	84	88	82	80	80	80	83	80	79	79	83	78	68	59	46	42	41	42	43	43	42	42	42	42	41	40	43	40	43	39	42	41	42	43	38	43	38	44	40	42	41	41	40	40	40	41	42	42	42	42	42	41	41	42	42	42	42	42	39	42	39	42	40	40	41	39	38	39	41	42	40	37	37	38	38	37	37	37	37	38	37	37	39	33	37	35	39	36	36	35	35	35	35	34	34	35	34	34	40	33	33	38	36	31	33	35	36	35	35	36	35	34	36	35	35	34	34	34	34	34	37	37	36	36	36	36	35	34	36	35	35	35	35	35	34	33	37	33	30	31	34	33	31	30	29	29	29	29	28	28	28	28	31	30	28	27	27	27	28	28	27	28	28	28	27	26	26	26	28	28	27	27	27	27	27	27	27	27	27	27	27	27	27	27	27	26	26	27	28	27	26	24	25	25	25	23	22	21	22	23	21	25	29	33	35	36	35	35	33	35	37	37	35	35	37	39	37	36	36	36	37	38	37	37	42	41	40	39	39	39	39	40	40	39	38	38	38	38	39	39	40	43	40	40	38	44	58	57	51	53	52	47	41	37	35	34	31	32	31	28	30	33	32	29	29	29	28	29	29	29	29	28
347	51	51	51	52	52	52	52	52	51	51	52	52	52	52	53	53	52	52	52	52	52	52	52	52	53	52	51	52	52	53	54	54	52	53	53	52	52	52	54	54	54	53	53	52	52	52	53	53	51	52	53	53	52	51	51	51	51	50	50	51	51	51	52	53	52	51	51	51	52	52	52	51	51	51	52	51	50	50	50	50	52	49	47	49	53	55	53	50	51	50	52	51	50	48	41	39	41	43	53	54	53	53	51	55	51	50	50	53	54	54	54	53	51	51	52	53	53	54	54	55	53	52	51	51	52	52	51	50	55	52	51	54	55	53	52	53	52	51	56	59	56	47	62	69	76	69	55	46	47	47	44	45	47	47	48	48	49	50	50	50	52	49	49	48	49	53	57	57	60	51	47	39	35	35	35	40	25	14	3	0	11	38	54	52	48	30	18	16	15	14	15	14	14	14	15	16	17	18	18	18	17	19	20	20	21	21	18	16	12	9	6	6	7	7	8	9	13	13	13	14	15	15	15	15	15	14	13	9	5	0	0	0	0	0	0	0	0	0	0	0	0	0	0	0	0	0	0	0	0	0	0	0	0	0	0	0	0	0	0	0	0	0	0	0	0	0	0	0	0	0	0	0	0	1	2	3	5	5	6	6	6	6	7	7	8	9	10	10	11	11	10	10	11	12	13	14	16	16	15	15	15	15	16	16	13	15	17	16	14	13	14	16	14	14	14	14	14	14	14	14	14	14	13	12	11	11	10	10	10	9	9	9	9	9	9	8	6	5	2	1	4	9	16	22	17	19	21	18	17	19	23	20	28	27	27	27	28	29	29	29	30	30	26	30	26	32	30	33	32	31	31	31	32	32	32	31	32	34	34	34	34	35	35	34	34	35	35	36	38	38	39	39	40	39	39	42	44	62	73	90	77	87	80	74	77	78	80	78	78	79	83	76	67	58	44	41	40	41	42	42	41	41	41	42	40	40	44	40	44	39	42	40	42	42	39	41	39	42	41	42	42	42	41	41	40	41	41	42	42	42	42	42	42	42	42	42	42	42	40	41	40	41	40	40	38	40	43	42	40	39	39	41	38	38	38	37	36	36	37	38	39	38	40	34	38	35	38	36	35	34	34	35	35	35	35	36	39	32	39	30	32	34	38	33	35	35	35	34	34	35	36	36	36	36	35	34	34	35	35	35	38	37	36	36	37	37	35	34	36	36	36	36	36	35	34	33	33	34	34	34	32	30	31	33	34	34	34	34	34	33	33	33	27	28	29	30	30	29	28	28	27	28	29	29	28	27	27	27	26	25	25	25	25	25	25	25	26	26	26	26	26	26	25	25	24	24	25	26	26	26	24	23	26	25	25	24	23	23	23	23	20	21	23	26	28	32	35	37	34	33	33	35	37	39	39	38	36	35	35	36	37	38	38	38	36	37	38	39	39	38	36	35	40	39	39	38	38	38	38	38	39	40	36	37	40	47	59	59	58	56	53	48	44	42	42	43	29	30	29	27	28	30	28	25	27	27	26	26	27	28	28	28
348	50	51	51	51	51	51	52	52	51	51	51	52	52	52	52	53	52	52	52	52	52	52	52	52	53	53	52	52	52	53	53	53	52	52	52	52	52	52	53	55	53	52	52	52	52	52	53	53	49	50	51	52	52	51	51	51	50	50	50	50	51	52	52	52	52	51	51	51	51	52	51	51	51	51	51	51	50	49	50	50	50	52	54	52	49	48	49	51	52	49	53	50	49	49	40	38	40	43	54	53	52	53	50	53	52	51	51	54	54	54	54	53	53	53	53	52	52	52	52	52	53	51	50	51	52	52	51	50	53	54	53	51	52	55	54	51	53	52	56	58	56	46	62	70	78	68	51	44	47	48	45	45	47	47	48	49	50	50	51	51	55	54	48	42	41	42	44	48	46	44	49	43	45	49	50	54	27	16	8	11	25	44	52	46	42	29	22	22	19	18	19	19	18	19	19	20	21	22	23	23	23	24	24	23	24	25	24	21	18	14	12	12	13	13	14	15	12	13	13	14	15	15	15	15	13	13	12	9	5	1	0	0	0	0	0	0	0	0	0	0	0	0	0	0	0	0	0	0	0	0	0	0	0	1	1	1	1	1	1	1	1	1	1	1	0	0	0	0	0	0	0	0	2	3	5	7	8	9	10	10	12	12	13	13	14	15	15	16	18	17	17	17	17	18	20	20	20	20	19	19	19	20	20	21	18	20	22	21	19	18	19	21	19	19	19	19	19	19	19	19	19	19	18	17	16	16	15	15	15	15	14	15	15	16	15	15	18	15	10	6	6	10	17	24	27	36	31	29	25	23	29	31	28	28	27	27	28	28	29	29	29	30	26	30	25	32	30	33	30	30	31	32	33	33	32	31	33	34	35	34	35	36	35	34	34	34	35	35	37	37	37	37	39	41	40	40	43	65	76	88	80	89	80	74	76	75	76	75	78	78	83	75	65	56	43	41	40	41	42	42	41	41	41	42	40	39	43	40	43	39	42	40	42	40	41	38	42	40	42	41	44	43	42	42	41	41	41	41	41	42	42	42	42	42	42	41	41	40	40	40	41	41	42	41	38	41	43	43	41	40	40	42	39	39	39	37	36	36	36	37	39	38	40	34	37	34	37	34	36	36	36	35	35	34	34	33	41	29	36	32	33	31	35	35	35	34	34	34	34	35	36	37	36	36	35	35	35	36	36	37	37	36	35	36	37	37	36	35	37	36	36	36	36	36	34	33	32	33	34	33	31	31	32	34	29	29	29	29	29	28	28	28	30	30	31	31	30	29	27	26	28	29	30	30	29	28	28	28	26	26	26	26	26	26	25	25	27	26	26	26	26	26	26	26	24	24	25	25	26	26	25	24	26	26	25	25	24	24	24	23	25	24	22	21	22	24	28	31	36	35	34	35	37	38	37	36	36	35	35	36	37	38	37	37	34	35	36	38	38	37	36	35	36	36	37	37	36	35	34	34	34	34	31	40	48	50	54	54	51	50	49	48	44	40	36	34	36	32	28	27	26	23	22	23	24	23	22	21	22	23	23	23
349	51	51	52	52	52	52	52	52	51	51	52	52	52	52	52	52	51	51	51	51	51	51	51	51	53	52	52	52	53	53	52	51	52	51	52	53	52	52	53	54	52	52	52	52	52	53	53	53	50	50	49	49	49	50	52	53	50	51	51	50	50	51	51	51	51	51	50	50	51	51	51	50	51	51	51	51	50	49	50	50	51	51	51	51	51	51	51	51	52	48	54	49	49	51	38	37	38	43	54	53	51	53	49	51	54	54	54	56	56	56	56	55	51	52	52	51	52	53	53	52	52	51	51	51	51	51	51	50	52	54	54	50	51	55	55	51	53	52	52	51	52	44	61	74	82	68	49	42	47	49	46	46	47	48	49	50	51	51	51	52	60	55	49	44	38	38	40	44	48	54	55	56	61	67	71	73	46	33	31	45	62	72	74	69	60	55	53	51	45	42	43	42	42	43	43	44	45	46	47	47	48	49	48	46	46	49	49	46	40	37	34	35	36	36	36	38	39	39	40	41	42	42	41	41	39	39	38	34	30	26	24	24	21	21	23	24	24	24	23	23	24	24	24	24	25	25	25	25	25	25	25	25	25	25	25	25	26	26	26	26	25	25	25	25	24	24	24	24	24	25	25	26	26	27	29	31	33	34	34	34	34	34	35	35	36	36	37	37	39	39	39	39	40	40	41	42	41	41	41	41	41	42	42	42	43	41	40	42	44	44	42	40	42	42	41	41	41	41	41	41	41	41	40	40	39	38	38	37	37	36	36	37	37	38	38	37	47	41	35	31	27	27	30	33	34	39	35	38	31	30	35	40	28	28	27	27	28	29	28	28	27	27	32	27	32	28	31	28	29	30	32	33	33	33	32	32	34	35	35	34	34	36	35	34	34	34	34	35	36	36	36	37	39	42	40	38	42	67	77	88	81	86	80	78	78	77	80	78	78	78	81	74	64	55	42	40	40	41	41	42	41	41	41	42	40	39	43	39	42	38	41	40	42	39	42	37	43	38	43	40	43	43	43	43	42	42	41	41	41	41	42	42	42	42	41	41	41	39	41	39	43	40	43	41	42	40	39	40	43	43	41	39	40	40	40	39	37	36	36	37	38	37	40	34	38	34	37	34	34	35	36	35	35	36	35	34	38	29	35	36	37	33	31	34	33	33	34	36	37	35	35	35	35	35	35	35	35	36	36	37	36	35	35	35	36	37	36	36	37	36	36	36	36	36	35	34	35	33	31	31	33	36	34	31	34	34	34	33	33	33	33	33	31	30	29	28	28	29	30	30	29	30	30	30	29	29	29	29	29	29	29	29	29	29	29	28	27	27	27	27	26	26	26	26	25	25	25	25	25	25	25	25	28	27	26	26	26	25	24	23	24	24	22	21	21	22	24	26	30	33	36	37	36	36	37	39	36	36	35	35	36	36	36	35	36	36	35	34	35	35	36	37	32	32	33	34	34	32	30	29	28	29	25	37	52	54	58	59	58	57	56	56	56	54	53	53	50	42	35	31	27	21	20	21	21	20	18	17	17	17	17	16
350	52	52	52	52	52	52	53	53	52	52	52	52	52	51	51	51	51	51	51	51	51	51	51	51	51	51	52	53	53	53	52	51	51	50	51	53	53	51	52	54	52	52	53	53	53	53	53	53	50	50	50	49	49	50	52	53	50	51	51	49	49	51	52	50	51	50	50	50	51	51	51	50	51	51	52	51	50	50	50	50	52	48	46	48	53	56	53	50	52	47	55	49	48	52	37	36	36	42	53	52	51	53	49	51	50	50	49	52	53	53	52	51	49	51	51	50	51	53	53	52	51	51	51	51	50	50	50	51	52	53	53	52	51	52	53	53	56	58	54	51	56	48	65	82	84	70	50	42	46	48	47	49	48	49	50	51	51	51	51	51	58	54	50	47	47	48	49	51	50	51	47	51	52	56	57	57	49	33	34	56	71	70	64	60	59	59	61	55	45	41	42	39	41	41	42	43	44	45	45	46	46	48	47	45	45	48	48	45	43	39	36	37	37	37	37	38	37	38	39	39	40	40	39	39	39	38	35	30	24	20	19	19	21	22	23	24	24	23	23	22	24	24	24	24	25	25	25	25	25	25	25	25	25	25	25	25	25	25	25	25	25	25	25	25	25	24	24	24	25	25	26	26	25	26	29	31	32	33	33	33	35	35	35	36	37	37	38	38	40	40	40	40	41	41	41	41	42	43	43	43	44	44	44	44	45	43	43	44	46	46	44	42	44	44	44	44	44	43	43	43	43	42	42	41	41	40	40	40	38	38	38	38	39	39	38	38	48	43	38	34	32	31	31	31	35	36	36	38	28	32	32	35	28	27	27	28	28	29	28	27	27	27	32	27	32	28	31	27	30	31	32	32	31	31	32	33	34	35	35	33	33	35	35	34	34	34	34	34	36	37	37	38	40	40	39	40	45	67	77	89	77	77	74	76	75	74	80	76	77	77	81	74	63	54	42	40	40	41	42	42	42	41	42	42	40	39	42	38	41	37	41	40	41	40	40	39	41	41	41	40	41	42	42	43	43	42	42	41	41	41	42	42	42	42	41	41	42	40	42	38	43	39	43	40	41	40	38	39	42	42	41	39	40	40	40	40	38	37	37	37	36	36	40	35	39	36	38	34	32	34	35	34	35	37	37	35	36	34	35	37	37	38	30	35	35	34	34	36	36	35	34	35	34	35	35	35	35	35	35	35	35	35	36	36	35	35	36	36	36	36	35	35	35	35	35	35	36	35	32	31	34	36	35	31	31	31	31	30	30	30	30	30	30	29	29	28	29	30	31	32	30	31	31	30	29	29	29	30	27	27	27	26	26	26	26	26	27	27	27	27	27	26	26	26	26	26	26	25	24	24	25	25	29	28	27	27	27	27	25	24	23	23	23	23	22	23	23	24	24	27	30	33	34	35	36	37	35	34	33	33	33	33	33	32	30	29	28	27	26	27	28	29	26	27	27	28	27	26	25	25	22	30	29	39	56	60	61	59	54	51	50	52	56	58	60	63	58	55	48	41	35	29	23	19	21	20	19	18	18	18	18	17
351	52	52	52	52	52	52	52	52	52	52	52	52	51	51	51	51	51	51	51	51	51	51	51	51	50	50	51	53	54	54	52	51	51	50	51	54	53	51	52	54	53	53	53	54	53	53	52	52	49	50	51	52	51	51	51	51	48	50	50	49	50	52	53	52	51	50	50	50	51	51	50	50	51	51	52	51	50	50	50	51	50	51	52	51	50	49	50	51	52	47	56	48	48	52	37	36	35	40	52	51	51	53	49	51	51	51	51	53	54	55	54	54	52	54	53	51	50	51	50	48	50	51	52	51	50	49	50	51	54	51	52	54	52	49	51	55	50	55	52	49	57	48	63	81	85	71	52	42	45	46	46	50	48	49	50	51	52	51	50	49	51	51	50	53	55	59	62	63	60	53	41	44	37	34	27	25	24	9	18	51	66	55	41	36	39	43	46	39	28	26	27	23	25	25	26	27	27	28	29	29	30	32	32	29	29	32	32	28	26	23	20	20	20	19	19	20	20	20	21	22	22	22	21	21	20	19	16	11	6	3	4	5	4	5	6	7	7	6	5	4	6	7	7	7	7	8	8	8	8	8	8	8	7	7	7	7	8	8	8	8	7	7	7	7	8	7	7	8	8	8	9	9	8	9	11	14	15	16	16	16	17	17	18	19	19	20	21	21	22	22	23	23	23	23	23	23	23	24	24	25	26	25	25	25	23	25	28	28	25	24	25	26	26	26	25	25	25	25	25	25	23	23	23	22	22	21	21	21	22	21	21	21	21	21	20	20	27	24	21	20	18	17	17	18	22	19	21	21	11	25	27	33	27	27	28	28	29	29	28	27	28	31	27	30	25	32	28	29	32	33	33	31	29	29	32	34	34	35	34	33	32	34	34	34	34	34	34	34	36	37	39	39	41	37	37	42	48	66	75	90	82	78	75	80	76	74	81	76	77	77	81	74	63	53	41	40	40	41	42	42	42	42	42	42	40	39	41	37	40	37	41	40	39	41	37	43	38	43	39	40	39	40	41	43	43	43	42	42	41	41	42	42	42	42	41	41	43	40	43	38	43	39	42	40	38	40	41	40	38	38	40	42	39	40	40	40	39	38	38	38	35	35	40	36	40	37	39	35	35	37	37	35	34	35	34	31	36	40	35	35	34	41	31	37	38	35	33	34	34	33	35	37	34	34	35	35	34	34	33	33	34	35	36	36	35	34	35	36	36	35	34	34	35	35	35	35	34	37	37	34	32	33	34	34	33	33	33	33	32	32	32	32	31	31	32	31	31	29	28	27	31	31	31	30	29	29	30	31	30	29	29	29	29	29	29	29	28	28	27	27	27	26	26	26	27	27	26	25	24	24	25	26	28	28	27	27	28	28	27	25	27	26	25	24	22	21	21	22	23	21	21	26	31	33	30	26	31	30	29	29	29	29	28	28	29	29	29	28	27	26	25	25	20	20	20	20	20	20	19	19	17	35	41	51	65	64	54	43	46	45	48	54	58	58	57	57	59	62	60	51	45	39	28	16	22	22	22	22	23	24	24	23
352	48	49	50	51	51	51	51	50	51	53	53	51	50	52	53	52	50	51	52	52	52	52	51	50	53	53	52	52	53	52	51	49	52	54	51	53	53	51	54	52	54	53	52	51	52	52	52	52	53	50	50	51	50	49	50	52	50	52	52	50	50	52	51	48	51	50	50	50	50	51	50	50	52	51	50	49	49	50	50	51	48	49	50	50	50	49	49	49	51	50	49	48	49	48	42	35	32	43	52	52	51	51	51	50	50	52	52	50	49	51	52	51	51	50	50	50	51	51	50	50	50	51	52	52	51	51	51	51	53	53	53	52	52	52	52	52	56	51	56	48	58	47	60	81	86	65	51	41	44	48	44	53	44	53	49	50	54	50	51	53	53	52	50	49	48	49	50	51	49	48	50	58	44	52	53	38	35	33	42	58	62	55	50	49	47	50	49	43	39	27	32	30	35	35	34	34	35	36	38	39	39	39	39	39	39	38	36	35	33	29	26	28	29	27	26	28	26	28	30	30	29	28	30	32	28	27	21	14	11	11	10	8	11	13	9	15	10	16	12	14	14	14	14	14	15	15	15	15	14	14	14	14	15	15	15	15	13	13	12	12	11	12	14	15	14	14	14	14	14	15	15	15	16	17	18	20	22	23	23	23	25	25	25	25	26	27	28	29	30	30	30	30	30	30	31	31	31	34	34	33	33	35	34	31	34	34	34	34	34	33	33	33	32	32	31	31	32	32	31	31	32	31	31	30	31	30	29	29	29	27	27	29	29	27	27	28	28	30	30	28	28	30	30	28	26	27	27	27	27	27	27	26	29	29	29	30	30	29	29	28	29	29	29	30	30	31	31	31	31	30	30	32	32	30	31	34	35	34	33	33	34	35	35	35	34	37	36	34	35	38	38	35	37	41	36	40	46	72	71	91	82	79	77	78	77	75	74	75	77	76	81	74	63	52	40	39	38	38	39	40	41	41	41	41	42	39	39	42	41	38	38	41	41	41	41	41	41	41	41	41	38	41	42	41	41	43	44	43	40	42	40	43	38	41	38	40	41	40	40	40	41	41	41	40	40	41	41	39	39	41	41	39	41	41	40	40	39	39	39	39	36	38	38	37	37	38	37	35	35	37	34	39	34	39	34	36	36	35	35	34	33	33	34	34	35	33	34	35	34	33	33	36	36	36	35	35	35	34	34	34	36	33	36	32	39	35	38	35	35	34	34	37	37	35	34	36	34	33	33	33	35	35	34	33	33	32	32	32	32	33	33	34	32	31	31	31	31	29	29	30	28	29	31	33	35	34	31	29	32	28	28	31	31	28	27	29	28	28	27	27	28	28	28	27	27	27	27	27	27	27	28	28	29	27	26	28	28	26	26	28	26	26	25	25	25	23	22	21	18	20	20	19	20	23	24	23	25	24	24	27	27	26	27	29	23	24	26	28	29	29	26	25	28	30	30	24	27	26	19	27	21	38	54	58	58	56	49	40	41	41	42	45	50	54	56	57	57	55	63	60	59	59	49	49	39	24	28	26	23	28	25	24
353	52	52	52	52	51	50	49	48	51	53	53	51	50	52	53	52	50	50	51	52	52	51	50	50	52	51	52	52	53	52	51	51	51	53	50	52	52	50	54	51	53	52	52	52	52	52	52	52	50	48	48	50	51	51	52	54	51	52	51	50	50	51	51	48	51	50	50	50	50	51	50	50	49	50	50	51	51	51	50	49	49	50	50	50	49	49	49	49	48	49	50	50	51	48	40	32	33	43	51	52	51	51	51	50	50	52	52	50	49	51	51	51	51	50	50	50	51	51	50	50	49	49	50	50	49	49	49	49	53	53	53	53	53	52	52	52	53	52	55	53	55	49	59	81	90	68	55	43	44	55	50	43	51	56	49	49	53	49	49	51	48	48	49	50	51	51	51	51	54	50	50	55	50	54	51	36	41	54	60	60	58	45	39	47	47	51	52	45	40	27	32	30	30	32	35	37	38	38	36	35	40	39	39	39	39	39	38	37	34	29	26	28	28	27	27	29	28	29	29	30	30	30	29	29	27	24	18	12	10	11	10	8	11	12	9	14	10	15	12	13	13	13	13	13	14	14	14	14	14	14	14	14	14	14	14	14	15	14	13	11	10	10	11	12	14	14	14	15	15	15	15	15	17	17	18	19	22	23	23	23	24	24	25	25	26	27	28	28	29	29	29	29	29	30	30	31	31	33	33	33	33	34	34	32	33	33	33	33	33	32	32	32	32	31	31	31	31	31	31	30	31	30	30	29	30	29	29	28	32	30	29	30	30	28	27	28	27	29	29	27	27	29	29	27	27	27	27	27	27	27	27	27	28	28	29	29	29	29	28	28	29	29	29	30	30	31	31	31	31	30	31	32	32	30	31	34	34	34	33	34	34	35	35	35	36	35	34	35	37	36	36	36	37	39	38	38	49	69	73	89	78	76	75	77	77	77	77	78	77	76	81	74	63	52	40	39	37	38	38	39	40	40	40	40	38	39	39	39	40	41	42	41	41	41	41	41	41	41	41	41	39	41	42	40	40	42	43	42	41	43	40	43	38	41	39	41	41	40	40	40	41	41	41	40	40	41	41	39	39	41	41	39	40	40	40	39	39	39	39	39	37	38	38	37	36	38	37	35	36	38	35	39	34	37	34	35	35	35	35	34	34	34	34	34	35	34	34	35	35	33	34	36	33	33	34	35	35	36	36	37	36	34	37	33	38	35	38	35	35	34	34	36	36	35	35	36	36	35	35	34	35	34	34	33	33	34	35	36	35	34	33	32	30	29	29	31	32	31	31	33	30	31	33	35	37	38	38	38	36	36	35	33	32	32	30	28	32	31	29	28	28	27	26	26	25	26	26	27	27	26	25	24	30	28	28	29	29	27	27	29	28	27	27	27	27	26	24	23	22	23	23	22	22	23	24	23	22	26	26	25	24	27	28	27	27	27	27	28	30	31	32	32	36	34	33	32	37	34	27	37	42	50	58	59	54	46	40	36	36	37	38	41	46	50	54	56	61	58	63	62	64	68	64	66	49	38	39	33	24	26	26	28
354	50	51	51	52	52	52	51	51	51	52	52	51	50	51	52	52	52	52	53	53	53	53	52	52	51	50	51	51	52	53	52	52	50	52	49	52	52	50	53	51	52	52	52	52	52	52	52	51	51	50	50	51	51	50	50	51	51	51	51	49	50	51	50	49	51	50	49	49	50	50	50	50	48	49	50	51	51	51	50	49	50	50	50	49	49	48	49	50	48	49	49	50	51	47	39	31	33	43	51	52	51	51	51	50	49	51	52	51	50	51	51	50	51	50	50	50	51	51	50	50	52	53	53	53	52	52	53	53	53	53	53	53	53	53	52	52	50	54	54	57	54	51	58	76	75	69	68	53	37	42	49	51	48	53	48	52	56	52	50	47	50	50	51	51	50	50	49	48	51	48	51	50	52	47	42	34	49	67	66	55	52	42	37	50	47	52	55	48	41	27	32	31	33	33	33	34	35	36	38	38	40	39	39	39	40	40	39	38	35	30	26	27	28	26	27	29	31	29	28	29	31	31	29	27	25	20	13	9	9	11	11	9	10	11	9	12	10	14	11	12	12	12	12	12	13	13	13	13	13	13	13	13	13	14	14	14	12	12	11	10	9	10	12	14	15	15	15	15	15	15	15	15	17	17	17	19	21	23	24	24	24	24	25	26	27	27	28	28	29	28	28	28	29	29	30	30	30	32	32	32	32	34	34	33	33	33	33	32	32	31	30	30	31	31	30	30	31	31	30	30	31	30	29	29	29	29	29	28	29	27	27	28	29	28	28	29	27	28	28	27	27	28	28	27	27	27	27	27	27	27	27	27	27	28	28	29	29	28	28	28	29	29	29	30	30	31	31	31	31	31	31	32	32	31	32	34	34	33	33	34	35	35	35	34	37	33	33	36	38	35	34	37	38	37	40	37	52	66	76	87	80	78	76	76	76	75	75	76	78	76	81	74	62	51	40	40	37	37	37	38	38	39	39	40	39	42	42	38	38	41	41	37	40	40	40	40	40	40	40	40	40	41	41	40	39	40	41	41	41	43	40	44	39	42	39	41	41	40	40	40	41	41	41	40	40	41	41	39	39	40	40	40	40	40	39	39	39	39	40	40	38	39	38	37	36	37	37	36	36	37	35	38	34	36	33	34	34	34	35	35	35	35	34	34	35	35	35	35	35	34	34	36	35	35	35	35	35	35	35	35	35	35	37	34	37	34	36	36	36	35	34	35	36	35	35	36	36	36	36	35	34	34	35	35	34	35	35	35	34	33	32	31	33	31	31	32	32	30	30	31	32	32	33	35	37	40	41	42	43	45	42	36	33	34	31	25	30	29	28	28	28	29	29	28	30	30	30	30	30	30	29	29	31	30	29	30	30	29	29	30	30	29	29	29	29	29	28	27	26	27	26	25	24	24	25	24	24	26	26	26	28	29	31	33	35	33	32	31	31	31	31	31	29	26	29	31	33	31	30	45	59	59	61	60	51	40	35	35	34	34	34	35	38	44	51	55	57	54	57	55	57	61	59	62	54	43	41	35	28	30	30	32
355	49	49	50	51	51	52	52	52	51	52	52	51	50	51	51	52	52	53	53	53	53	53	53	52	50	50	50	51	52	52	52	52	51	53	50	52	52	50	53	50	52	52	52	52	53	52	51	50	51	51	51	51	50	49	49	49	52	51	50	49	49	50	50	49	51	50	49	49	50	50	50	50	50	49	49	48	49	50	51	52	49	49	49	49	48	49	50	51	50	50	49	48	49	47	40	33	34	42	50	52	51	51	51	50	49	50	51	51	50	50	50	50	51	50	50	50	51	51	50	50	48	49	48	48	47	47	48	49	53	53	53	52	52	52	52	52	51	54	55	57	56	49	56	63	78	78	74	61	48	44	48	56	48	51	48	52	54	50	51	49	54	53	51	50	49	49	50	50	53	52	55	45	52	49	53	60	59	61	53	45	47	45	44	50	45	52	56	49	42	27	32	31	35	34	33	33	34	36	38	40	40	39	39	39	39	40	40	40	36	30	27	27	28	26	27	30	30	29	29	29	30	30	28	26	24	18	10	7	8	11	11	10	11	11	10	11	11	13	12	12	12	12	12	12	12	12	13	13	13	13	13	13	13	13	13	13	11	11	10	9	9	10	13	15	15	15	15	16	16	16	16	16	17	16	17	18	20	22	24	24	24	24	25	27	27	28	28	28	28	28	28	28	29	29	30	30	31	31	31	31	32	33	33	33	32	32	32	32	31	31	30	30	31	31	30	30	31	31	30	30	31	30	30	30	30	30	29	29	28	27	27	28	28	28	28	27	27	28	28	27	27	28	28	27	28	27	27	26	26	27	27	28	27	28	28	29	29	29	29	28	28	29	29	30	30	31	31	31	31	31	32	32	32	31	32	34	33	33	34	34	35	35	35	34	36	33	33	35	37	35	35	36	37	38	38	40	51	67	77	86	80	79	77	76	75	74	74	73	78	76	80	74	62	50	39	41	38	37	37	37	37	38	39	39	40	42	42	39	38	39	39	37	39	39	38	38	38	39	39	39	41	41	41	39	39	40	41	42	41	43	40	44	39	43	40	42	41	40	40	40	41	41	41	40	41	41	40	40	40	40	40	40	40	40	39	39	39	39	39	39	39	39	38	37	36	36	36	36	36	36	35	36	35	35	34	34	34	34	35	35	35	35	35	34	35	35	35	35	35	34	35	36	36	36	36	35	35	34	34	33	35	36	37	36	35	34	35	36	36	35	35	35	35	35	36	36	35	36	36	35	34	34	36	38	37	36	34	32	31	32	33	34	35	33	33	33	32	30	30	31	33	32	31	32	34	36	37	37	40	41	40	37	36	37	35	31	32	31	29	29	29	29	28	28	28	27	25	24	24	25	27	28	31	31	30	30	30	30	30	31	30	30	29	30	30	30	30	29	29	29	28	27	26	26	26	26	29	24	24	31	34	32	36	42	37	36	35	34	32	30	28	27	28	27	33	32	30	32	40	58	61	61	60	57	49	41	37	38	35	33	31	30	32	38	46	52	54	53	54	54	54	54	52	51	44	34	26	23	24	27	25	23
356	51	51	51	50	50	49	49	48	51	51	51	51	51	50	51	52	50	50	51	51	51	51	50	50	51	51	50	51	51	52	51	51	52	54	51	53	52	49	52	50	52	51	51	52	52	52	51	50	48	49	49	50	50	51	51	51	52	50	49	49	49	49	49	49	51	50	49	49	50	50	50	50	50	49	49	48	48	49	50	51	48	49	49	48	48	49	50	51	50	50	49	48	49	47	41	34	34	41	48	51	51	50	50	50	49	49	50	51	50	49	49	50	51	50	50	50	51	51	50	50	53	53	53	53	52	52	53	54	52	52	52	52	52	52	52	52	54	53	56	54	59	46	54	48	68	89	85	68	55	41	38	49	56	54	50	52	49	46	52	53	51	51	51	51	51	52	54	55	54	51	50	38	52	59	67	82	62	46	40	43	42	44	47	42	43	51	56	50	42	27	33	32	32	34	36	38	39	38	37	36	40	39	38	39	39	40	40	40	36	31	27	28	28	27	27	30	28	29	30	30	29	28	27	26	22	16	9	7	8	10	11	10	11	11	11	11	12	12	12	12	12	12	12	12	13	13	13	13	13	13	13	13	13	13	13	13	14	13	11	10	8	9	11	12	16	16	16	16	16	16	16	16	16	16	16	18	20	22	23	24	24	24	26	27	28	28	28	28	29	29	29	29	29	29	30	30	32	32	31	32	32	32	32	33	33	33	33	32	32	31	30	30	31	31	30	30	31	31	30	30	30	30	29	29	30	30	29	29	32	32	31	30	30	29	27	26	28	28	28	28	28	28	28	28	28	27	27	27	27	27	27	28	27	28	29	29	30	30	29	29	28	29	29	29	30	30	31	31	31	32	32	32	31	32	33	33	33	33	34	34	35	35	35	34	34	35	35	33	35	37	37	34	36	39	34	46	48	69	77	84	77	77	75	75	75	75	75	75	77	75	80	74	62	49	38	41	39	38	38	38	38	38	39	40	38	37	37	40	41	39	40	42	39	39	39	38	39	39	39	40	41	41	40	40	40	40	41	43	40	43	40	44	39	43	40	42	41	40	40	40	41	41	41	40	41	40	40	40	40	40	40	40	40	40	39	39	38	38	38	38	40	39	38	37	36	36	36	36	36	35	36	35	35	34	35	35	34	34	35	36	36	35	35	35	35	36	36	35	35	35	36	36	33	34	34	35	35	36	36	36	35	36	37	37	34	35	35	36	35	35	35	34	34	35	36	36	35	36	36	35	34	35	36	38	38	37	35	34	34	34	35	36	33	32	32	34	34	33	33	34	33	32	31	31	32	32	32	32	32	31	32	37	40	40	41	43	41	39	36	33	30	28	26	24	30	30	30	30	30	31	31	32	31	31	31	30	30	31	31	31	30	29	29	29	30	30	30	29	29	28	28	28	28	27	28	28	28	26	27	31	38	43	43	42	31	31	31	31	31	31	30	29	26	25	29	25	25	36	46	56	60	59	55	48	43	42	41	39	33	32	31	29	29	33	38	43	45	46	46	48	49	48	47	45	45	40	31	29	31	31	29	25
357	50	50	50	50	50	49	49	49	51	50	51	51	51	50	50	52	50	50	50	50	50	50	50	50	52	51	50	50	51	51	51	50	52	54	51	53	52	50	53	50	52	51	51	51	52	52	51	50	49	50	50	49	49	50	50	49	51	50	49	50	50	49	49	49	50	50	49	49	50	50	50	50	48	49	50	50	50	50	49	48	48	48	49	49	49	49	50	51	48	49	49	50	51	48	41	33	34	40	47	50	50	49	49	50	49	49	49	50	50	48	49	50	51	50	50	50	51	51	50	50	48	49	49	49	48	48	49	49	52	52	52	52	52	52	52	52	56	53	55	52	60	45	54	38	48	85	91	76	62	47	42	46	50	50	51	57	53	48	54	52	50	51	52	53	53	52	51	50	51	48	52	47	62	71	62	64	48	33	37	46	40	42	47	39	42	50	55	49	42	28	33	32	34	35	36	37	38	38	39	39	40	39	39	39	40	40	40	39	36	31	28	28	29	27	27	30	27	28	29	30	28	27	26	25	20	14	9	8	9	10	10	10	12	10	12	10	13	11	13	11	12	13	13	13	13	13	13	13	13	13	13	13	13	13	12	12	13	12	10	9	8	9	11	13	16	16	16	16	15	15	15	15	15	15	16	18	20	22	23	23	24	25	25	26	27	28	28	28	29	29	29	29	29	29	30	30	32	31	32	33	33	31	31	32	32	32	32	32	32	32	31	31	31	31	30	30	31	31	30	30	29	29	28	29	29	30	29	29	30	31	32	31	32	32	30	28	29	28	28	29	29	28	28	29	28	27	27	27	27	27	27	28	27	28	29	30	30	30	30	30	28	28	29	29	30	30	31	31	31	33	33	32	31	33	34	33	34	33	33	34	35	35	35	34	34	36	36	33	34	38	38	34	36	39	32	49	48	70	78	82	77	77	76	74	74	75	74	73	76	74	79	74	61	47	37	41	39	39	39	38	39	39	39	39	40	36	37	40	41	38	38	42	40	40	40	40	40	40	41	41	41	40	40	41	40	40	41	43	40	42	39	43	39	43	40	42	41	40	40	40	41	41	41	40	41	40	40	40	40	39	39	41	40	40	39	39	38	38	38	37	39	38	37	38	37	36	36	37	36	35	37	34	37	34	36	36	35	35	35	36	36	35	35	35	35	36	36	35	34	35	36	36	35	35	35	35	35	35	35	35	35	37	35	37	34	36	35	36	35	36	35	34	35	36	36	35	37	37	36	36	35	35	36	36	35	35	36	36	36	36	35	34	35	34	34	35	34	33	33	34	34	33	32	32	33	33	32	32	31	28	30	36	40	39	40	44	43	42	39	37	35	33	30	29	25	26	28	29	28	27	25	23	31	32	32	30	30	31	31	30	30	30	29	29	30	30	30	30	29	28	28	29	29	28	28	30	22	31	34	32	39	50	48	35	30	28	27	26	27	29	30	31	32	27	31	32	40	58	64	63	61	56	47	38	35	38	38	35	29	30	30	31	30	30	31	31	34	35	32	34	35	34	37	35	29	35	28	26	26	22	24	24
358	49	49	49	49	50	51	52	52	51	50	50	51	51	49	50	52	51	51	51	51	51	51	51	51	52	51	50	50	50	51	51	50	51	53	50	52	52	50	53	51	52	51	50	50	51	51	51	50	51	52	51	48	48	49	49	47	51	49	49	50	50	49	48	49	50	50	49	49	50	50	50	49	48	49	50	50	50	49	48	47	48	49	50	49	49	48	49	49	47	48	48	49	50	48	41	34	34	39	45	49	50	49	48	49	50	48	49	50	49	48	48	50	51	50	50	50	51	51	50	50	51	52	53	53	52	52	52	52	53	53	53	53	53	53	53	53	54	54	52	53	55	46	56	39	53	64	72	84	85	74	64	50	44	43	48	58	55	50	54	49	52	52	53	53	51	49	47	45	53	56	65	65	72	78	50	38	31	30	39	46	43	44	47	42	44	51	55	49	43	28	33	31	35	35	34	33	35	38	41	43	40	40	40	40	41	41	40	39	36	31	28	29	29	27	27	29	29	28	28	28	29	27	24	22	16	12	9	9	9	9	9	10	11	9	12	8	13	10	13	10	12	12	12	13	13	13	13	13	13	13	13	13	13	13	13	12	10	10	8	7	7	9	12	15	16	16	15	15	15	15	15	15	15	15	16	18	20	22	23	23	25	25	25	26	27	28	29	29	28	28	28	28	28	29	29	30	32	31	31	33	34	32	32	33	31	32	32	32	32	32	32	31	32	31	31	31	31	31	31	30	30	30	30	30	31	31	31	31	28	30	32	33	34	35	33	30	28	27	27	28	28	27	27	28	27	27	28	28	28	28	27	27	27	27	28	29	30	30	30	30	28	28	29	29	30	30	31	31	31	33	33	32	31	33	34	33	34	34	33	34	34	35	35	35	35	35	35	35	36	37	37	35	36	38	33	48	50	67	81	80	77	78	76	73	73	74	74	72	75	73	79	74	61	46	36	40	39	39	39	39	39	39	38	38	41	40	39	39	39	38	37	38	40	39	39	39	40	40	41	41	41	40	40	41	40	38	39	41	39	41	39	43	38	42	40	42	41	40	40	40	41	41	41	40	42	40	39	41	40	39	39	41	40	39	39	38	38	38	38	38	38	37	37	38	38	36	36	37	37	35	38	33	37	33	37	35	36	36	36	35	35	35	35	35	34	36	36	34	34	35	36	35	37	36	36	35	35	34	33	33	35	36	33	37	34	38	35	36	34	36	36	35	35	36	36	35	37	37	36	36	37	37	37	36	34	34	36	36	36	35	34	33	38	36	35	36	34	32	31	32	35	34	33	32	33	33	33	33	33	32	32	34	35	35	34	35	36	36	37	38	39	40	39	38	36	37	36	35	33	31	29	27	32	33	32	31	30	32	32	31	32	31	30	30	30	31	31	30	31	29	29	30	30	28	28	29	21	33	41	41	44	49	42	30	30	28	27	26	27	28	29	29	28	23	33	42	51	64	64	60	57	47	36	31	31	32	32	31	29	29	29	30	30	30	29	28	32	34	28	30	31	28	33	30	24	35	28	27	29	24	27	29
359	52	51	51	50	50	50	50	50	51	50	50	51	51	49	50	52	50	50	50	50	50	50	50	50	52	51	50	49	50	51	51	51	49	51	48	51	52	50	53	51	52	51	50	50	50	51	51	51	49	50	49	47	47	50	51	50	51	49	48	51	51	49	48	48	50	50	49	49	49	50	50	49	51	50	49	48	47	48	48	49	49	50	50	50	49	48	47	47	49	48	46	45	47	47	42	37	34	38	45	49	49	48	48	49	50	48	48	49	49	47	48	51	51	50	50	50	51	51	50	50	49	50	51	51	51	50	50	50	54	54	54	54	54	54	54	54	52	55	48	55	50	49	58	43	52	40	55	90	88	70	70	60	51	43	42	49	46	45	53	49	51	50	49	48	48	47	47	47	53	58	67	65	63	71	41	28	24	35	42	43	44	46	46	43	45	51	55	49	43	29	33	31	30	31	34	37	39	40	40	40	41	41	41	42	42	41	40	39	36	31	28	30	30	27	27	29	31	28	26	27	29	28	23	19	13	10	9	9	9	8	9	11	11	8	12	7	13	9	12	9	12	12	12	12	12	12	13	13	14	13	13	13	13	13	13	13	12	11	9	7	6	7	9	11	15	15	15	15	15	15	15	14	14	15	16	18	21	22	23	22	25	25	25	26	26	28	29	29	28	27	27	27	28	28	29	29	31	30	31	34	35	33	32	34	31	31	31	32	32	32	32	31	32	32	31	31	32	32	31	31	33	32	32	32	33	34	33	33	34	37	38	38	37	37	33	29	28	26	26	28	28	26	26	28	27	27	28	28	28	28	27	27	26	27	28	29	29	29	29	29	28	28	29	29	30	30	31	31	31	33	34	32	31	33	34	33	35	34	33	33	34	35	35	35	37	34	34	37	38	36	35	38	37	36	36	46	54	64	84	79	73	74	74	72	73	76	77	75	74	72	78	74	61	46	35	39	38	38	39	39	39	38	38	37	37	40	40	37	37	40	40	38	38	38	38	38	38	39	39	40	41	39	40	41	40	37	37	39	39	41	39	43	38	42	40	42	41	40	40	40	41	41	41	40	42	40	39	41	41	39	39	41	39	39	38	38	38	38	38	39	38	36	37	39	39	36	36	37	39	36	39	33	38	33	37	35	37	37	36	35	35	35	35	35	34	36	36	34	33	35	36	35	34	34	34	35	35	35	36	36	35	36	32	37	34	40	35	36	33	36	36	35	35	37	36	34	37	36	36	37	39	39	39	37	37	37	37	36	36	36	36	36	36	34	34	35	35	34	34	35	36	34	32	31	31	32	32	32	30	32	32	30	31	34	33	29	30	31	34	37	41	43	43	43	45	43	39	35	32	30	29	29	32	33	33	31	31	33	33	31	33	32	31	30	31	31	31	31	33	31	30	31	30	28	27	29	26	31	42	52	51	41	32	29	26	26	27	29	30	30	29	29	34	31	48	60	61	64	61	58	50	37	28	30	33	30	27	28	34	31	28	27	28	30	31	32	28	32	26	31	31	28	33	28	27	36	26	25	30	26	27	25
360	50	50	50	50	49	48	49	49	52	51	51	52	52	50	51	53	51	51	51	52	52	52	51	50	51	52	52	52	51	50	49	49	52	51	51	51	51	50	50	50	49	50	51	51	50	50	51	52	50	47	50	48	48	51	48	51	49	46	49	46	46	49	46	49	49	49	51	45	49	47	51	48	50	51	47	50	46	50	47	49	48	48	48	48	48	48	48	48	47	48	48	48	48	47	41	34	36	35	47	49	50	48	53	46	48	49	49	49	48	48	48	48	49	49	49	49	49	49	49	49	50	52	52	51	50	52	52	51	52	54	53	50	51	55	56	54	51	51	52	52	52	52	51	51	46	43	59	63	72	83	73	77	79	69	60	63	48	54	40	52	49	52	54	55	59	65	68	68	70	71	54	62	53	57	41	30	24	32	40	45	47	48	47	46	47	54	54	51	40	30	32	31	33	35	36	35	36	39	41	41	40	41	42	42	42	41	41	42	39	31	26	32	24	32	31	28	27	28	27	27	29	28	23	16	11	10	9	9	10	10	9	8	11	10	10	10	11	11	11	11	13	12	12	12	12	13	13	14	11	12	13	13	13	12	11	10	11	10	8	7	7	9	12	14	15	15	16	16	15	15	15	16	12	10	20	18	19	24	19	24	26	25	25	26	26	27	28	29	29	28	26	26	28	29	29	28	33	34	34	31	31	32	32	30	32	32	32	32	33	33	33	33	32	32	31	31	31	32	33	33	38	36	36	38	39	39	40	43	44	44	45	45	43	39	34	30	27	27	26	26	27	27	28	28	25	29	26	30	25	31	27	26	25	27	28	27	28	30	30	28	29	30	30	29	30	31	30	27	33	33	33	32	32	32	32	32	33	33	34	34	34	34	34	34	34	35	37	37	37	36	35	35	37	40	35	45	52	71	82	78	76	79	71	74	74	70	76	72	73	72	78	72	58	45	35	39	35	37	38	38	39	41	41	39	39	41	38	37	41	33	42	36	38	39	39	37	38	40	40	38	37	40	40	39	40	41	41	39	40	39	39	39	39	40	39	39	41	40	39	40	41	42	42	41	41	40	40	40	41	40	39	38	39	39	39	39	39	38	38	37	37	37	37	37	37	37	37	36	36	36	36	36	36	35	35	35	34	38	35	33	37	35	32	36	35	35	34	34	34	34	34	34	36	36	36	37	36	36	35	34	36	34	37	33	37	32	36	34	36	35	35	35	34	34	34	35	35	35	36	36	36	36	36	35	34	35	35	35	34	33	34	35	34	34	34	34	34	34	34	34	39	35	37	35	33	33	30	34	34	30	29	33	34	31	30	31	34	33	33	34	36	38	39	40	39	39	38	38	37	35	32	30	33	33	33	33	32	31	30	29	28	28	27	28	28	30	31	32	27	31	31	31	31	24	24	34	37	39	45	48	43	33	28	29	28	26	27	31	33	30	29	29	32	46	60	68	70	66	56	46	35	33	31	29	29	29	29	28	29	29	29	30	30	29	29	29	34	31	28	28	30	30	29	27	28	27	27	26	26	27	27	28
361	52	52	52	52	51	51	51	52	53	52	51	52	51	49	49	51	51	51	50	51	51	51	51	50	50	51	52	52	51	50	50	50	51	51	50	50	50	50	50	50	50	51	51	51	50	50	51	51	50	47	50	48	48	50	48	51	47	46	51	49	49	51	46	47	49	48	51	45	49	47	50	47	49	50	46	50	47	51	48	49	51	51	50	50	50	49	49	49	46	47	48	48	48	47	41	35	36	35	46	48	50	48	53	46	48	49	49	49	49	48	49	49	49	49	49	49	49	49	49	49	49	51	52	51	50	51	52	51	53	52	51	52	53	53	54	54	51	51	52	52	52	52	51	51	55	46	55	44	53	65	75	89	100	84	75	77	80	75	59	52	50	55	61	66	73	79	83	83	71	65	58	49	54	43	41	26	26	34	41	45	47	47	47	46	47	54	54	51	41	30	31	31	33	36	37	36	37	39	40	40	39	40	41	41	41	40	41	41	37	30	28	33	28	30	30	26	27	27	27	27	28	27	21	15	11	10	9	9	10	10	9	8	10	10	9	10	11	11	11	11	13	12	12	12	12	13	13	14	12	12	13	13	13	13	12	12	12	11	9	7	7	9	12	13	15	15	15	14	14	14	15	16	12	13	18	19	20	23	21	24	27	27	26	26	26	27	27	27	26	26	28	30	32	32	32	31	31	33	33	32	33	34	34	32	32	31	31	31	32	32	32	31	34	34	34	34	35	36	37	38	39	39	40	42	43	41	41	42	42	41	40	39	37	34	30	28	27	27	26	26	26	27	28	28	26	29	27	28	26	29	27	27	25	27	28	27	27	29	29	28	31	28	28	30	31	29	28	30	32	32	32	32	32	32	33	33	32	33	34	34	34	34	35	36	35	35	36	36	36	36	36	37	38	38	33	47	54	70	80	79	76	78	71	74	74	71	76	72	73	72	78	72	58	45	36	39	36	38	38	37	38	39	39	38	36	38	39	39	42	37	39	36	38	39	39	37	38	40	39	38	37	39	39	38	38	39	39	37	38	38	38	39	40	42	42	42	42	41	40	40	41	41	41	40	40	40	39	40	40	40	39	38	40	39	38	37	37	38	39	40	39	39	39	38	38	38	38	38	36	36	36	36	36	36	36	36	34	36	35	34	36	35	34	36	35	35	34	34	33	33	33	34	34	34	35	35	35	35	35	34	34	35	34	35	34	35	35	35	35	35	35	34	34	35	35	35	35	35	35	36	36	36	36	36	34	35	36	35	34	34	35	35	34	34	34	34	34	34	34	34	37	32	34	34	35	36	33	36	32	32	30	27	26	29	35	39	33	33	33	33	33	32	30	29	37	36	34	35	37	40	43	44	40	40	40	40	40	40	40	39	39	38	36	35	34	33	32	32	36	33	30	31	33	31	29	33	38	49	52	42	33	31	30	27	29	31	30	23	19	25	37	47	56	63	67	63	56	50	43	37	33	32	30	29	30	30	30	30	30	30	30	29	29	29	29	29	29	31	32	30	28	27	28	30	28	28	27	27	27	27	27	27
362	48	48	48	48	48	48	48	48	50	49	50	51	50	50	51	53	51	50	50	50	50	51	50	50	49	50	51	51	51	51	51	52	50	50	50	50	50	50	50	50	51	51	50	50	51	51	50	50	50	48	50	48	47	50	47	50	48	47	51	50	50	51	47	48	48	48	50	45	49	46	49	47	47	49	46	51	47	52	49	50	48	48	47	47	46	46	45	45	46	47	47	48	48	47	42	37	35	34	44	47	51	48	51	46	47	48	49	49	49	49	49	49	49	49	49	49	49	49	49	49	48	50	51	51	50	51	51	50	54	50	50	55	55	52	51	54	51	51	51	51	51	51	51	51	56	45	55	38	50	54	67	77	82	78	82	79	85	70	77	74	69	69	68	64	61	58	54	51	59	55	55	43	53	37	40	27	29	36	43	46	47	47	47	45	46	54	54	52	41	30	31	31	34	36	37	37	38	39	40	39	39	40	40	40	40	40	41	42	37	30	32	31	30	27	29	26	27	27	27	27	27	24	18	13	11	10	9	9	10	10	9	8	9	9	9	10	11	11	11	11	13	12	12	12	13	13	14	14	13	13	13	13	13	13	13	13	13	12	10	8	8	9	12	13	15	15	14	13	12	13	15	16	12	16	16	20	22	22	26	25	24	25	26	27	28	29	30	30	29	30	32	33	33	32	31	31	29	31	32	32	32	33	33	31	33	33	33	35	37	39	39	39	41	41	41	41	42	44	45	46	40	39	38	38	36	33	30	30	31	30	28	27	27	27	27	26	27	26	26	26	26	27	28	28	27	27	28	25	27	27	28	27	26	27	27	27	27	28	29	28	32	27	26	31	32	28	27	32	31	31	31	32	32	33	33	33	33	33	34	34	34	35	36	37	35	35	35	34	35	36	37	39	39	36	32	49	57	69	78	79	76	76	72	73	73	71	75	72	73	72	78	72	58	46	36	39	38	38	38	37	37	38	38	37	36	36	39	40	38	41	36	38	39	39	38	37	38	39	39	38	38	39	39	38	38	38	38	36	40	40	39	40	40	41	40	40	42	41	40	40	41	41	40	39	40	39	39	39	39	40	39	39	39	38	38	37	37	38	39	39	37	37	37	37	37	37	37	37	35	35	36	36	36	36	37	37	35	34	35	36	34	35	37	35	34	34	34	33	33	33	33	33	33	33	33	34	34	34	34	34	33	36	32	37	32	37	34	36	34	34	34	34	34	35	35	36	35	35	35	35	35	35	36	36	35	35	36	35	35	34	35	36	35	35	35	35	35	35	35	35	39	34	35	34	35	37	33	34	29	34	34	29	27	31	32	31	33	33	34	35	36	35	34	33	29	29	31	34	37	38	39	39	47	46	46	45	45	45	45	45	43	43	43	42	42	42	42	41	46	39	38	42	42	42	43	42	41	42	43	40	32	25	25	29	29	32	34	32	28	31	43	55	67	71	71	63	52	43	35	29	30	30	29	30	31	31	31	31	31	31	30	29	29	28	28	29	27	29	31	30	28	27	28	30	29	29	29	28	28	27	27	27
363	50	50	50	50	51	51	51	51	48	49	49	50	50	50	52	53	51	50	49	49	50	50	51	50	50	50	51	51	50	51	52	53	49	50	50	50	50	50	51	51	52	51	50	50	51	51	50	49	51	48	50	47	47	49	47	49	51	48	50	48	48	50	48	51	49	47	50	46	50	46	49	47	47	49	46	51	48	52	48	49	50	49	49	49	48	48	48	47	46	46	47	48	48	46	41	37	35	34	42	44	51	48	50	46	46	47	48	49	48	48	49	49	49	49	49	49	49	49	49	49	49	50	51	51	50	50	49	49	53	52	52	55	55	53	51	52	51	51	50	50	50	50	51	51	53	45	54	45	55	53	53	51	59	61	65	69	83	73	88	83	86	82	76	68	60	53	48	45	46	51	48	52	47	40	35	29	31	37	43	46	47	47	46	45	45	53	54	52	41	31	32	31	33	35	37	38	39	40	40	40	41	42	41	41	41	41	42	43	39	32	33	27	30	25	30	29	27	28	28	27	26	22	16	12	11	10	9	9	10	10	9	8	8	8	8	9	10	11	11	11	13	13	13	13	13	13	14	14	15	14	14	13	13	13	13	13	13	12	10	9	9	10	12	14	15	15	14	14	13	13	15	16	13	18	15	21	24	22	29	26	25	26	27	28	30	30	31	31	33	33	33	32	31	30	32	33	32	33	33	33	34	34	34	33	33	33	34	35	37	38	39	39	43	42	42	41	41	42	42	43	41	39	36	33	30	28	27	27	22	21	20	20	21	23	24	24	26	26	26	26	26	27	27	28	28	26	29	24	29	25	29	27	27	27	27	26	26	27	28	28	31	28	27	29	30	29	29	31	31	31	31	32	32	32	33	33	34	34	34	33	33	34	36	37	36	36	35	34	35	36	37	38	38	36	33	49	57	70	78	77	75	75	72	72	73	72	73	72	74	73	78	72	58	45	36	40	38	38	37	36	36	37	37	37	40	37	38	38	34	43	35	41	39	38	38	37	38	39	38	38	38	39	39	39	39	39	38	37	41	40	39	39	40	40	39	38	41	40	40	40	40	40	40	40	40	39	38	38	39	39	39	39	36	37	38	40	40	39	38	37	37	37	37	36	36	36	36	36	36	36	36	36	36	36	37	37	37	33	36	38	33	35	38	34	34	34	33	33	33	32	33	33	33	33	33	33	33	33	33	33	34	35	33	36	33	36	34	35	34	34	34	34	34	34	35	35	35	35	35	34	34	35	36	36	35	35	36	35	35	35	35	36	35	35	35	35	35	35	35	35	39	35	36	34	35	37	33	34	31	32	32	31	31	33	30	26	29	28	27	27	28	28	27	27	30	31	33	35	36	35	33	31	39	39	39	39	39	40	41	41	38	39	41	42	44	45	46	46	43	40	46	50	45	44	48	46	44	37	33	34	33	27	23	25	30	28	35	50	59	60	64	71	60	61	58	50	41	34	28	23	29	29	29	30	31	32	32	31	32	31	30	29	28	29	29	29	29	28	27	28	31	31	29	27	29	29	30	29	29	28	27	26
364	50	49	49	50	51	51	51	50	52	53	52	51	49	49	49	49	52	51	50	50	50	51	51	51	50	51	51	51	50	50	51	52	50	50	50	51	51	51	51	51	52	51	50	50	51	51	50	49	50	47	50	47	47	49	46	49	50	47	50	47	47	50	47	50	49	48	50	47	51	47	49	48	48	49	47	51	48	51	48	48	48	48	48	48	48	48	48	48	47	47	47	48	48	45	41	38	34	34	40	43	52	48	48	47	46	47	48	48	48	48	48	49	48	48	48	48	48	48	48	48	50	50	51	51	50	49	48	49	53	55	55	53	54	55	53	50	51	50	50	49	49	50	50	51	52	49	51	49	52	52	48	46	45	54	57	68	73	67	74	68	66	64	61	58	55	52	51	51	45	54	48	57	42	39	30	27	31	37	43	45	46	47	46	46	44	52	53	51	41	31	33	33	32	34	37	39	40	40	40	41	42	42	42	42	41	41	42	43	38	34	33	27	32	26	30	31	28	28	28	27	24	19	14	11	11	10	9	9	10	10	9	8	8	8	8	9	10	11	11	11	13	13	13	13	14	14	14	14	16	15	14	13	13	13	13	13	12	12	11	10	11	12	13	15	15	15	16	15	15	14	15	16	13	19	15	22	25	24	31	28	31	31	31	31	30	29	28	27	30	31	32	32	32	33	35	37	36	36	36	37	38	39	40	41	43	42	41	40	39	38	37	36	36	35	33	31	30	29	29	29	29	28	27	25	24	24	24	24	22	21	20	19	20	21	22	22	26	26	26	25	26	26	27	28	28	25	28	24	29	24	28	27	27	27	26	26	27	27	27	28	28	30	29	27	28	31	32	29	31	31	31	31	32	32	32	32	34	34	34	33	33	34	35	36	35	36	36	36	36	36	36	37	35	38	34	47	56	73	80	74	74	72	73	72	72	73	72	72	74	72	78	71	58	45	36	40	37	37	36	36	37	37	37	38	41	38	39	38	33	43	34	41	39	38	37	37	38	38	38	38	38	38	38	39	40	39	38	39	37	37	37	38	39	40	40	40	39	40	40	40	40	40	40	40	40	39	38	38	38	39	39	39	35	36	38	39	40	39	38	37	38	38	38	38	38	38	38	38	37	37	37	37	36	36	36	36	38	34	37	38	33	35	37	33	34	34	33	33	32	32	32	32	34	34	34	33	33	33	33	33	35	33	36	32	36	32	35	33	35	34	34	34	34	34	34	34	35	35	34	34	34	35	35	36	36	35	35	35	35	36	35	35	36	36	36	36	35	35	35	35	34	33	37	35	35	38	35	38	35	31	27	26	27	30	36	43	47	46	45	44	43	41	39	37	37	35	32	30	30	29	29	29	32	32	32	33	33	34	35	36	35	35	36	37	37	38	38	38	41	39	44	47	41	40	42	40	37	38	32	27	29	35	33	27	34	33	38	51	67	77	80	79	63	56	44	34	29	28	29	29	29	29	30	31	32	32	31	30	31	30	29	29	29	29	30	30	30	28	27	29	31	32	30	28	29	30	30	30	29	28	27	27
365	48	47	47	47	48	49	48	47	51	52	52	50	49	50	50	50	51	50	50	50	51	51	51	50	51	51	52	51	50	50	50	51	51	51	51	51	51	51	51	51	51	50	50	50	50	51	50	50	50	47	49	47	47	49	46	49	47	46	50	49	49	50	46	47	50	47	51	48	52	47	49	48	49	50	47	51	47	51	47	48	46	46	46	46	46	46	46	46	47	46	47	49	48	44	40	39	34	34	38	41	53	48	47	47	46	47	48	48	48	48	48	48	48	48	48	48	48	48	48	48	51	50	50	51	50	48	48	50	53	56	55	52	52	54	53	49	50	50	49	49	49	49	50	50	48	50	50	51	48	49	51	54	46	54	54	59	53	52	52	52	54	53	54	56	55	53	51	51	50	54	51	51	43	33	32	30	33	38	44	45	46	46	46	46	45	53	53	51	41	31	33	33	33	34	36	39	41	40	41	42	41	42	42	42	41	41	41	42	36	34	32	29	34	29	27	29	28	27	27	26	22	16	12	11	11	10	9	9	10	10	9	8	9	9	9	10	11	11	11	11	13	13	13	14	14	14	14	14	16	15	14	13	13	13	13	13	13	12	13	13	13	14	15	15	15	15	16	16	15	15	15	15	14	17	17	22	26	27	31	29	33	32	32	31	30	29	29	28	29	31	33	35	35	35	35	35	35	35	36	38	40	41	42	43	46	45	43	42	40	39	37	36	30	29	27	25	23	21	20	20	17	18	19	18	18	18	16	15	17	17	17	18	20	22	22	23	26	26	25	25	25	26	27	27	27	25	27	26	28	25	27	27	27	26	26	27	27	27	27	28	27	31	30	26	27	33	33	28	31	31	31	31	31	31	31	31	34	34	34	34	33	33	34	35	35	36	37	36	37	36	35	35	35	38	35	46	55	74	80	73	73	71	73	71	71	74	71	72	73	72	77	70	57	44	35	39	37	36	36	37	38	37	38	39	39	38	39	40	37	40	35	37	39	37	36	37	38	37	37	38	37	37	37	39	39	38	38	39	37	37	37	38	39	39	39	39	38	39	40	41	40	40	40	40	41	40	39	39	39	39	39	38	38	38	37	37	37	37	38	39	37	37	37	37	37	37	37	37	38	37	37	37	37	36	36	36	39	37	37	37	35	35	35	33	34	34	33	33	33	32	33	33	35	34	34	33	33	33	33	33	35	33	37	31	36	31	35	32	35	34	34	34	33	33	33	33	34	34	34	34	34	35	35	35	36	35	34	35	35	36	35	35	36	36	36	36	35	35	35	35	34	34	38	35	34	37	34	36	35	32	30	29	27	29	41	55	61	62	64	66	67	67	65	64	61	60	58	55	53	50	47	45	45	44	43	41	39	38	37	36	37	37	37	36	36	36	36	36	36	30	28	28	27	28	28	24	28	28	29	30	33	41	48	53	59	66	65	59	61	70	67	57	56	48	36	28	26	29	31	32	30	30	30	31	31	31	31	30	30	30	30	29	29	30	30	30	27	29	31	31	29	28	30	32	29	29	29	29	29	28	28	28
366	52	51	50	50	52	52	51	50	47	50	50	49	49	51	52	51	50	50	49	50	50	50	50	49	50	51	52	52	51	50	50	50	51	51	51	51	50	50	50	50	49	50	50	50	50	50	50	51	49	46	49	46	47	49	47	49	47	46	50	49	49	50	46	47	49	47	50	48	52	46	48	48	50	51	47	50	47	50	47	48	49	49	49	49	49	48	48	48	46	46	47	49	48	44	41	40	34	34	37	40	55	49	46	48	48	48	49	49	49	48	48	49	49	49	49	49	49	49	49	49	51	50	49	50	50	49	50	52	55	54	53	51	51	51	51	49	49	49	49	49	49	49	49	49	45	48	52	51	53	49	54	54	61	55	48	48	50	59	51	47	47	47	48	51	52	51	50	51	50	51	51	46	42	29	35	34	35	41	45	46	46	46	46	45	47	54	53	50	40	30	33	33	34	34	36	40	41	40	41	43	40	41	42	43	42	43	43	44	36	36	29	29	32	31	24	27	27	26	25	24	19	13	10	11	11	10	9	9	10	10	9	8	10	10	9	10	11	11	11	11	13	13	14	14	15	14	14	14	14	14	14	13	13	13	14	14	14	15	16	16	17	17	16	16	15	15	15	15	14	14	15	16	14	14	19	22	26	30	29	30	30	30	30	30	30	30	31	31	33	33	35	36	37	37	36	34	36	36	37	39	39	37	35	36	32	31	30	30	29	29	28	27	26	25	24	22	20	19	19	19	19	21	21	19	18	17	16	13	11	12	13	15	19	22	24	24	26	25	25	25	25	26	27	27	26	26	25	28	26	26	25	27	26	25	25	27	28	27	27	28	27	29	29	28	29	32	32	29	30	30	30	31	31	32	32	32	32	33	33	33	33	33	34	35	35	35	36	36	37	36	36	36	36	37	33	47	56	73	79	74	73	69	73	70	71	74	70	72	73	71	76	69	56	44	35	39	37	36	36	38	39	37	38	39	38	39	38	38	40	36	40	37	39	37	36	37	38	37	37	38	38	37	38	40	40	38	37	39	40	39	38	38	38	38	38	37	38	39	41	41	40	39	39	39	41	41	40	40	40	39	38	37	39	38	37	36	36	37	38	38	36	36	36	36	36	36	36	36	37	37	37	37	37	37	37	37	37	39	37	36	37	35	34	35	34	34	34	33	33	33	33	33	34	34	33	33	33	33	33	34	34	33	34	33	34	33	34	33	34	34	33	33	33	33	34	34	34	34	34	34	35	35	34	34	35	35	34	34	35	36	35	34	36	36	36	35	35	35	35	35	36	35	38	34	34	36	32	32	32	32	33	33	34	39	48	55	66	67	68	71	74	76	77	77	78	79	80	80	79	75	71	67	60	59	57	54	51	48	45	44	44	44	43	43	42	43	43	43	47	46	43	42	45	46	46	47	40	36	39	46	49	50	57	68	78	84	82	71	61	56	47	37	33	30	26	25	27	28	27	26	30	30	30	30	31	31	30	30	31	30	30	30	30	30	29	29	27	29	31	30	28	28	30	32	29	29	29	28	28	28	28	28
367	51	49	48	48	49	50	48	47	49	51	51	48	48	49	50	49	49	49	49	50	50	50	49	48	49	51	52	52	51	51	50	50	51	51	50	50	50	50	49	49	48	50	51	51	50	49	50	52	48	46	49	46	46	49	47	50	50	47	50	47	47	50	47	50	49	46	49	47	52	45	48	47	50	51	47	50	46	50	47	49	48	47	47	47	46	46	45	45	46	45	46	48	48	44	42	42	35	34	36	40	55	49	46	49	49	50	50	50	49	49	49	49	49	49	49	49	49	49	49	49	51	49	49	50	50	49	51	54	57	52	50	51	51	48	48	51	48	49	49	50	50	49	49	48	50	47	51	47	59	50	56	49	49	51	60	53	49	54	50	55	55	53	52	53	52	50	51	53	50	52	48	47	39	29	31	32	38	42	46	47	46	46	46	45	48	55	53	50	39	29	32	33	35	35	37	40	41	39	40	43	40	41	43	44	45	45	45	46	38	38	25	27	28	30	22	28	26	25	24	22	17	11	9	10	11	10	9	9	10	10	9	8	11	10	10	10	11	11	11	11	13	13	14	14	15	15	14	14	13	13	13	13	14	14	14	14	16	17	18	19	19	18	17	16	15	15	14	13	13	13	15	16	15	12	21	21	26	33	27	31	31	31	30	29	29	29	29	30	34	33	33	34	37	40	41	41	42	41	41	42	39	33	29	28	26	25	24	23	22	21	19	18	20	20	19	18	17	17	17	17	16	17	16	13	13	15	15	14	14	13	14	16	18	21	23	24	26	25	25	25	25	26	27	27	26	26	23	30	25	28	24	27	25	24	25	28	28	27	27	28	28	27	28	30	31	31	30	31	29	29	30	31	31	32	32	33	31	32	33	33	33	34	34	35	34	35	36	35	36	36	37	38	38	35	31	49	58	71	77	76	73	68	73	70	71	75	69	72	73	71	76	69	55	43	35	39	37	36	37	39	39	37	37	39	39	40	36	35	40	33	44	39	39	36	36	37	38	37	37	38	40	39	39	41	41	39	38	39	38	37	37	38	39	40	40	40	38	40	41	41	40	39	38	39	42	41	41	41	40	40	38	37	37	38	38	38	38	37	36	36	37	37	37	37	37	38	38	38	36	37	37	37	37	37	38	38	36	40	36	34	38	36	33	37	35	34	34	33	33	33	33	33	33	33	32	32	32	33	34	34	32	34	31	36	31	36	33	35	33	33	33	33	33	34	34	34	33	34	34	35	35	35	34	34	35	34	33	34	35	35	35	34	36	36	36	35	35	35	34	34	35	33	35	33	35	39	34	32	31	30	27	29	40	53	59	57	55	52	48	44	44	45	47	49	51	51	51	53	55	57	57	58	60	60	60	59	57	56	54	53	51	50	49	48	47	47	47	47	43	53	54	54	57	57	59	67	68	69	66	61	60	62	60	54	61	57	57	59	53	41	34	35	28	27	27	29	30	31	30	30	31	30	30	30	31	31	31	30	31	31	31	31	30	29	29	28	31	28	26	27	29	31	30	28	29	29	28	28	28	28	29	29
368	46	49	51	50	51	52	49	45	49	49	48	48	49	49	50	51	49	49	49	49	49	49	49	49	50	49	49	50	50	50	50	49	51	51	50	49	49	48	49	50	50	50	50	50	51	51	51	51	48	48	48	48	48	47	47	47	46	50	47	46	50	48	45	48	48	48	47	47	47	48	48	49	48	48	48	48	48	48	48	48	47	47	48	48	47	46	45	45	44	48	46	41	46	44	49	39	34	33	36	45	50	50	48	48	49	50	50	48	48	50	49	47	51	50	49	49	49	49	48	47	52	47	50	53	52	54	56	50	48	48	45	46	50	48	45	48	50	50	50	49	49	49	49	49	50	47	48	51	52	50	51	54	51	51	52	52	52	52	52	52	51	48	53	51	49	48	46	52	46	51	45	38	35	28	27	37	41	43	49	43	48	45	49	45	50	49	54	51	37	32	35	32	32	34	37	40	41	41	41	41	40	42	43	42	43	45	45	43	38	35	35	28	28	33	28	25	24	25	23	17	13	12	12	11	10	11	12	12	11	10	10	10	9	8	9	12	12	11	10	12	13	16	9	19	10	20	14	18	17	17	17	16	15	16	16	17	20	18	18	19	21	21	18	15	14	15	15	15	14	14	14	14	14	15	19	23	27	30	31	31	27	29	30	31	31	31	31	32	34	34	34	34	35	36	36	36	36	34	32	30	28	26	25	24	23	24	16	26	20	19	19	22	16	19	18	15	16	19	19	15	20	20	19	17	15	14	13	13	15	19	23	25	26	26	25	23	24	23	25	28	28	25	24	25	27	26	25	24	24	25	26	27	24	26	27	26	26	28	28	26	28	28	27	26	26	27	28	29	30	30	31	31	31	31	31	31	31	31	32	33	34	35	35	36	34	39	35	36	30	38	36	37	35	37	34	49	55	76	75	76	75	72	71	71	71	70	70	72	74	71	73	68	59	44	32	38	36	37	34	40	35	39	36	39	38	38	38	38	38	38	38	38	37	37	37	37	37	37	37	36	38	38	38	37	38	38	39	40	38	41	38	38	43	39	34	40	40	39	39	38	38	38	40	41	39	39	39	39	39	39	39	39	39	39	38	37	36	35	36	37	38	36	36	38	38	36	36	38	39	41	40	37	36	37	38	37	34	35	37	37	36	35	35	35	36	35	34	33	34	34	34	34	34	32	32	33	33	32	31	32	32	33	33	33	32	32	32	33	33	31	35	30	36	31	35	33	34	34	34	34	34	35	36	36	34	34	34	34	34	35	35	35	34	34	34	34	34	34	34	34	36	33	31	33	33	31	31	33	35	36	34	32	38	48	55	56	50	45	41	37	34	29	27	27	31	32	34	36	38	41	44	46	51	52	53	56	58	60	62	63	60	61	62	63	63	61	60	59	58	57	55	55	58	62	66	68	77	79	82	84	82	76	68	62	48	45	40	37	36	34	32	30	29	29	29	29	30	30	30	29	28	29	30	30	30	30	30	30	29	28	28	28	28	28	28	28	28	28	28	28	28	28	28	28	26	27	27	28	28	27	27	26
369	49	50	49	48	48	50	50	48	49	49	49	49	49	49	49	50	49	49	49	50	50	49	49	49	50	49	49	50	50	50	50	49	49	49	49	49	48	48	48	49	49	49	50	50	50	50	50	50	47	47	47	47	47	47	47	47	47	48	47	47	49	48	46	48	48	48	48	47	47	47	47	47	47	47	47	47	47	47	47	47	47	47	47	47	47	47	46	46	48	49	49	47	51	43	44	37	35	32	34	42	48	49	49	50	49	50	49	47	48	49	49	47	49	49	48	48	49	49	49	48	46	46	51	56	56	55	53	48	49	49	47	48	51	49	47	50	49	49	49	49	49	49	49	48	48	49	49	49	50	52	53	53	51	51	52	52	52	51	51	51	54	48	49	49	51	52	47	49	48	50	42	33	34	34	32	34	41	44	47	45	47	46	48	46	49	48	52	49	37	32	35	32	34	36	38	40	41	41	41	41	41	43	44	43	43	45	45	43	38	33	33	27	27	30	25	24	25	25	22	16	12	11	11	11	10	11	11	11	11	10	11	11	9	9	10	12	13	12	12	13	14	16	13	17	15	19	17	18	19	19	20	21	21	22	23	24	22	21	20	22	23	23	20	17	14	14	14	13	12	12	13	13	13	15	19	24	28	30	31	30	28	29	30	31	31	30	31	31	32	33	33	33	32	29	26	24	24	23	22	22	22	23	23	23	20	19	17	21	22	15	19	19	17	16	16	17	18	18	18	19	19	19	18	16	13	12	12	13	18	23	27	29	30	30	29	27	24	23	25	27	27	25	24	25	24	25	26	27	27	26	25	24	24	26	26	25	26	27	27	26	27	27	26	26	27	28	29	29	29	30	31	31	31	31	31	31	31	31	32	32	33	34	35	35	34	34	36	37	36	34	34	35	35	37	33	49	56	77	76	76	74	71	70	71	71	71	71	72	74	71	73	68	58	44	32	38	37	40	38	37	34	38	36	34	37	37	37	37	37	37	37	37	36	36	36	36	36	35	35	35	38	38	38	38	38	38	39	39	38	40	37	38	42	39	35	41	39	39	38	38	37	38	39	40	39	39	39	39	39	39	39	39	38	38	38	37	36	36	37	37	38	36	36	38	38	36	36	38	37	39	39	37	36	37	37	36	37	37	36	35	34	34	35	36	36	35	34	34	34	34	34	33	34	32	31	32	33	32	31	32	32	33	33	33	32	32	32	33	33	31	34	30	35	31	35	33	34	34	34	34	34	34	34	34	35	35	35	34	34	34	34	34	34	34	34	34	34	34	34	34	37	35	34	35	35	34	34	35	32	31	32	34	37	39	40	42	45	42	39	38	37	35	34	35	33	33	34	34	35	36	38	39	42	43	46	49	53	56	59	60	66	66	67	67	67	66	65	64	63	63	62	61	60	57	53	51	47	47	47	47	47	46	44	42	39	36	31	26	24	24	27	29	29	28	28	29	30	30	29	29	29	30	30	30	30	30	30	30	29	29	29	29	28	28	28	27	28	28	28	28	28	28	27	27	27	27	28	28	28	28	27	27
370	50	50	49	47	48	50	50	49	49	49	49	49	49	49	49	48	49	49	50	50	50	50	49	49	50	49	49	50	50	50	50	49	49	50	50	50	50	50	50	50	49	49	49	49	49	49	50	50	47	47	47	46	46	46	46	46	48	46	47	48	46	47	48	47	48	48	48	47	47	46	46	46	47	47	47	47	47	47	47	47	45	46	46	46	46	47	47	47	44	43	44	46	51	40	42	37	34	31	33	41	48	49	49	50	48	49	48	47	47	48	48	46	49	48	47	47	48	49	49	49	51	53	52	51	52	50	48	48	47	48	47	47	49	47	45	49	49	48	48	48	48	48	48	48	47	51	51	48	48	53	54	51	51	51	52	51	51	51	50	50	53	47	49	48	50	52	47	49	47	49	40	30	31	36	36	35	41	45	45	47	45	48	47	48	49	48	49	46	36	33	34	33	36	37	39	40	41	41	41	41	43	44	44	43	43	45	45	44	41	34	33	29	29	29	24	26	25	23	19	14	11	11	11	9	7	8	8	8	8	8	9	10	10	10	11	13	15	14	15	16	17	17	19	17	21	19	21	20	19	19	20	20	20	20	20	20	21	20	20	22	23	22	18	15	16	16	15	14	13	13	14	14	13	16	20	25	28	30	30	30	29	29	30	30	29	29	29	30	27	27	28	28	27	25	22	21	25	23	21	19	17	16	15	14	17	15	17	16	22	12	19	16	18	15	15	20	21	19	19	22	21	20	18	16	14	13	14	15	17	22	26	28	29	29	27	25	25	24	25	26	26	25	24	25	24	25	26	26	26	26	25	24	25	26	26	25	25	26	26	26	26	26	26	27	27	28	29	29	29	30	31	31	31	31	31	31	31	31	32	32	33	33	34	34	36	31	37	35	40	30	34	35	36	35	32	48	58	78	77	76	72	70	70	71	71	71	71	72	73	71	73	67	58	44	32	38	34	37	39	33	35	38	39	34	37	37	36	36	36	36	37	37	37	37	37	37	37	37	37	37	38	38	38	39	38	38	38	38	37	39	37	37	40	38	37	40	37	38	38	38	38	38	38	39	39	39	39	39	39	39	39	39	37	37	37	37	37	36	37	38	38	37	37	38	38	37	37	38	35	37	39	38	37	37	37	36	38	37	36	35	35	35	35	34	35	35	34	34	35	35	34	33	35	33	31	32	33	32	32	33	32	32	33	33	32	32	32	33	32	31	34	31	34	32	34	33	33	34	34	34	33	33	33	33	35	35	35	35	34	34	34	34	34	34	34	34	34	34	34	34	34	34	34	33	33	35	35	33	34	31	32	37	38	34	32	34	33	31	31	32	32	32	32	33	33	33	33	32	31	31	31	32	38	38	39	41	42	44	45	45	44	45	46	48	49	50	51	51	54	55	56	56	54	49	44	40	39	36	33	31	30	31	32	32	32	33	33	31	29	28	29	31	29	29	28	29	29	30	29	29	31	31	30	30	30	30	30	30	30	30	29	29	28	28	27	27	28	28	28	28	28	28	28	28	27	27	28	28	28	28	27	27
371	48	48	49	49	50	50	48	47	48	49	49	50	50	49	49	48	49	49	50	51	51	50	49	49	50	49	49	50	50	50	50	49	49	50	51	52	51	51	51	51	49	49	49	49	49	49	49	49	46	46	46	46	46	46	46	46	49	45	47	48	44	46	50	46	46	47	47	47	47	46	46	45	46	46	46	46	46	46	46	46	45	45	45	45	45	46	47	47	46	46	45	45	51	44	48	43	31	30	34	44	50	49	47	47	48	48	47	47	47	48	47	46	49	48	47	47	47	48	49	48	54	57	52	48	50	47	44	49	45	48	47	46	47	45	45	48	48	48	48	48	48	48	48	48	49	50	50	48	49	52	53	52	51	51	52	52	51	51	51	51	49	48	53	50	48	49	47	52	46	47	41	32	29	32	37	41	42	46	44	48	43	48	47	50	50	49	47	43	37	34	34	34	37	38	40	41	41	41	42	43	43	43	43	43	43	45	45	46	42	33	32	30	30	28	23	27	24	21	15	12	11	11	10	9	14	14	14	14	14	14	16	17	13	13	14	16	17	18	19	20	20	20	23	21	23	21	22	22	22	23	24	23	22	21	21	21	25	24	25	25	26	25	21	18	16	15	15	13	13	13	14	15	15	18	23	27	29	30	30	30	29	29	29	28	27	27	27	28	24	23	23	22	22	22	23	23	20	19	18	18	18	19	19	19	15	15	15	17	20	13	18	15	19	17	17	20	22	21	21	23	22	20	18	15	14	13	15	16	20	25	29	31	32	32	30	27	25	25	25	25	25	25	25	25	26	25	25	24	24	25	25	26	25	25	25	24	24	25	25	25	25	25	26	27	28	28	28	28	28	29	30	31	31	31	31	32	31	31	32	32	32	32	33	33	38	34	36	34	35	31	34	36	36	34	31	47	61	79	78	76	72	70	69	71	71	70	70	70	72	70	72	66	57	44	33	38	33	34	39	32	38	36	39	35	38	37	36	36	36	36	37	38	38	38	38	38	38	38	38	38	37	38	38	38	38	37	37	36	38	38	37	37	38	37	37	39	37	38	39	39	39	38	38	39	38	38	38	38	38	38	38	38	37	38	38	38	38	37	37	37	38	38	38	38	38	38	38	38	37	38	39	38	37	37	37	36	36	36	36	37	38	37	34	32	35	35	35	35	35	35	34	33	35	33	31	32	33	32	32	33	32	32	33	32	32	31	32	32	32	31	32	32	33	32	33	33	33	33	34	34	34	33	33	32	35	35	35	35	34	34	34	34	34	34	34	34	34	34	35	35	32	34	33	31	31	34	33	30	37	34	33	35	36	34	34	35	34	33	32	33	33	32	32	31	30	31	31	30	29	29	29	29	29	29	28	27	26	25	25	25	28	28	29	31	33	34	36	36	37	38	39	40	41	40	38	36	37	36	34	32	30	30	29	29	28	30	32	33	32	30	29	29	30	30	29	29	30	30	30	30	32	31	31	30	30	30	30	31	30	30	29	29	29	28	28	28	28	28	28	28	28	29	29	29	28	28	28	28	28	28	28	28
372	48	48	48	49	50	49	48	47	47	48	49	49	50	50	49	49	49	49	50	50	50	50	49	49	50	49	49	50	50	50	50	49	48	49	50	50	50	50	50	50	50	50	50	50	50	50	50	50	47	47	47	47	47	47	47	47	49	45	47	48	44	46	49	46	45	46	46	47	47	47	46	46	46	46	46	46	46	46	46	46	45	45	44	44	44	45	45	46	46	49	48	43	47	44	48	39	30	30	34	44	50	49	47	46	48	47	47	47	47	47	46	46	48	47	47	47	48	49	49	49	45	51	50	50	53	49	44	47	45	49	48	47	48	47	46	49	47	47	47	47	48	48	48	48	51	49	49	51	51	50	51	53	51	51	52	52	52	52	52	52	48	48	53	49	47	49	47	51	48	42	38	35	30	30	37	43	43	46	44	48	43	48	47	52	53	51	46	40	37	35	34	35	37	38	40	41	42	42	43	44	43	43	43	43	44	44	45	46	41	30	29	28	27	25	20	26	23	19	14	12	12	12	12	11	10	10	11	10	10	11	12	13	17	17	18	19	20	21	22	22	21	23	22	24	21	22	21	22	20	21	22	23	23	23	23	24	23	23	23	24	24	22	20	17	13	13	12	12	11	12	14	15	18	21	25	28	29	30	30	30	29	29	28	27	25	24	24	24	24	23	21	20	20	19	19	19	17	16	16	16	16	16	17	17	14	17	13	21	19	19	20	19	20	21	21	19	20	23	22	20	19	18	15	13	11	12	14	15	20	24	29	30	31	31	29	26	25	25	25	25	24	25	25	25	26	25	24	24	24	24	25	26	25	25	24	24	24	24	25	25	25	26	27	27	28	27	27	26	28	29	30	30	30	30	31	32	31	31	31	32	32	32	32	32	36	39	36	36	31	36	35	36	37	32	32	47	63	78	79	76	72	70	69	70	71	69	68	69	71	70	72	64	55	44	33	37	38	34	38	36	40	32	35	34	38	37	37	36	36	37	37	38	36	36	36	37	37	37	37	37	37	37	37	37	37	36	36	35	38	37	38	37	36	37	38	37	37	38	40	40	39	39	39	39	38	38	38	38	38	38	38	38	39	39	40	39	38	37	37	37	37	38	38	37	37	38	38	37	39	39	39	38	37	36	36	38	35	35	35	37	38	37	35	33	35	35	35	35	35	35	34	33	35	33	32	33	33	32	32	33	31	32	32	32	31	31	32	32	31	32	31	33	32	33	32	33	33	33	34	34	34	34	34	33	34	34	34	34	34	34	34	34	33	33	34	34	34	35	35	35	34	36	35	32	32	35	34	31	34	34	33	30	31	34	35	34	36	36	35	34	34	34	33	31	29	30	30	30	29	29	29	30	33	33	33	33	33	33	33	33	31	31	30	30	30	30	30	30	30	30	29	30	31	32	32	32	31	32	32	33	32	32	31	31	33	31	29	29	30	31	32	32	32	31	30	30	31	31	31	31	32	31	31	30	30	30	30	31	29	29	29	29	29	29	29	29	28	28	28	29	29	29	30	30	28	28	28	28	28	28	28	28
373	50	48	47	48	48	48	48	49	47	48	48	49	49	49	50	50	49	49	49	49	49	49	49	49	50	49	49	50	50	50	50	49	49	49	50	50	50	49	50	50	50	50	50	50	50	50	50	50	46	46	46	47	47	47	47	47	47	46	47	47	45	46	48	46	45	46	46	47	47	47	47	47	46	46	46	46	46	46	46	46	46	46	45	45	45	45	45	45	42	47	48	43	47	45	48	36	31	29	32	41	47	48	48	48	49	47	46	47	48	47	46	46	47	46	47	48	49	50	50	50	47	49	47	47	48	47	45	46	45	48	47	45	47	47	45	47	47	47	47	47	48	48	48	48	51	48	48	52	52	49	49	53	51	51	52	52	53	53	53	52	50	47	49	46	49	53	48	48	51	37	32	35	34	35	38	40	43	45	45	47	44	46	49	54	54	53	44	38	37	35	33	36	36	38	40	42	43	43	43	44	43	42	42	44	44	44	44	46	40	30	29	27	26	25	21	25	22	18	14	14	15	15	15	15	19	20	20	20	20	20	20	21	20	21	21	21	22	23	24	24	21	23	22	24	20	21	20	22	20	21	21	22	21	21	21	22	20	20	21	21	21	20	18	16	14	14	14	14	14	15	16	18	21	23	26	28	28	28	29	31	28	28	28	26	24	22	21	21	19	19	20	19	19	18	16	15	20	18	17	15	14	13	13	12	14	19	13	23	19	23	22	23	20	23	22	19	19	22	21	17	17	16	15	13	12	12	14	16	17	21	25	26	26	26	25	22	24	25	25	24	24	25	25	24	23	24	25	26	26	25	24	23	25	24	24	25	25	24	25	26	25	26	26	27	27	27	26	26	27	28	29	30	30	30	31	32	31	31	32	32	32	32	33	33	32	39	36	39	31	39	35	33	37	32	33	47	65	77	79	77	72	70	69	70	70	68	68	69	70	70	71	63	54	44	33	37	38	33	35	38	40	33	34	37	37	37	37	36	36	37	37	37	37	37	37	37	37	37	38	38	36	36	37	37	37	36	36	36	39	37	38	38	35	37	39	35	38	39	40	40	40	39	39	39	38	38	38	38	38	38	38	38	39	40	40	39	38	37	37	37	37	38	38	37	37	38	38	37	41	40	39	38	37	36	36	38	37	36	35	34	35	36	36	37	36	35	35	35	35	35	34	33	34	33	32	33	34	32	32	32	31	32	32	32	31	31	31	32	31	32	30	33	30	34	32	33	33	33	33	34	34	34	34	34	33	33	33	33	34	34	34	34	33	33	33	34	34	35	35	35	35	35	35	34	34	34	33	31	31	33	33	29	30	34	34	30	31	32	32	31	32	33	32	31	31	32	32	32	31	30	30	30	29	30	30	31	32	33	33	33	33	33	32	32	31	31	31	31	31	30	31	31	32	33	32	31	33	34	34	34	34	34	35	35	35	34	32	33	34	35	34	32	33	32	31	31	32	32	32	32	31	31	30	30	30	30	30	30	29	29	29	29	30	30	30	30	28	28	29	29	29	30	30	30	29	28	28	28	28	28	28	29
374	49	47	47	48	49	48	47	48	48	48	48	48	48	49	49	49	50	49	48	48	48	48	49	50	50	49	49	50	50	50	50	49	50	51	51	50	50	50	50	51	50	50	50	50	49	49	49	49	46	46	46	46	46	46	46	46	45	47	46	46	47	47	45	47	46	46	46	46	47	47	47	48	47	47	47	47	47	47	47	47	47	47	47	47	47	46	46	46	45	48	48	46	51	46	50	42	27	26	30	39	46	48	48	48	49	47	46	48	48	47	46	47	48	48	48	49	50	50	49	48	52	47	45	43	42	44	46	45	44	47	45	43	46	47	45	45	47	47	47	48	48	48	49	49	49	49	50	51	52	51	50	50	51	51	52	52	52	52	52	51	49	47	49	46	48	53	49	48	47	35	32	35	35	38	41	38	44	44	46	45	46	44	50	55	54	52	42	35	37	36	33	37	37	38	41	42	43	43	42	42	44	43	43	44	44	43	42	44	39	31	29	26	25	26	22	25	21	18	16	17	18	18	19	21	21	21	22	22	21	21	21	22	23	24	23	22	22	24	24	23	22	22	25	22	23	20	24	24	26	26	26	25	24	23	23	23	25	24	24	24	24	23	23	22	18	19	19	19	19	19	20	21	23	25	26	26	26	26	28	30	27	27	27	25	22	20	18	18	16	16	17	17	18	17	16	16	14	14	14	15	17	19	20	20	18	21	17	21	21	21	23	22	21	21	20	19	18	19	17	16	16	15	14	13	12	13	16	17	20	23	26	27	27	28	27	25	24	26	26	24	24	25	25	23	23	24	25	25	25	25	24	23	24	23	24	26	26	25	25	26	25	25	26	26	27	27	27	27	27	28	29	30	30	30	31	32	31	31	32	32	33	33	33	34	33	35	36	37	35	36	35	34	37	32	34	47	66	76	79	77	72	69	68	69	69	68	68	69	69	69	71	62	54	44	33	37	35	34	34	40	38	38	36	38	36	36	36	36	36	36	36	36	38	38	38	39	39	39	39	39	37	37	37	37	37	37	37	38	38	36	39	39	35	38	40	35	38	38	39	39	39	39	39	39	39	39	39	39	39	39	39	39	39	39	38	38	37	36	37	38	36	37	37	36	36	37	37	36	39	38	38	39	38	36	36	38	38	37	36	34	33	34	36	37	36	35	35	34	35	35	34	34	34	32	33	34	35	33	31	32	31	31	32	32	31	31	31	32	31	32	29	34	30	34	31	33	33	33	33	33	33	33	33	33	33	33	33	33	33	33	33	33	33	33	33	34	34	35	35	36	34	33	32	34	34	32	31	31	32	32	33	33	33	33	32	30	33	34	34	33	34	36	36	35	32	33	34	34	33	32	31	31	33	34	34	34	34	34	34	34	34	34	34	35	35	36	36	36	32	32	33	34	35	35	34	33	34	34	34	33	31	31	32	32	30	31	33	34	35	33	30	28	34	33	31	31	31	32	32	32	29	30	30	30	30	30	30	30	29	29	29	30	30	30	30	30	30	30	30	30	29	29	29	29	29	29	28	28	28	28	29	29
375	47	46	47	51	51	48	46	46	49	49	48	48	48	48	49	49	50	49	48	47	47	48	49	50	50	49	49	50	50	50	50	49	50	50	49	48	48	47	48	49	49	49	49	49	49	49	48	48	45	45	45	45	45	46	46	46	44	48	46	45	49	47	43	47	48	47	47	46	46	47	47	48	47	47	47	47	47	47	47	47	47	47	48	48	48	48	47	47	47	44	41	39	43	34	39	36	23	23	29	40	48	48	47	46	49	47	46	48	48	47	46	47	51	50	50	50	50	48	46	44	46	41	43	46	44	47	48	42	46	48	46	44	47	49	46	45	47	47	47	48	48	49	49	49	47	51	52	50	50	53	52	48	51	51	52	52	51	51	50	50	46	47	52	48	46	50	48	51	40	35	37	36	32	37	43	39	45	43	47	43	47	42	51	56	53	51	40	33	37	36	33	38	37	39	41	43	43	42	42	41	45	43	43	45	44	42	41	42	36	29	27	23	23	25	21	23	21	19	18	20	21	21	22	25	24	25	25	26	25	24	24	24	24	25	24	22	22	24	24	23	24	22	30	20	29	19	29	27	21	21	21	21	21	21	22	23	21	21	20	20	20	20	20	19	20	20	21	21	20	20	21	21	24	25	26	25	24	24	27	30	27	27	26	25	22	19	17	16	20	18	17	15	15	15	16	16	18	17	16	16	16	17	18	18	22	23	22	19	23	16	23	18	22	18	17	19	19	15	14	16	13	13	12	11	11	12	14	16	18	21	23	24	24	24	24	22	24	26	26	24	24	25	25	23	25	25	24	23	23	24	25	25	24	23	24	26	27	25	25	27	24	25	25	26	26	27	27	28	26	27	29	30	30	30	31	32	31	31	32	32	33	33	34	34	37	32	35	33	37	30	35	38	37	32	35	47	66	75	79	77	71	69	67	68	68	68	69	70	69	69	71	62	53	44	33	37	35	39	36	40	35	40	35	34	35	35	36	36	36	36	35	35	37	37	37	37	37	38	38	38	38	37	37	37	37	38	39	39	37	35	39	40	35	39	42	35	37	38	39	38	38	38	38	39	39	39	39	39	39	39	39	39	38	37	37	36	36	36	37	38	35	37	37	35	35	37	37	35	37	36	37	39	38	36	35	37	36	37	37	36	35	34	34	35	37	36	34	34	34	35	35	34	33	32	33	35	35	33	31	31	31	31	32	31	31	31	31	32	30	32	29	34	29	34	31	33	34	33	33	32	31	31	32	32	33	33	33	32	32	32	32	32	32	33	33	34	34	35	36	36	34	31	32	35	35	32	31	33	34	31	30	34	34	31	30	33	33	34	34	32	33	35	35	33	32	33	34	34	34	33	33	33	33	33	33	33	33	33	33	33	34	34	34	34	34	33	33	32	35	34	33	33	33	33	33	32	32	33	35	35	34	33	33	33	35	36	35	34	32	32	34	36	34	33	31	31	31	32	32	32	28	29	30	30	30	30	30	30	30	30	30	30	30	29	29	29	31	31	30	30	29	29	29	28	29	29	28	28	28	28	29	29
